ID;Genero;Casado;Edad;Graduado;Profesion;Experiencia laboral;Gastoscore;Family_Size;anno_nacimiento;Generacion;Ingresos anuales brutos;Provincia;Digital_encuesta;Gasto_medio_mensual_cuota;Abandono;Dias_cliente;Campanna_anno
CLI2;M;No;24;No;Funcionario;<10annos;Bajo;4;2000;Generacion Z;13945;Malaga;1,029;30;0;278;
CLI3;F;Si;42;Si;Ingeniero;+20annos;Medio;3;1982;Millennials;118107;Salamanca;1,79;30;0;455;3
CLI4;F;Si;74;Si;Ingeniero;+20annos;Bajo;1;1950;Generacion X;53533;Burgos;1,326;50;0;380;1
CLI5;M;Si;74;Si;Servicios;+20annos;Alto;2;1950;Generacion X;82273;Gerona;0,779;50;1;387;3
CLI6;F;Si;44;Si;Otros;+20annos;Alto;6;1980;Generacion X;90776;ivila;1,767;30;1;299;
CLI7;M;Si;62;No;Artista;+20annos;Medio;2;1962;Generacion X;54280;Orense;1,15;30;0;278;
CLI8;M;No;35;Si;Funcionario;10-20annos;Bajo;3;1989;Millennials;20885;Almeri­a;0,916;30;0;234;
CLI9;F;No;36;Si;Funcionario;10-20annos;Bajo;3;1988;Millennials;27840;LLeida;1,56;30;0;540;1
CLI10;F;Si;67;Si;Ingeniero;+20annos;Bajo;3;1957;Generacion X;93442;Segovia;1,385;80;1;195;
CLI11;F;Si;61;Si;Artista;+20annos;Medio;4;1963;Generacion X;96524;Castellon;1,385;80;0;483;3
CLI12;F;No;29;Si;Ingeniero;<10annos;Bajo;3;1995;Millennials;20504;Ciudad Real;2,72;30;0;446;3
CLI13;M;No;21;No;Funcionario;<10annos;Bajo;4;2003;Generacion Z;20827;Zamora;2,202;30;1;319;0,5
CLI14;F;No;21;No;Ejecutivo;<10annos;Bajo;1;2003;Generacion Z;13798;Madrid;1,374;30;0;96;
CLI15;M;Si;77;No;Servicios;+20annos;Bajo;1;1947;Generacion X;45283;Soria;1,228;30;0;437;3
CLI16;F;Si;64;No;Medico;+20annos;Bajo;1;1960;Generacion X;124152;Ciudad Real;0,779;120;0;375;3
CLI17;F;No;45;No;Funcionario;+20annos;Bajo;2;1979;Generacion X;46553;Gerona;0,801;30;0;409;3
CLI18;F;No;35;No;Construccion;10-20annos;Bajo;5;1989;Millennials;30513;Zaragoza;1,767;30;0;328;0,5
CLI19;M;No;34;No;Funcionario;10-20annos;Bajo;6;1990;Millennials;31841;Jaen;1,606;30;1;223;
CLI20;M;Si;64;Si;Otros;+20annos;Medio;4;1960;Generacion X;67505;Almeri­a;0,72;80;0;118;
CLI21;F;Si;87;Si;Artista;+20annos;Alto;1;1937;Generacion Silenciosa;114299;Leon;0,759;50;0;156;
CLI22;M;Si;54;Si;Construccion;+20annos;Bajo;1;1970;Generacion X;123974;Ceuta;0,622;50;0;51;
CLI23;F;No;20;No;Funcionario;<10annos;Bajo;4;2004;Generacion Z;21211;Toledo;2,651;30;0;216;
CLI24;M;Si;36;Si;Artista;10-20annos;Bajo;2;1988;Millennials;24060;Las Palmas;0,916;30;0;355;0,5
CLI25;F;No;40;Si;Artista;10-20annos;Bajo;2;1984;Millennials;32294;Albacete;1,077;30;1;135;
CLI26;F;;64;No;Ejecutivo;+20annos;Medio;3;1960;Generacion X;62196;Vizcaya;0,876;30;0;223;
CLI27;M;Si;62;No;Artista;+20annos;Medio;3;1962;Generacion X;126060;Ciudad Real;1,737;200;1;295;
CLI28;M;No;34;No;Funcionario;10-20annos;Bajo;8;1990;Millennials;18106;Huelva;1,974;30;0;490;3
CLI29;M;Si;54;Si;Artista;+20annos;Medio;3;1970;Generacion X;32830;ivila;0,72;30;0;190;
CLI30;M;No;39;Si;Artista;10-20annos;Bajo;1;1985;Millennials;29902;Guadalajara;1,008;30;0;38;
CLI31;F;No;39;No;Artista;10-20annos;Bajo;4;1985;Millennials;28830;Granada;1,146;30;1;373;3
CLI32;F;Si;50;Si;Artista;+20annos;Bajo;3;1974;Generacion X;109666;La Rioja;1,17;80;0;416;3
CLI33;F;Si;46;No;Medico;+20annos;Bajo;2;1978;Generacion X;58123;Alicante;0,72;30;0;421;3
CLI34;M;No;21;No;Funcionario;<10annos;Bajo;3;2003;Generacion Z;16852;LLeida;1,512;30;1;168;
CLI35;M;No;29;No;Construccion;<10annos;Bajo;1;1995;Millennials;28710;ilava;2,823;30;0;219;
CLI36;F;Si;91;No;Servicios;+20annos;Alto;2;1933;Generacion Silenciosa;82612;Leon;1,091;120;0;337;0,5
CLI37;F;No;30;Si;Funcionario;<10annos;Bajo;4;1994;Millennials;21099;Badajoz;1,261;30;0;152;
CLI38;M;No;35;No;Medico;10-20annos;Bajo;1;1989;Millennials;21460;Zaragoza;1,537;30;0;240;
CLI39;F;Si;31;No;Funcionario;<10annos;Medio;5;1993;Millennials;23394;Alicante;1,054;30;0;325;0,5
CLI40;F;Si;31;Si;Artista;<10annos;Bajo;2;1993;Millennials;22565;Sevilla;0,87;30;0;520;4
CLI41;M;Si;62;Si;Artista;+20annos;Medio;2;1962;Generacion X;49475;Burgos;1,6;50;0;493;3
CLI42;F;No;52;Si;Artista;+20annos;Bajo;1;1972;Generacion X;63940;Salamanca;0,798;50;0;33;
CLI43;F;No;24;No;Funcionario;<10annos;Bajo;2;2000;Generacion Z;17510;Teruel;2,996;30;1;337;0,5
CLI44;F;No;30;Si;Artista;<10annos;Bajo;3;1994;Millennials;22608;Gerona;1,261;30;0;40;
CLI45;F;Si;54;Si;Artista;+20annos;Bajo;2;1970;Generacion X;53294;Toledo;0,896;50;1;389;3
CLI46;M;Si;44;No;Ingeniero;+20annos;Bajo;1;1980;Generacion X;25196;Caceres;1,629;30;1;265;
CLI47;F;Si;87;No;Servicios;+20annos;Alto;2;1937;Generacion Silenciosa;48021;Zaragoza;1,385;30;0;223;
CLI48;M;Si;45;Si;Artista;+20annos;Medio;4;1979;Generacion X;64917;Guadalajara;1,698;30;1;187;
CLI49;F;No;32;Si;Funcionario;10-20annos;Bajo;1;1992;Millennials;22818;Toledo;0,801;30;1;305;0,5
CLI50;M;No;21;No;Funcionario;<10annos;Bajo;4;2003;Generacion Z;19656;Albacete;2,306;30;0;249;
CLI51;F;No;50;Si;Ingeniero;+20annos;Bajo;1;1974;Generacion X;26612;La Rioja;1,17;30;0;395;3
CLI52;F;Si;67;No;Artista;+20annos;Medio;2;1957;Generacion X;107377;Alicante;1,561;120;1;152;
CLI53;F;Si;40;Si;Artista;10-20annos;Medio;2;1984;Millennials;83364;ivila;1,56;50;0;337;0,5
CLI54;M;Si;44;Si;Artista;+20annos;Bajo;1;1980;Generacion X;59461;ivila;1,79;50;1;330;0,5
CLI55;F;Si;63;Si;Otros;+20annos;Medio;2;1961;Generacion X;90571;La Corui±a;0,974;50;0;128;
CLI56;M;Si;84;No;Negocios/empresa;+20annos;Bajo;1;1940;Generacion Silenciosa;87489;Toledo;1,385;120;0;550;4
CLI57;M;Si;35;Si;Artista;10-20annos;Medio;2;1989;Millennials;19307;Zamora;1,514;30;0;462;3
CLI58;M;No;28;Si;Funcionario;<10annos;Bajo;4;1996;Millennials;27496;Huelva;2,237;30;0;401;3
CLI59;M;No;35;;Medico;10-20annos;Bajo;2;1989;Millennials;20048;Madrid;0,916;30;0;186;
CLI60;F;Si;50;Si;Artista;+20annos;Medio;3;1974;Generacion X;73150;Segovia;0,74;80;0;523;4
CLI61;M;Si;79;Si;Servicios;+20annos;Bajo;1;1945;Generacion Silenciosa;77468;Segovia;1,58;50;0;579;1
CLI62;M;Si;53;Si;Artista;+20annos;Medio;2;1971;Generacion X;22901;Burgos;0,72;30;0;65;
CLI63;M;Si;61;Si;Artista;+20annos;Medio;2;1963;Generacion X;56381;Burgos;0,583;50;0;296;
CLI64;M;Si;81;Si;Servicios;+20annos;Alto;3;1943;Generacion Silenciosa;31295;Pontevedra;0,818;30;1;170;
CLI65;M;Si;62;Si;Servicios;+20annos;Alto;2;1962;Generacion X;102447;Guadalajara;1,404;50;0;571;1
CLI66;M;Si;65;Si;Servicios;+20annos;Alto;2;1959;Generacion X;76260;Badajoz;1,502;50;0;215;
CLI67;M;No;28;Si;Otros;<10annos;Bajo;2;1996;Millennials;25833;Vizcaya;2,168;30;0;372;3
CLI68;M;Si;34;Si;Medico;10-20annos;Medio;2;1990;Millennials;26168;Sevilla;0,939;30;0;594;4
CLI69;M;No;30;No;Artista;<10annos;Bajo;4;1994;Millennials;27182;Guadalajara;1,583;30;0;186;
CLI70;M;Si;63;Si;Artista;+20annos;Medio;4;1961;Generacion X;42360;Huelva;1,033;30;0;35;
CLI71;F;Si;43;Si;Construccion;+20annos;Alto;2;1981;Millennials;86946;Salamanca;0,824;50;0;198;
CLI72;M;Si;30;Si;Funcionario;<10annos;Bajo;2;1994;Millennials;21017;Alicante;1,813;30;0;451;3
CLI73;F;Si;56;Si;Otros;+20annos;Medio;2;1968;Generacion X;125882;Leon;0,661;50;1;327;0,5
CLI74;F;Si;52;No;Artista;+20annos;Medio;5;1972;Generacion X;47137;Burgos;0,837;30;0;372;3
CLI75;F;No;36;No;Funcionario;10-20annos;Bajo;4;1988;Millennials;22495;Ciudad Real;2,02;30;0;215;
CLI76;M;Si;62;Si;Artista;+20annos;Medio;4;1962;Generacion X;59420;Teruel;1,326;80;0;223;
CLI77;F;No;36;No;Construccion;10-20annos;Bajo;3;1988;Millennials;24846;LLeida;0,732;30;0;145;
CLI78;F;No;40;Si;Medico;10-20annos;Bajo;2;1984;Millennials;103438;Soria;1,721;50;1;249;
CLI79;M;Si;56;No;Artista;+20annos;Bajo;3;1968;Generacion X;28702;Granada;1,17;30;1;391;3
CLI80;M;Si;50;Si;Ingeniero;+20annos;Medio;2;1974;Generacion X;72025;Alicante;0,622;50;0;47;
CLI81;F;No;54;Si;Servicios;+20annos;Bajo;1;1970;Generacion X;40072;Cadiz;1,248;50;0;311;0,5
CLI82;M;No;33;No;Funcionario;10-20annos;Bajo;4;1991;Millennials;19080;Ceuta;1,813;30;0;340;0,5
CLI83;F;No;29;No;Funcionario;<10annos;Bajo;3;1995;Millennials;23048;Badajoz;2,72;30;1;220;
CLI84;M;Si;69;Si;Artista;+20annos;Bajo;1;1955;Generacion X;47386;La Corui±a;0,72;50;0;549;4
CLI85;M;Si;39;No;Otros;10-20annos;Medio;4;1985;Millennials;23456;Caceres;1,261;30;0;512;4
CLI86;F;No;21;No;Negocios/empresa;<10annos;Bajo;3;2003;Generacion Z;14401;La Corui±a;1,754;30;0;144;
CLI87;M;No;35;No;Funcionario;10-20annos;Bajo;5;1989;Millennials;30889;Barcelona;1,905;30;0;314;0,5
CLI88;M;Si;57;Si;Artista;+20annos;Medio;3;1967;Generacion X;38323;Caceres;0,857;30;0;245;
CLI89;F;Si;40;Si;Artista;10-20annos;Bajo;2;1984;Millennials;25955;Cuenca;2,066;30;0;252;
CLI90;F;No;46;No;Otros;+20annos;Bajo;3;1978;Generacion X;24287;Ciudad Real;0,818;30;0;438;3
CLI91;M;Si;44;No;Medico;+20annos;Medio;2;1980;Generacion X;110264;LLeida;1,905;120;1;316;0,5
CLI92;M;No;43;Si;Otros;+20annos;Bajo;3;1981;Millennials;40139;Guadalajara;1,882;30;0;293;
CLI93;F;Si;52;Si;Artista;+20annos;Medio;4;1972;Generacion X;108973;Palencia;1,17;80;0;109;
CLI94;F;Si;67;Si;Artista;+20annos;Alto;2;1957;Generacion X;71322;Madrid;1,502;50;0;471;1
CLI95;M;Si;35;No;Otros;10-20annos;Bajo;2;1989;Millennials;30236;Ceuta;2,043;30;0;44;
CLI96;M;Si;61;No;Artista;+20annos;Bajo;1;1963;Generacion X;47955;Zamora;1,424;30;0;291;
CLI97;M;Si;64;Si;Artista;+20annos;Medio;1;1960;Generacion X;26340;Vizcaya;0,603;30;0;298;
CLI98;F;No;42;Si;Artista;+20annos;Bajo;1;1982;Millennials;60797;Baleares;1,836;50;0;331;0,5
CLI99;M;Si;69;Si;Artista;+20annos;Alto;2;1955;Generacion X;119525;Santa Cruz de Tenerife;1,189;50;0;501;4
CLI100;M;Si;64;Si;Medico;+20annos;Medio;2;1960;Generacion X;99774;Alicante;1,052;50;1;360;0,5
CLI101;M;Si;33;No;Ingeniero;10-20annos;Medio;3;1991;Millennials;26010;Valencia;1,169;30;1;152;
CLI102;M;Si;66;Si;Artista;+20annos;Medio;4;1958;Generacion X;111087;Zamora;1,6;80;0;51;
CLI103;M;Si;75;No;Ejecutivo;+20annos;Alto;7;1949;Generacion X;28531;ivila;1,482;30;1;142;
CLI104;M;Si;57;No;Artista;+20annos;Bajo;3;1967;Generacion X;80413;Soria;1,463;30;1;190;
CLI105;M;Si;42;No;Ejecutivo;+20annos;Alto;5;1982;Millennials;96292;Huesca;1,054;30;1;355;0,5
CLI106;F;Si;39;Si;Funcionario;10-20annos;Bajo;2;1985;Millennials;20263;La Corui±a;0,962;30;0;194;
CLI107;M;No;20;No;Medico;<10annos;Bajo;2;2004;Generacion Z;16588;Ceuta;1,685;30;0;349;0,5
CLI108;M;Si;33;Si;Construccion;10-20annos;Bajo;2;1991;Millennials;27655;Madrid;0,916;30;0;416;3
CLI109;M;No;95;No;Servicios;+20annos;Bajo;1;1929;Generacion Silenciosa;84497;Zamora;1,189;120;0;53;
CLI110;F;;21;No;Funcionario;<10annos;Bajo;5;2003;Generacion Z;23229;Melilla;2,478;30;0;422;3
CLI111;M;No;28;No;Funcionario;<10annos;Bajo;3;1996;Millennials;23267;Granada;2,651;30;1;246;
CLI112;M;Si;65;Si;Otros;+20annos;Bajo;4;1959;Generacion X;23790;Orense;1,737;30;0;558;1
CLI113;F;No;43;Si;Artista;+20annos;Bajo;1;1981;Millennials;30798;Santa Cruz de Tenerife;1,859;30;0;469;1
CLI114;F;Si;55;Si;Medico;+20annos;Bajo;1;1969;Generacion X;61943;Castellon;0,7;50;0;210;
CLI115;M;No;52;Si;Artista;+20annos;Bajo;1;1972;Generacion X;107048;Pontevedra;1,385;50;0;377;1
CLI116;M;Si;47;Si;Ejecutivo;+20annos;Alto;3;1977;Generacion X;81464;Zamora;0,896;80;0;322;0,5
CLI117;M;Si;40;No;Ejecutivo;10-20annos;Medio;4;1984;Millennials;82765;Guadalajara;1,905;30;0;348;0,5
CLI118;M;Si;88;No;Servicios;+20annos;Bajo;1;1936;Generacion Silenciosa;98860;Zaragoza;0,955;120;0;483;3
CLI119;M;No;40;Si;Artista;10-20annos;Bajo;2;1984;Millennials;73875;Castellon;0,87;50;0;473;3
CLI120;M;No;30;No;Servicios;<10annos;Bajo;7;1994;Millennials;24750;La Corui±a;0,824;30;1;319;0,5
CLI121;F;Si;41;Si;Artista;10-20annos;Alto;2;1983;Millennials;102142;Guipiºzcoa;1,445;50;1;380;3
CLI122;M;Si;51;Si;Ejecutivo;+20annos;Alto;3;1973;Generacion X;88796;Vizcaya;0,974;80;0;347;0,5
CLI123;M;Si;61;No;Ejecutivo;+20annos;Alto;4;1963;Generacion X;64910;Tarragona;1,189;30;0;170;
CLI124;F;Si;52;No;Ingeniero;+20annos;Medio;4;1972;Generacion X;91780;Zamora;0,603;30;0;460;3
CLI125;F;No;31;Si;Funcionario;<10annos;Bajo;3;1993;Millennials;31620;Orense;0,847;30;0;463;3
CLI126;M;Si;43;No;Otros;+20annos;Bajo;2;1981;Millennials;48982;Las Palmas;0,847;30;1;216;
CLI127;F;Si;30;No;Negocios/empresa;<10annos;Bajo;2;1994;Millennials;25210;Gerona;1,238;30;0;476;3
CLI128;F;Si;46;No;Ingeniero;+20annos;Bajo;1;1978;Generacion X;37207;Cadiz;1,443;30;0;410;3
CLI129;M;Si;79;Si;Artista;+20annos;Medio;2;1945;Generacion Silenciosa;76162;Teruel;0,681;50;1;370;3
CLI130;F;Si;31;Si;Ingeniero;<10annos;Bajo;2;1993;Millennials;26401;Navarra;1,031;30;0;202;
CLI131;M;No;39;Si;Otros;10-20annos;Bajo;5;1985;Millennials;20825;Zaragoza;1,813;30;0;162;
CLI132;M;Si;43;Si;Ejecutivo;+20annos;Alto;5;1981;Millennials;102501;Zamora;0,916;30;0;224;
CLI133;F;Si;76;Si;Servicios;+20annos;Alto;2;1948;Generacion X;126886;Toledo;0,779;50;0;70;
CLI134;M;No;20;No;Funcionario;<10annos;Bajo;4;2004;Generacion Z;16116;Pontevedra;14,085;30;0;465;3
CLI135;M;Si;51;Si;Artista;+20annos;Bajo;1;1973;Generacion X;52430;Gerona;0,642;50;0;457;3
CLI136;F;Si;55;Si;Ingeniero;+20annos;Alto;2;1969;Generacion X;123559;Valladolid;0,935;50;0;468;3
CLI137;M;No;33;No;Ejecutivo;10-20annos;Bajo;5;1991;Millennials;19725;Ciudad Real;1,629;30;1;113;
CLI138;F;No;45;No;Artista;+20annos;Bajo;2;1979;Generacion X;93183;Vizcaya;1,652;120;0;90;
CLI139;F;No;43;Si;Artista;+20annos;Bajo;4;1981;Millennials;44048;Guipiºzcoa;1,859;30;1;246;
CLI140;F;No;32;No;Negocios/empresa;10-20annos;Bajo;4;1992;Millennials;18393;Malaga;1,537;30;0;53;
CLI141;F;Si;41;Si;Artista;10-20annos;Bajo;4;1983;Millennials;26460;Leon;1,054;30;0;67;
CLI142;F;Si;43;Si;Ingeniero;+20annos;Medio;2;1981;Millennials;22281;Huelva;1,721;30;0;170;
CLI143;F;Si;53;Si;Artista;+20annos;Medio;5;1971;Generacion X;113361;Orense;0,72;30;0;49;
CLI144;F;No;35;Si;Medico;10-20annos;Bajo;3;1989;Millennials;25568;Navarra;1,583;30;0;499;3
CLI145;M;Si;86;No;Servicios;+20annos;Bajo;1;1938;Generacion Silenciosa;70379;La Rioja;0,915;30;0;255;
CLI146;F;Si;47;No;Ingeniero;+20annos;Medio;5;1977;Generacion X;21950;Las Palmas;0,564;30;0;596;4
CLI147;M;No;32;No;Negocios/empresa;10-20annos;Bajo;5;1992;Millennials;28472;Huesca;1,744;30;0;564;4
CLI148;F;Si;31;No;Ingeniero;<10annos;Medio;2;1993;Millennials;22265;Gerona;1,951;30;1;248;
CLI149;M;Si;88;Si;Servicios;+20annos;Bajo;1;1936;Generacion Silenciosa;124934;Cuenca;0,837;50;0;442;3
CLI150;F;No;31;Si;Funcionario;<10annos;Bajo;4;1993;Millennials;19619;Almeri­a;1,376;30;1;361;0,5
CLI151;M;Si;78;Si;Artista;+20annos;Medio;3;1946;Generacion X;87130;Melilla;0,896;80;0;276;
CLI152;M;Si;74;No;Servicios;+20annos;Alto;9;1950;Generacion X;72312;Soria;1,091;30;1;363;0,5
CLI153;F;No;29;No;Ingeniero;<10annos;Bajo;1;1995;Millennials;30607;Melilla;2,961;30;1;176;
CLI154;F;Si;52;Si;Ingeniero;+20annos;Medio;2;1972;Generacion X;66892;Gerona;1,306;50;1;169;
CLI155;F;Si;47;Si;Artista;+20annos;Medio;2;1977;Generacion X;84769;Toledo;1,717;50;0;477;3
CLI156;F;No;30;Si;Funcionario;<10annos;Bajo;4;1994;Millennials;18748;Pontevedra;1,698;30;0;97;
CLI157;F;Si;50;Si;Negocios/empresa;+20annos;Bajo;4;1974;Generacion X;63734;Granada;1,58;80;0;126;
CLI158;M;Si;84;No;Ejecutivo;+20annos;Bajo;1;1940;Generacion Silenciosa;53698;Salamanca;0,974;30;0;259;
CLI159;F;Si;47;Si;Artista;+20annos;Medio;4;1977;Generacion X;21366;Ciudad Real;1,502;30;0;569;4
CLI160;F;Si;86;Si;Servicios;+20annos;Alto;2;1938;Generacion Silenciosa;44132;Lugo;0,564;50;1;301;0,5
CLI161;M;Si;39;Si;Artista;10-20annos;Medio;3;1985;Millennials;28417;Ciudad Real;2,066;30;1;152;
CLI162;F;No;54;Si;Artista;+20annos;Bajo;1;1970;Generacion X;124487;LLeida;0,876;50;0;166;
CLI163;F;No;28;Si;Funcionario;<10annos;Bajo;5;1996;Millennials;18643;Badajoz;1,995;30;0;348;0,5
CLI164;M;Si;41;No;Ejecutivo;10-20annos;Medio;5;1983;Millennials;44300;Leon;1,491;30;0;368;3
CLI165;F;No;35;No;Funcionario;10-20annos;Bajo;5;1989;Millennials;20220;Salamanca;1,261;30;0;276;
CLI166;M;Si;66;Si;Medico;+20annos;Medio;2;1958;Generacion X;49821;LLeida;1,404;50;0;430;3
CLI167;F;Si;50;Si;Artista;+20annos;Medio;3;1974;Generacion X;22711;Palencia;1,561;30;1;190;
CLI168;F;Si;54;Si;Construccion;+20annos;Medio;3;1970;Generacion X;53234;Guipiºzcoa;0,564;30;0;425;3
CLI169;M;No;35;Si;Artista;10-20annos;Bajo;5;1989;Millennials;19156;Madrid;1,583;30;0;54;
CLI170;F;Si;44;Si;Artista;+20annos;Bajo;3;1980;Generacion X;22265;Orense;1,169;30;0;63;
CLI171;M;Si;65;No;Artista;+20annos;Medio;2;1959;Generacion X;22607;Cuenca;1,346;30;0;208;
CLI172;M;Si;53;Si;Artista;+20annos;Bajo;5;1971;Generacion X;37965;Granada;0,72;30;1;308;0,5
CLI173;M;Si;90;Si;Ejecutivo;+20annos;Alto;2;1934;Generacion Silenciosa;62419;Valladolid;1,17;50;0;382;3
CLI174;F;Si;77;Si;Servicios;+20annos;Bajo;2;1947;Generacion X;29465;Valladolid;1,228;30;0;253;
CLI175;M;No;34;Si;Artista;10-20annos;Bajo;2;1990;Millennials;18697;Zamora;1,353;30;1;230;
CLI176;F;Si;79;Si;Servicios;+20annos;Alto;2;1945;Generacion Silenciosa;62399;Almeri­a;1,737;50;1;138;
CLI177;M;Si;55;Si;Artista;+20annos;Medio;4;1969;Generacion X;86180;Valencia;0,74;80;0;330;0,5
CLI178;F;No;25;No;Ingeniero;<10annos;Bajo;1;1999;Generacion Z;28548;Lugo;2,306;30;0;489;3
CLI179;F;No;22;No;Funcionario;<10annos;Bajo;6;2002;Generacion Z;19365;Salamanca;3,099;30;0;517;4
CLI180;F;No;24;No;Funcionario;<10annos;Bajo;3;2000;Generacion Z;21141;Jaen;2,168;30;0;411;3
CLI181;F;No;34;Si;Ingeniero;10-20annos;Bajo;1;1990;Millennials;27658;Las Palmas;0,755;30;0;128;
CLI182;F;Si;40;Si;Artista;10-20annos;Medio;2;1984;Millennials;34364;Albacete;0,778;30;0;482;3
CLI183;M;Si;57;No;Otros;+20annos;Medio;5;1967;Generacion X;120574;Granada;1,678;200;0;508;4
CLI184;F;No;32;Si;Artista;10-20annos;Bajo;1;1992;Millennials;21687;Las Palmas;0,732;30;0;439;3
CLI185;M;Si;44;Si;Artista;+20annos;Medio;4;1980;Generacion X;116326;Salamanca;1,1;30;0;320;0,5
CLI186;F;No;44;Si;Artista;+20annos;Bajo;1;1980;Generacion X;90572;Las Palmas;1,675;50;0;441;1
CLI187;M;Si;42;Si;Artista;+20annos;Bajo;2;1982;Millennials;21506;Jaen;1,307;30;0;527;1
CLI188;F;Si;94;No;Servicios;+20annos;Bajo;1;1930;Generacion Silenciosa;67106;Pontevedra;0,935;30;1;264;
CLI189;F;No;23;No;Medico;<10annos;Bajo;3;2001;Generacion Z;13284;Alicante;2,754;30;0;259;
CLI190;F;Si;45;No;Ingeniero;+20annos;Medio;2;1979;Generacion X;79451;Sevilla;1,008;120;0;146;
CLI191;M;Si;44;Si;Artista;+20annos;Bajo;2;1980;Generacion X;123254;Alicante;1,146;50;0;100;
CLI192;M;Si;58;Si;Artista;+20annos;Medio;3;1966;Generacion X;94980;Cordoba;1,287;80;1;172;
CLI193;F;Si;46;Si;Artista;+20annos;Bajo;2;1978;Generacion X;25715;Gerona;15,215;30;0;306;0,5
CLI194;M;Si;46;No;Ejecutivo;+20annos;Bajo;2;1978;Generacion X;76575;Toledo;1,306;120;1;104;
CLI195;M;Si;53;Si;Artista;+20annos;Medio;4;1971;Generacion X;78640;Valencia;1,052;80;0;266;
CLI196;M;Si;65;Si;Artista;+20annos;Bajo;2;1959;Generacion X;52301;Cordoba;1,737;50;0;564;1
CLI197;M;Si;45;Si;Ejecutivo;+20annos;Medio;3;1979;Generacion X;118305;Cordoba;1,744;30;0;512;4
CLI198;F;Si;34;Si;Artista;10-20annos;Medio;2;1990;Millennials;30375;Teruel;1,514;30;1;148;
CLI199;F;Si;54;Si;Artista;+20annos;Alto;5;1970;Generacion X;111245;Murcia;1,678;30;1;140;
CLI200;M;Si;74;Si;Ejecutivo;+20annos;Bajo;2;1950;Generacion X;112983;Toledo;0,759;50;0;475;3
CLI201;M;Si;39;No;Artista;10-20annos;Medio;2;1985;Millennials;23791;Ciudad Real;0,939;30;0;497;3
CLI202;F;No;29;Si;Funcionario;<10annos;Bajo;3;1995;Millennials;21493;Gerona;1,685;30;0;195;
CLI203;M;;21;No;Funcionario;<10annos;Bajo;3;2003;Generacion Z;18379;Orense;1,788;30;1;344;0,5
CLI204;F;Si;28;No;Ingeniero;<10annos;Medio;8;1996;Millennials;24677;La Corui±a;1,788;30;0;141;
CLI205;F;Si;43;Si;Funcionario;+20annos;Bajo;2;1981;Millennials;119370;Valladolid;1,491;50;1;182;
CLI206;M;Si;69;Si;Otros;+20annos;Bajo;2;1955;Generacion X;67990;Zaragoza;1,091;50;0;330;0,5
CLI207;M;No;25;No;Funcionario;<10annos;Bajo;3;1999;Generacion Z;25792;LLeida;2,306;30;0;130;
CLI208;F;No;25;No;Funcionario;<10annos;Bajo;3;1999;Generacion Z;25123;Vizcaya;2,306;30;0;516;4
CLI209;F;Si;58;Si;Artista;+20annos;Bajo;1;1966;Generacion X;75114;Valencia;0,7;50;1;240;
CLI210;M;No;36;Si;Medico;10-20annos;Bajo;2;1988;Millennials;22309;Granada;0,801;30;0;515;4
CLI211;F;Si;55;No;Ingeniero;+20annos;Medio;4;1969;Generacion X;42798;Ceuta;0,818;30;1;141;
CLI212;F;Si;76;Si;Ingeniero;+20annos;Bajo;2;1948;Generacion X;116292;La Corui±a;1,033;50;1;366;3
CLI213;M;No;41;Si;Artista;10-20annos;Bajo;1;1983;Millennials;111610;Badajoz;1,238;50;0;53;
CLI214;F;No;22;No;Negocios/empresa;<10annos;Bajo;4;2002;Generacion Z;19315;Lugo;2,409;30;0;238;
CLI215;F;;94;No;Servicios;+20annos;Alto;1;1930;Generacion Silenciosa;83312;Salamanca;0,955;120;0;288;
CLI216;F;Si;54;Si;Medico;+20annos;Medio;4;1970;Generacion X;21962;Valencia;1,424;30;0;379;3
CLI217;M;No;20;No;Funcionario;<10annos;Bajo;3;2004;Generacion Z;13516;Melilla;1,719;30;0;277;
CLI218;F;Si;57;Si;Medico;+20annos;Medio;2;1967;Generacion X;44875;Cordoba;1,385;50;1;138;
CLI219;M;Si;28;No;Medico;<10annos;Medio;2;1996;Millennials;25044;Orense;1,374;30;1;112;
CLI220;M;Si;62;No;Ejecutivo;+20annos;Alto;2;1962;Generacion X;28075;Valladolid;1,639;30;0;238;
CLI221;M;No;68;Si;Servicios;+20annos;Bajo;1;1956;Generacion X;127188;ilava;0,974;50;0;506;4
CLI222;F;No;39;;Artista;10-20annos;Bajo;3;1985;Millennials;25028;Badajoz;1,123;30;0;226;
CLI223;M;Si;31;Si;Ingeniero;<10annos;Medio;2;1993;Millennials;23023;Segovia;1,56;30;0;364;0,5
CLI224;F;No;31;Si;Artista;<10annos;Bajo;3;1993;Millennials;21556;Salamanca;1,468;30;0;282;
CLI225;M;No;22;No;Funcionario;<10annos;Bajo;5;2002;Generacion Z;15005;Zaragoza;1,236;30;0;321;0,5
CLI226;F;No;30;No;Construccion;<10annos;Bajo;1;1994;Millennials;29143;Zaragoza;1,031;30;0;532;4
CLI227;F;No;62;No;Ingeniero;+20annos;Bajo;1;1962;Generacion X;69229;Malaga;1,326;30;0;521;4
CLI228;M;Si;50;Si;Artista;+20annos;Medio;4;1974;Generacion X;48692;Palencia;0,72;30;0;583;4
CLI229;M;No;28;Si;Funcionario;<10annos;Bajo;4;1996;Millennials;23938;Granada;1,512;30;0;33;
CLI230;M;No;44;No;Negocios/empresa;+20annos;Bajo;1;1980;Generacion X;47218;Soria;1,077;30;1;279;
CLI231;F;Si;28;Si;Funcionario;<10annos;Bajo;2;1996;Millennials;19509;Alicante;1,305;30;0;411;3
CLI232;F;Si;81;No;Servicios;+20annos;Alto;2;1943;Generacion Silenciosa;64200;Castellon;1,697;30;0;428;3
CLI233;F;No;25;No;Funcionario;<10annos;Bajo;4;1999;Generacion Z;30810;Granada;2,927;30;0;343;0,5
CLI234;F;Si;74;Si;Servicios;+20annos;Alto;2;1950;Generacion X;32234;Guadalajara;0,583;30;0;299;
CLI235;M;No;23;No;Funcionario;<10annos;Bajo;4;2001;Generacion Z;18209;Granada;2,133;30;0;256;
CLI236;F;No;42;Si;Artista;+20annos;Bajo;1;1982;Millennials;50413;ivila;0,709;50;0;308;0,5
CLI237;M;No;31;No;Funcionario;<10annos;Bajo;4;1993;Millennials;18631;Salamanca;1,698;30;1;126;
CLI238;F;No;35;No;Funcionario;10-20annos;Bajo;5;1989;Millennials;23024;Caceres;1,077;30;0;99;
CLI239;F;No;36;Si;Servicios;10-20annos;Bajo;4;1988;Millennials;28874;Caceres;1,307;30;1;127;
CLI240;F;Si;62;No;Servicios;+20annos;Alto;4;1962;Generacion X;60382;Malaga;1,678;30;0;405;3
CLI241;F;Si;58;Si;Artista;+20annos;Bajo;2;1966;Generacion X;41277;Castellon;0,661;50;0;370;3
CLI242;M;Si;63;No;Ejecutivo;+20annos;Alto;5;1961;Generacion X;83097;Burgos;1,404;30;0;569;4
CLI243;F;Si;65;Si;Artista;+20annos;Medio;3;1959;Generacion X;66869;Valladolid;0,681;80;1;210;
CLI244;F;Si;28;Si;Funcionario;<10annos;Alto;4;1996;Millennials;31045;Albacete;2,03;30;0;273;
CLI245;M;Si;65;Si;Artista;+20annos;Medio;6;1959;Generacion X;84463;Caceres;1,6;30;0;284;
CLI246;F;Si;40;Si;Artista;10-20annos;Bajo;4;1984;Millennials;81229;Caceres;1,169;30;0;150;
CLI247;M;Si;41;Si;Otros;10-20annos;Bajo;2;1983;Millennials;119717;Orense;1,629;50;0;120;
CLI248;M;No;24;No;Medico;<10annos;Bajo;3;2000;Generacion Z;20248;Palencia;13,395;30;0;430;3
CLI249;M;Si;47;Si;Artista;+20annos;Bajo;2;1977;Generacion X;69591;Teruel;1,424;50;0;87;
CLI250;M;Si;45;Si;Artista;+20annos;Bajo;2;1979;Generacion X;114565;Badajoz;1,583;50;0;82;
CLI251;F;No;23;No;Ingeniero;<10annos;Bajo;5;2001;Generacion Z;14508;Segovia;14,085;30;0;549;4
CLI252;F;No;54;No;Ingeniero;+20annos;Bajo;1;1970;Generacion X;114342;Santa Cruz de Tenerife;0,642;120;0;394;3
CLI253;M;No;42;Si;Medico;+20annos;Bajo;1;1982;Millennials;41408;Guipiºzcoa;0,893;50;0;371;3
CLI254;M;Si;52;No;Artista;+20annos;Medio;4;1972;Generacion X;89663;ivila;1,619;30;0;359;0,5
CLI255;M;Si;77;Si;Servicios;+20annos;Alto;3;1947;Generacion X;123604;Zamora;1,639;80;0;46;
CLI256;F;No;34;No;Ingeniero;10-20annos;Bajo;4;1990;Millennials;18455;Ceuta;1,169;30;0;308;0,5
CLI257;F;Si;90;No;Servicios;+20annos;Medio;2;1934;Generacion Silenciosa;40760;Ciudad Real;1,17;30;0;70;
CLI258;F;Si;56;No;Ejecutivo;+20annos;Bajo;1;1968;Generacion X;122968;Burgos;1,228;120;0;335;0,5
CLI259;F;No;46;No;Construccion;+20annos;Bajo;1;1978;Generacion X;108670;Guadalajara;1,443;120;1;281;
CLI260;M;No;42;Si;Artista;+20annos;Bajo;3;1982;Millennials;24978;Cuenca;1,33;30;0;74;
CLI261;M;Si;20;No;Ejecutivo;<10annos;Alto;4;2004;Generacion Z;21453;Tarragona;1,098;30;0;515;4
CLI262;M;Si;55;Si;Artista;+20annos;Medio;3;1969;Generacion X;115574;Palencia;0,603;80;0;251;
CLI263;F;No;51;Si;Medico;+20annos;Bajo;1;1973;Generacion X;51073;Valladolid;1,502;50;0;253;
CLI264;F;Si;79;No;Servicios;+20annos;Alto;3;1945;Generacion Silenciosa;32554;Tarragona;0,994;30;0;223;
CLI265;F;No;36;No;Ingeniero;10-20annos;Bajo;4;1988;Millennials;26531;La Corui±a;1,054;30;1;169;
CLI266;F;No;28;No;Construccion;<10annos;Bajo;7;1996;Millennials;30471;Sevilla;2,306;30;1;162;
CLI267;F;Si;83;No;Otros;+20annos;Alto;2;1941;Generacion Silenciosa;51383;Vizcaya;0,622;30;0;51;
CLI268;M;No;79;Si;Artista;+20annos;Bajo;1;1945;Generacion Silenciosa;59940;Salamanca;0,994;50;0;52;
CLI269;F;Si;79;Si;Artista;+20annos;Medio;3;1945;Generacion Silenciosa;67348;Cadiz;1,502;80;1;211;
CLI270;M;Si;40;Si;Otros;10-20annos;Bajo;6;1984;Millennials;56576;Lugo;2,043;30;0;177;
CLI271;M;Si;44;Si;Artista;+20annos;Bajo;2;1980;Generacion X;55372;Jaen;0,801;50;1;249;
CLI272;F;No;31;Si;Otros;<10annos;Bajo;4;1993;Millennials;31689;Cadiz;2,02;30;0;511;4
CLI273;F;No;31;Si;Medico;<10annos;Bajo;3;1993;Millennials;21001;Castellon;1,56;30;1;194;
CLI274;M;;21;No;Otros;<10annos;Alto;3;2003;Generacion Z;16263;Barcelona;1,754;30;0;561;4
CLI275;M;Si;47;Si;Artista;+20annos;Bajo;2;1977;Generacion X;93570;Melilla;1,385;50;0;350;0,5
CLI276;F;Si;39;Si;Artista;10-20annos;Medio;2;1985;Millennials;29143;Badajoz;1,399;30;0;230;
CLI277;M;Si;72;Si;Servicios;+20annos;Alto;2;1952;Generacion X;49363;Soria;1,463;50;1;288;
CLI278;M;Si;57;Si;Ejecutivo;+20annos;Alto;4;1967;Generacion X;81605;Jaen;1,287;80;0;511;1
CLI279;F;No;44;Si;Artista;+20annos;Bajo;1;1980;Generacion X;56875;Alicante;1,307;50;0;151;
CLI280;F;Si;76;No;Ingeniero;+20annos;Bajo;3;1948;Generacion X;73565;Barcelona;1,326;30;0;403;3
CLI281;F;No;24;No;Funcionario;<10annos;Bajo;3;2000;Generacion Z;12875;Santa Cruz de Tenerife;12,705;30;0;225;
CLI282;M;Si;52;Si;Ejecutivo;+20annos;Medio;4;1972;Generacion X;102945;Toledo;0,876;80;0;247;
CLI283;M;Si;32;Si;Negocios/empresa;10-20annos;Alto;2;1992;Millennials;19708;Lugo;1,698;30;1;117;
CLI284;M;Si;51;Si;Artista;+20annos;Medio;3;1973;Generacion X;27708;Albacete;0,915;30;0;50;
CLI285;M;No;35;Si;Artista;10-20annos;Bajo;2;1989;Millennials;21909;Baleares;1,652;30;0;38;
CLI286;F;No;42;Si;Funcionario;+20annos;Bajo;1;1982;Millennials;76047;Guadalajara;1,399;50;0;512;1
CLI287;M;Si;65;Si;Artista;+20annos;Bajo;1;1959;Generacion X;110421;Navarra;1,639;50;0;439;1
CLI288;F;No;29;Si;Otros;<10annos;Bajo;1;1995;Millennials;27554;Orense;2,685;30;0;122;
CLI289;M;No;29;Si;Funcionario;<10annos;Bajo;2;1995;Millennials;27078;Guipiºzcoa;1,685;30;0;69;
CLI290;M;No;31;No;Negocios/empresa;<10annos;Bajo;1;1993;Millennials;21752;Cadiz;0,939;30;0;498;3
CLI291;F;Si;58;Si;Ingeniero;+20annos;Medio;3;1966;Generacion X;129871;LLeida;1,228;80;0;188;
CLI292;F;No;47;;Otros;+20annos;Bajo;1;1977;Generacion X;88700;Cuenca;1,6;120;0;519;4
CLI293;M;No;30;No;Medico;<10annos;Bajo;3;1994;Millennials;19071;Almeri­a;0,801;30;0;598;4
CLI294;F;No;35;No;Artista;10-20annos;Bajo;8;1989;Millennials;23946;Almeri­a;1,284;30;1;272;
CLI295;M;No;29;No;Ingeniero;<10annos;Bajo;4;1995;Millennials;26208;ilava;11,325;30;1;276;
CLI296;F;No;34;No;Otros;10-20annos;Bajo;2;1990;Millennials;24267;Huelva;0,686;30;1;183;
CLI297;M;Si;43;Si;Ejecutivo;+20annos;Alto;3;1981;Millennials;84366;Alicante;1,606;30;0;199;
CLI298;F;Si;47;No;Ingeniero;+20annos;Bajo;3;1977;Generacion X;102063;Lugo;15,215;30;0;39;
CLI299;M;Si;28;No;Medico;<10annos;Bajo;2;1996;Millennials;24575;Badajoz;1,374;30;0;83;
CLI300;M;Si;44;Si;Artista;+20annos;Alto;3;1980;Generacion X;74758;Malaga;1,054;30;0;170;
CLI301;F;Si;44;Si;Otros;+20annos;Medio;2;1980;Generacion X;111342;Valladolid;1,514;50;0;347;0,5
CLI302;M;Si;69;Si;Otros;+20annos;Medio;3;1955;Generacion X;115079;Orense;0,837;80;1;234;
CLI303;F;Si;30;Si;Funcionario;<10annos;Bajo;2;1994;Millennials;30022;Zaragoza;1,077;30;0;274;
CLI304;M;No;30;Si;Funcionario;<10annos;Bajo;3;1994;Millennials;29916;Huelva;1,951;30;0;470;3
CLI305;F;No;21;No;Funcionario;<10annos;Bajo;2;2003;Generacion Z;15567;Barcelona;1,995;30;0;254;
CLI306;F;Si;95;Si;Servicios;+20annos;Alto;2;1929;Generacion Silenciosa;37113;Guipiºzcoa;0,681;50;0;463;3
CLI307;M;Si;45;Si;Negocios/empresa;+20annos;Alto;2;1979;Generacion X;82698;Santa Cruz de Tenerife;1,813;50;0;380;1
CLI308;F;Si;30;Si;Artista;<10annos;Medio;2;1994;Millennials;21265;Melilla;1,169;30;0;500;
CLI309;F;Si;77;No;Medico;+20annos;Medio;2;1947;Generacion X;34240;Gerona;0,915;30;1;136;
CLI310;F;Si;58;No;Ingeniero;+20annos;Medio;4;1966;Generacion X;33034;Santa Cruz de Tenerife;0,681;30;0;464;3
CLI311;F;Si;54;No;Ingeniero;+20annos;Medio;4;1970;Generacion X;78303;Badajoz;1,482;30;0;67;
CLI312;M;Si;61;No;Ejecutivo;+20annos;Bajo;1;1963;Generacion X;27311;Guipiºzcoa;1,385;30;0;323;0,5
CLI313;F;;63;Si;Ingeniero;+20annos;Medio;4;1961;Generacion X;107558;Palencia;0,72;80;1;241;
CLI314;M;Si;91;No;Servicios;+20annos;Bajo;1;1933;Generacion Silenciosa;33200;Navarra;15,215;30;1;276;
CLI315;M;Si;47;No;Ejecutivo;+20annos;Alto;4;1977;Generacion X;124965;Orense;1,6;200;0;210;
CLI316;M;Si;40;No;Medico;10-20annos;Bajo;3;1984;Millennials;30372;Cuenca;0,801;30;0;289;
CLI317;M;Si;81;Si;Servicios;+20annos;Bajo;2;1943;Generacion Silenciosa;67552;Palencia;0,955;50;1;324;0,5
CLI318;F;No;33;No;Construccion;10-20annos;Bajo;4;1991;Millennials;20283;Guipiºzcoa;1,399;30;1;356;0,5
CLI319;F;No;41;Si;Artista;10-20annos;Bajo;2;1983;Millennials;42918;Navarra;1,054;50;0;428;3
CLI320;F;No;24;No;Negocios/empresa;<10annos;Bajo;1;2000;Generacion Z;17004;Valencia;1,65;30;1;376;3
CLI321;M;No;21;No;Funcionario;<10annos;Bajo;4;2003;Generacion Z;22373;Cordoba;1,685;30;1;314;0,5
CLI322;M;Si;77;Si;Ingeniero;+20annos;Alto;2;1947;Generacion X;79612;LLeida;1,033;50;0;67;
CLI323;M;Si;98;Si;Servicios;+20annos;Bajo;1;1926;Generacion Silenciosa;32117;Murcia;0,661;30;0;40;
CLI324;M;No;20;No;Funcionario;<10annos;Bajo;4;2004;Generacion Z;19878;ivila;2,306;30;0;176;
CLI325;M;No;28;Si;Medico;<10annos;Bajo;1;1996;Millennials;25900;LLeida;1,512;30;1;212;
CLI326;F;No;50;Si;Artista;+20annos;Bajo;1;1974;Generacion X;102534;Toledo;1,502;50;0;256;
CLI327;F;No;39;Si;Artista;10-20annos;Bajo;1;1985;Millennials;18453;Murcia;0,686;30;0;355;0,5
CLI328;F;Si;41;No;Ingeniero;10-20annos;Bajo;1;1983;Millennials;46573;Pontevedra;1,905;30;0;116;
CLI329;F;Si;43;No;Ingeniero;+20annos;Medio;2;1981;Millennials;114028;Toledo;1,491;120;0;555;4
CLI330;F;No;35;Si;Funcionario;10-20annos;Bajo;5;1989;Millennials;20138;Huelva;1,997;30;1;182;
CLI331;F;Si;68;Si;Artista;+20annos;Medio;3;1956;Generacion X;61611;Sevilla;1,502;80;0;78;
CLI332;F;Si;64;Si;Ingeniero;+20annos;Medio;4;1960;Generacion X;37050;Burgos;1,541;30;1;196;
CLI333;F;No;35;No;Ingeniero;10-20annos;Bajo;4;1989;Millennials;19290;Zaragoza;2,066;30;1;225;
CLI334;M;No;28;No;Funcionario;<10annos;Bajo;5;1996;Millennials;27767;Guadalajara;1,857;30;0;111;
CLI335;F;Si;62;Si;Artista;+20annos;Medio;4;1962;Generacion X;108609;Cordoba;1,561;80;0;211;
CLI336;F;No;40;Si;Otros;10-20annos;Bajo;2;1984;Millennials;66164;Las Palmas;1,422;50;0;190;
CLI337;F;No;33;No;Funcionario;10-20annos;Bajo;3;1991;Millennials;18858;Teruel;1,905;30;0;86;
CLI338;M;No;21;No;Funcionario;<10annos;Bajo;5;2003;Generacion Z;21250;Leon;1,547;30;0;486;3
CLI339;M;No;30;Si;Funcionario;<10annos;Bajo;2;1994;Millennials;28178;ilava;0,985;30;0;103;
CLI340;F;No;42;Si;Medico;+20annos;Bajo;1;1982;Millennials;49370;Valladolid;2,02;50;1;100;
CLI341;M;Si;51;Si;Artista;+20annos;Medio;2;1973;Generacion X;29539;Soria;1,013;30;1;314;0,5
CLI342;M;No;32;Si;Artista;10-20annos;Bajo;1;1992;Millennials;26497;Malaga;0,824;30;0;412;3
CLI343;M;Si;56;No;Otros;+20annos;Medio;4;1968;Generacion X;37594;Caceres;1,678;30;0;147;
CLI344;M;Si;61;No;Artista;+20annos;Bajo;1;1963;Generacion X;21809;Zaragoza;0,622;30;1;218;
CLI345;F;Si;76;Si;Ingeniero;+20annos;Bajo;1;1948;Generacion X;79990;Soria;1,033;50;0;335;0,5
CLI346;F;No;29;No;Funcionario;<10annos;Bajo;8;1995;Millennials;23466;Valencia;2,306;30;1;340;0,5
CLI347;F;Si;91;Si;Servicios;+20annos;Bajo;3;1933;Generacion Silenciosa;103546;Granada;0,857;80;1;220;
CLI348;F;No;43;Si;Funcionario;+20annos;Bajo;1;1981;Millennials;33027;Badajoz;0,87;30;0;110;
CLI349;M;Si;39;Si;Artista;10-20annos;Bajo;1;1985;Millennials;29435;Valencia;0,801;30;0;97;
CLI350;M;Si;21;No;Negocios/empresa;<10annos;Alto;5;2003;Generacion Z;14959;LLeida;1,236;30;0;449;3
CLI351;F;Si;66;Si;Artista;+20annos;Alto;4;1958;Generacion X;80361;Granada;0,896;80;1;237;
CLI352;M;Si;39;Si;Artista;10-20annos;Medio;4;1985;Millennials;26201;Melilla;1,238;30;0;588;4
CLI353;F;No;58;Si;Ingeniero;+20annos;Bajo;1;1966;Generacion X;64449;Tarragona;0,779;50;0;171;
CLI354;F;Si;95;No;Servicios;+20annos;Bajo;1;1929;Generacion Silenciosa;44807;Pontevedra;1,756;30;0;151;
CLI355;F;No;32;No;Funcionario;10-20annos;Bajo;3;1992;Millennials;31755;Ceuta;1,836;30;1;136;
CLI356;F;No;29;No;Medico;<10annos;Bajo;1;1995;Millennials;22925;Almeri­a;2,444;30;0;56;
CLI357;M;No;40;Si;Ingeniero;10-20annos;Bajo;1;1984;Millennials;126948;Almeri­a;1,353;50;1;150;
CLI358;F;No;24;No;Construccion;<10annos;Bajo;4;2000;Generacion Z;14795;Orense;1,788;30;1;227;
CLI359;M;No;21;No;Negocios/empresa;<10annos;Bajo;5;2003;Generacion Z;22750;Jaen;1,754;30;0;151;
CLI360;F;Si;22;Si;Servicios;<10annos;Medio;3;2002;Generacion Z;12854;Guadalajara;2,271;30;0;133;
CLI361;M;No;47;Si;Funcionario;+20annos;Bajo;3;1977;Generacion X;88578;Cadiz;1,639;80;0;73;
CLI362;F;No;46;Si;Artista;+20annos;Bajo;3;1978;Generacion X;46621;Vizcaya;1,443;30;0;255;
CLI363;M;No;47;Si;Otros;+20annos;Bajo;2;1977;Generacion X;94822;Granada;1,482;50;0;498;1
CLI364;F;Si;55;Si;Ingeniero;+20annos;Alto;3;1969;Generacion X;79899;Vizcaya;1,756;80;1;138;
CLI365;M;No;28;Si;Otros;<10annos;Bajo;2;1996;Millennials;20884;Toledo;2,823;30;0;568;4
CLI366;M;Si;67;No;Artista;+20annos;Alto;2;1957;Generacion X;29880;Las Palmas;1,541;30;0;390;3
CLI367;F;Si;31;Si;Funcionario;<10annos;Medio;2;1993;Millennials;30351;Sevilla;1,307;30;1;198;
CLI368;M;No;42;Si;Artista;+20annos;Bajo;1;1982;Millennials;63425;Ciudad Real;1,468;50;0;541;1
CLI369;M;No;28;No;Ejecutivo;<10annos;Bajo;3;1996;Millennials;24078;La Rioja;12,705;30;0;145;
CLI370;F;No;20;No;Funcionario;<10annos;Bajo;5;2004;Generacion Z;14074;Huelva;3,03;30;0;118;
CLI371;M;Si;47;Si;Otros;+20annos;Medio;5;1977;Generacion X;127659;Zamora;0,837;200;0;134;
CLI372;F;No;30;Si;Artista;<10annos;Bajo;1;1994;Millennials;31960;Baleares;1,031;30;0;207;
CLI373;F;No;66;Si;Otros;+20annos;Bajo;2;1958;Generacion X;120691;Malaga;1,658;50;0;358;0,5
CLI374;M;Si;83;Si;Servicios;+20annos;Bajo;1;1941;Generacion Silenciosa;38201;Lugo;1,6;50;0;329;0,5
CLI375;F;No;34;No;Medico;10-20annos;Bajo;4;1990;Millennials;19790;Pontevedra;1,491;30;0;504;4
CLI376;M;No;25;No;Medico;<10annos;Bajo;4;1999;Generacion Z;19630;Cuenca;0,995;30;1;132;
CLI377;M;No;40;Si;Artista;10-20annos;Bajo;1;1984;Millennials;41003;Jaen;0,824;50;0;45;
CLI378;M;No;33;No;Medico;10-20annos;Bajo;1;1991;Millennials;18748;Cuenca;0,893;30;1;177;
CLI379;M;Si;62;No;Artista;+20annos;Medio;2;1962;Generacion X;89101;Zamora;0,818;120;0;348;0,5
CLI380;F;Si;57;Si;Artista;+20annos;Bajo;2;1967;Generacion X;67677;Palencia;1,267;50;1;301;0,5
CLI381;M;Si;43;Si;Otros;+20annos;Bajo;1;1981;Millennials;103658;Sevilla;0,962;50;0;32;
CLI382;F;No;39;No;Artista;10-20annos;Bajo;1;1985;Millennials;30379;Burgos;1,882;30;0;198;
CLI383;M;Si;36;No;Ingeniero;10-20annos;Medio;2;1988;Millennials;25600;Alicante;1,008;30;0;271;
CLI384;F;No;28;Si;Artista;<10annos;Bajo;6;1996;Millennials;28014;Malaga;2,202;30;1;274;
CLI385;F;Si;30;Si;Artista;<10annos;Medio;2;1994;Millennials;26804;Tarragona;0,663;30;1;393;3
CLI386;M;Si;39;Si;Artista;10-20annos;Alto;3;1985;Millennials;30079;Malaga;1,376;30;0;60;
CLI387;F;Si;45;Si;Artista;+20annos;Medio;2;1979;Generacion X;127853;La Corui±a;1,215;50;1;155;
CLI388;F;Si;54;Si;Artista;+20annos;Medio;3;1970;Generacion X;91418;Burgos;15,215;80;1;368;3
CLI389;F;Si;51;No;Artista;+20annos;Medio;2;1973;Generacion X;58505;Lugo;0,622;30;0;143;
CLI390;F;No;34;No;Funcionario;10-20annos;Bajo;2;1990;Millennials;21815;La Rioja;2,02;30;0;155;
CLI391;M;No;54;Si;Medico;+20annos;Bajo;1;1970;Generacion X;121883;Navarra;1,052;50;1;237;
CLI392;F;No;29;Si;Artista;<10annos;Bajo;1;1995;Millennials;26554;Palencia;2,582;30;0;405;3
CLI393;M;Si;47;Si;Medico;+20annos;Alto;2;1977;Generacion X;49063;Toledo;11,305;50;1;370;3
CLI394;F;Si;33;Si;Artista;10-20annos;Bajo;4;1991;Millennials;22790;Almeri­a;1,721;30;1;316;0,5
CLI395;F;Si;77;Si;Artista;+20annos;Medio;4;1947;Generacion X;98977;Leon;0,994;80;0;521;4
CLI396;F;No;31;Si;Artista;<10annos;Bajo;1;1993;Millennials;27627;Barcelona;0,962;30;0;195;
CLI397;F;Si;98;No;Servicios;+20annos;Alto;1;1926;Generacion Silenciosa;66627;Ceuta;1,267;30;1;392;3
CLI398;F;Si;46;No;Construccion;+20annos;Alto;4;1978;Generacion X;93705;Zaragoza;1,248;30;0;273;
CLI399;F;Si;41;Si;Otros;10-20annos;Medio;3;1983;Millennials;94044;ilava;1,215;30;1;222;
CLI400;M;Si;32;No;Ejecutivo;10-20annos;Medio;3;1992;Millennials;22882;Las Palmas;1,491;30;0;306;0,5
CLI401;F;Si;75;Si;Artista;+20annos;Alto;2;1949;Generacion X;60671;Ceuta;0,798;50;1;197;
CLI402;F;No;28;No;Ingeniero;<10annos;Bajo;1;1996;Millennials;20804;Gerona;14,085;30;1;235;
CLI403;M;No;32;No;Funcionario;10-20annos;Bajo;1;1992;Millennials;26703;Tarragona;1,399;30;0;440;3
CLI404;F;Si;53;Si;Medico;+20annos;Bajo;2;1971;Generacion X;117718;Huesca;1,189;50;0;546;4
CLI405;F;Si;56;Si;Medico;+20annos;Medio;3;1968;Generacion X;37893;Orense;1,717;30;1;314;0,5
CLI406;F;Si;44;Si;Ingeniero;+20annos;Alto;5;1980;Generacion X;31950;Pontevedra;1,399;30;0;134;
CLI407;M;Si;52;Si;Artista;+20annos;Medio;6;1972;Generacion X;115273;Lugo;0,837;30;1;155;
CLI408;M;Si;43;Si;Ejecutivo;+20annos;Alto;3;1981;Millennials;94572;Salamanca;1,606;30;0;175;
CLI409;M;Si;39;Si;Ejecutivo;10-20annos;Medio;4;1985;Millennials;19488;Navarra;1,284;30;0;151;
CLI410;F;No;21;No;Funcionario;<10annos;Bajo;3;2003;Generacion Z;13058;Valladolid;1,374;30;0;429;3
CLI411;F;No;23;No;Funcionario;<10annos;Bajo;1;2001;Generacion Z;22851;ivila;14,085;30;0;600;4
CLI412;M;Si;51;Si;Otros;+20annos;Medio;3;1973;Generacion X;120010;Jaen;1,404;80;0;521;4
CLI413;M;Si;95;Si;Servicios;+20annos;Bajo;1;1929;Generacion Silenciosa;127275;Madrid;1,737;50;0;495;1
CLI414;M;Si;73;Si;Artista;+20annos;Alto;2;1951;Generacion X;32384;Guadalajara;1,482;30;1;242;
CLI415;M;No;46;No;Negocios/empresa;+20annos;Bajo;5;1978;Generacion X;22725;Jaen;0,974;30;0;253;
CLI416;F;Si;80;Si;Servicios;+20annos;Alto;2;1944;Generacion Silenciosa;124259;Teruel;1,17;50;0;450;3
CLI417;M;Si;79;No;Ingeniero;+20annos;Bajo;1;1945;Generacion Silenciosa;125455;Granada;1,365;120;0;486;3
CLI418;M;Si;58;Si;Artista;+20annos;Bajo;3;1966;Generacion X;36290;Ceuta;0,935;30;0;600;4
CLI419;F;Si;43;Si;Artista;+20annos;Medio;2;1981;Millennials;81576;Tarragona;1,468;50;0;51;
CLI420;F;No;30;No;Construccion;<10annos;Bajo;1;1994;Millennials;22706;Teruel;1,859;30;0;81;
CLI421;M;Si;69;No;Otros;+20annos;Medio;1;1955;Generacion X;73552;Las Palmas;1,052;30;0;326;0,5
CLI422;F;No;25;No;Funcionario;<10annos;Bajo;3;1999;Generacion Z;19442;Soria;3,065;30;0;508;4
CLI423;F;No;33;Si;Otros;10-20annos;Bajo;4;1991;Millennials;29490;Baleares;1,79;30;1;267;
CLI424;F;Si;43;Si;Artista;+20annos;Medio;2;1981;Millennials;75608;Zamora;1,422;50;0;324;0,5
CLI425;M;Si;29;Si;Artista;<10annos;Medio;3;1995;Millennials;20364;Huesca;2,271;30;0;508;4
CLI426;F;Si;55;Si;Otros;+20annos;Bajo;3;1969;Generacion X;120220;Vizcaya;1,697;80;0;291;
CLI427;F;Si;50;Si;Artista;+20annos;Medio;2;1974;Generacion X;31139;Castellon;1,678;30;0;281;
CLI428;F;No;68;No;Otros;+20annos;Bajo;1;1956;Generacion X;91194;Jaen;1,111;120;1;161;
CLI429;F;No;30;Si;Medico;<10annos;Bajo;3;1994;Millennials;23421;Madrid;1,629;30;1;278;
CLI430;M;Si;63;Si;Otros;+20annos;Bajo;1;1961;Generacion X;121886;Badajoz;1,482;50;0;145;
CLI431;F;Si;33;No;Ingeniero;10-20annos;Medio;7;1991;Millennials;22215;Sevilla;1,33;30;0;397;3
CLI432;M;No;35;No;Funcionario;10-20annos;Bajo;4;1989;Millennials;21518;Barcelona;1,79;30;0;540;4
CLI433;M;No;20;;Ejecutivo;<10annos;Bajo;5;2004;Generacion Z;17630;Leon;2,754;30;0;465;3
CLI434;M;No;52;No;Artista;+20annos;Bajo;3;1972;Generacion X;22173;Ceuta;0,935;30;0;111;
CLI435;F;No;35;Si;Artista;10-20annos;Bajo;4;1989;Millennials;23241;Caceres;1,077;30;0;555;4
CLI436;F;Si;35;No;Ingeniero;10-20annos;Bajo;3;1989;Millennials;31172;Madrid;1,307;30;0;466;3
CLI437;M;Si;74;Si;Medico;+20annos;Medio;4;1950;Generacion X;76151;Jaen;1,228;80;0;468;3
CLI438;F;Si;85;Si;Servicios;+20annos;Alto;2;1939;Generacion Silenciosa;126168;Almeri­a;1,658;50;0;325;0,5
CLI439;M;Si;87;No;Servicios;+20annos;Medio;2;1937;Generacion Silenciosa;99976;Alicante;1,619;120;0;599;4
CLI440;M;No;34;No;Otros;10-20annos;Bajo;1;1990;Millennials;20764;Soria;1,537;30;0;489;3
CLI441;M;Si;46;Si;Artista;+20annos;Bajo;3;1978;Generacion X;27449;La Rioja;1,658;30;1;322;0,5
CLI442;F;No;20;No;Servicios;<10annos;Bajo;6;2004;Generacion Z;20495;Ciudad Real;2,823;30;0;471;3
CLI443;M;Si;55;Si;Artista;+20annos;Medio;4;1969;Generacion X;29295;Lugo;1,111;30;1;194;
CLI444;M;Si;78;Si;Artista;+20annos;Medio;5;1946;Generacion X;43261;Segovia;1,17;30;0;198;
CLI445;F;Si;79;No;Servicios;+20annos;Bajo;3;1945;Generacion Silenciosa;24569;Almeri­a;1,678;30;0;299;
CLI446;M;Si;52;Si;Artista;+20annos;Bajo;3;1972;Generacion X;36616;Cadiz;0,974;30;1;349;0,5
CLI447;M;Si;50;Si;Artista;+20annos;Medio;2;1974;Generacion X;36771;Valencia;0,955;50;0;216;
CLI448;F;No;44;No;Ingeniero;+20annos;Bajo;5;1980;Generacion X;102801;Leon;1,123;30;1;235;
CLI449;F;No;40;Si;Ingeniero;10-20annos;Bajo;1;1984;Millennials;34665;Valencia;1,307;30;1;189;
CLI450;F;No;46;Si;Artista;+20annos;Bajo;1;1978;Generacion X;63045;ivila;0,779;50;0;289;
CLI451;M;No;33;No;Funcionario;10-20annos;Bajo;4;1991;Millennials;20360;Albacete;0,985;30;1;160;
CLI452;F;No;32;Si;Funcionario;10-20annos;Bajo;4;1992;Millennials;27906;Malaga;0,916;30;1;236;
CLI453;M;No;31;Si;Ingeniero;<10annos;Bajo;5;1993;Millennials;22200;Melilla;2,066;30;0;87;
CLI454;M;;24;No;Funcionario;<10annos;Bajo;2;2000;Generacion Z;13250;Guipiºzcoa;1,547;30;0;111;
CLI455;M;Si;94;No;Servicios;+20annos;Bajo;1;1930;Generacion Silenciosa;87619;Jaen;1,248;120;1;124;
CLI456;F;Si;44;Si;Artista;+20annos;Medio;2;1980;Generacion X;53091;Valladolid;1,169;50;0;480;3
CLI457;F;Si;57;Si;Artista;+20annos;Medio;2;1967;Generacion X;53769;Granada;1,697;50;0;382;3
CLI458;M;Si;52;Si;Artista;+20annos;Bajo;1;1972;Generacion X;82303;Salamanca;1,326;50;0;402;1
CLI459;M;No;29;No;Artista;<10annos;Bajo;6;1995;Millennials;25764;Palencia;1,374;30;0;301;0,5
CLI460;F;No;61;Si;Negocios/empresa;+20annos;Bajo;1;1963;Generacion X;107371;Orense;0,955;50;1;152;
CLI461;F;No;22;No;Medico;<10annos;Bajo;4;2002;Generacion Z;16536;Gerona;2,961;30;1;151;
CLI462;F;Si;96;Si;Servicios;+20annos;Alto;2;1928;Generacion Silenciosa;117837;Palencia;1,326;50;0;192;
CLI463;M;No;31;No;Funcionario;<10annos;Bajo;2;1993;Millennials;18208;Huesca;1,077;30;0;64;
CLI464;M;No;42;No;Artista;+20annos;Bajo;2;1982;Millennials;42889;Vizcaya;1,261;30;1;293;
CLI465;M;Si;46;No;Otros;+20annos;Bajo;2;1978;Generacion X;60864;Alicante;1,639;30;1;107;
CLI466;M;Si;46;No;Negocios/empresa;+20annos;Alto;6;1978;Generacion X;101456;ivila;1,717;30;0;457;3
CLI467;F;No;32;No;Ingeniero;10-20annos;Bajo;4;1992;Millennials;24236;La Rioja;1,422;30;0;593;4
CLI468;M;No;35;Si;Medico;10-20annos;Bajo;4;1989;Millennials;29593;Cadiz;1,353;30;0;509;4
CLI469;M;Si;42;No;Ejecutivo;+20annos;Alto;5;1982;Millennials;29313;Gerona;1,652;30;0;332;0,5
CLI470;F;Si;65;No;Artista;+20annos;Alto;2;1959;Generacion X;114614;Guadalajara;1,639;120;0;265;
CLI471;M;No;24;No;Funcionario;<10annos;Bajo;2;2000;Generacion Z;16514;Gerona;2,823;30;0;451;3
CLI472;F;No;29;No;Construccion;<10annos;Bajo;1;1995;Millennials;27361;Murcia;1,788;30;0;91;
CLI473;F;Si;86;Si;Artista;+20annos;Alto;2;1938;Generacion Silenciosa;100443;Tarragona;1,189;50;0;479;3
CLI474;F;No;35;Si;Funcionario;10-20annos;Bajo;3;1989;Millennials;31084;Sevilla;1,353;30;0;592;4
CLI475;M;Si;41;Si;Artista;10-20annos;Medio;4;1983;Millennials;36904;ilava;1,353;30;0;473;3
CLI476;M;Si;41;Si;Funcionario;10-20annos;Alto;4;1983;Millennials;37904;Murcia;0,686;30;0;85;
CLI477;M;No;74;No;Servicios;+20annos;Bajo;2;1950;Generacion X;42732;Huelva;1,287;30;0;294;
CLI478;M;Si;52;No;Artista;+20annos;Alto;4;1972;Generacion X;120328;Cordoba;1,248;200;0;555;4
CLI479;F;Si;75;Si;Servicios;+20annos;Alto;2;1949;Generacion X;119699;Cordoba;1,385;50;1;381;3
CLI480;M;No;33;Si;Funcionario;10-20annos;Bajo;5;1991;Millennials;24564;Granada;1,169;30;0;337;0,5
CLI481;F;Si;53;Si;Otros;+20annos;Bajo;1;1971;Generacion X;26593;Vizcaya;0,779;30;0;575;4
CLI482;F;No;47;Si;Artista;+20annos;Bajo;1;1977;Generacion X;91724;Salamanca;1,091;50;1;145;
CLI483;M;Si;36;Si;Funcionario;10-20annos;Bajo;2;1988;Millennials;18653;ilava;0,732;30;1;100;
CLI484;M;Si;34;No;Funcionario;10-20annos;Medio;5;1990;Millennials;19709;Guadalajara;1,698;30;0;187;
CLI485;M;Si;35;Si;Funcionario;10-20annos;Bajo;2;1989;Millennials;23215;Huesca;0,824;30;0;513;4
CLI486;F;No;23;No;Funcionario;<10annos;Bajo;4;2001;Generacion Z;17793;Jaen;12,015;30;1;363;0,5
CLI487;F;No;32;No;Construccion;10-20annos;Bajo;4;1992;Millennials;24844;Melilla;1,721;30;0;321;0,5
CLI488;F;Si;39;Si;Artista;10-20annos;Bajo;2;1985;Millennials;23359;Gerona;0,663;30;0;48;
CLI489;M;Si;51;No;Artista;+20annos;Bajo;3;1973;Generacion X;102512;La Rioja;1,561;30;1;297;
CLI490;F;Si;42;Si;Artista;+20annos;Alto;2;1982;Millennials;50875;La Rioja;1,537;50;1;287;
CLI491;F;No;35;Si;Funcionario;10-20annos;Bajo;3;1989;Millennials;31700;Tarragona;1,491;30;0;492;3
CLI492;F;No;31;Si;Artista;<10annos;Bajo;7;1993;Millennials;23122;Orense;0,847;30;1;358;0,5
CLI493;F;Si;75;Si;Servicios;+20annos;Bajo;1;1949;Generacion X;112345;Melilla;0,974;50;0;502;4
CLI494;F;Si;50;Si;Artista;+20annos;Bajo;1;1974;Generacion X;61925;La Corui±a;1,58;50;0;458;1
CLI495;M;Si;64;Si;Artista;+20annos;Medio;3;1960;Generacion X;33639;Orense;0,798;30;0;228;
CLI496;M;No;31;No;Otros;<10annos;Bajo;2;1993;Millennials;25391;Guipiºzcoa;0,709;30;0;107;
CLI497;F;No;35;No;Funcionario;10-20annos;Bajo;3;1989;Millennials;30346;Valencia;2,066;30;0;50;
CLI498;M;No;33;Si;Medico;10-20annos;Bajo;1;1991;Millennials;24766;Cuenca;1,169;30;0;505;4
CLI499;F;Si;46;No;Construccion;+20annos;Medio;4;1978;Generacion X;120002;Almeri­a;0,779;200;0;326;0,5
CLI500;M;No;24;No;Servicios;<10annos;Bajo;6;2000;Generacion Z;16393;ivila;2,927;30;0;104;
CLI501;M;No;45;Si;Artista;+20annos;Bajo;3;1979;Generacion X;70725;Soria;1,261;30;0;496;1
CLI502;F;No;20;No;Funcionario;<10annos;Bajo;4;2004;Generacion Z;21815;Las Palmas;1,581;30;1;339;0,5
CLI503;F;Si;32;Si;Funcionario;10-20annos;Bajo;3;1992;Millennials;18450;La Rioja;1,629;30;0;267;
CLI504;F;No;36;Si;Funcionario;10-20annos;Bajo;3;1988;Millennials;21532;Malaga;1,215;30;1;182;
CLI505;M;No;52;No;Artista;+20annos;Bajo;1;1972;Generacion X;108358;Huelva;1,365;120;1;276;
CLI506;F;Si;63;Si;Medico;+20annos;Bajo;2;1961;Generacion X;116106;Salamanca;1,072;50;0;515;4
CLI507;M;Si;40;Si;Ejecutivo;10-20annos;Bajo;3;1984;Millennials;92218;La Corui±a;1,836;30;1;184;
CLI508;M;Si;63;Si;Ejecutivo;+20annos;Alto;3;1961;Generacion X;28816;Orense;1,658;30;0;248;
CLI509;M;No;20;No;Funcionario;<10annos;Bajo;2;2004;Generacion Z;14079;Albacete;2,478;30;0;528;4
CLI510;M;;57;Si;Artista;+20annos;Medio;5;1967;Generacion X;29517;Guipiºzcoa;0,876;30;0;115;
CLI511;M;Si;57;Si;Artista;+20annos;Medio;6;1967;Generacion X;77948;Teruel;1,443;30;0;578;4
CLI512;M;No;56;;Artista;+20annos;Bajo;4;1968;Generacion X;76096;Castellon;1,267;30;0;427;3
CLI513;F;Si;41;Si;Otros;10-20annos;Medio;2;1983;Millennials;113239;Vizcaya;1,146;50;0;476;3
CLI514;M;No;40;Si;Negocios/empresa;10-20annos;Bajo;1;1984;Millennials;68924;Cuenca;1,307;50;1;168;
CLI515;F;No;32;Si;Funcionario;10-20annos;Bajo;3;1992;Millennials;26351;Albacete;1,79;30;0;113;
CLI516;M;Si;50;Si;Artista;+20annos;Medio;4;1974;Generacion X;117783;Guipiºzcoa;1,678;80;0;362;0,5
CLI517;M;No;67;Si;Artista;+20annos;Bajo;1;1957;Generacion X;85437;Valladolid;0,74;50;0;243;
CLI518;M;Si;57;Si;Otros;+20annos;Medio;4;1967;Generacion X;96695;Baleares;0,798;80;0;544;4
CLI519;F;Si;54;Si;Construccion;+20annos;Bajo;1;1970;Generacion X;81575;Baleares;1,189;50;0;341;0,5
CLI520;M;Si;44;Si;Otros;+20annos;Medio;2;1980;Generacion X;104006;ilava;1,951;50;1;104;
CLI521;F;No;34;No;Funcionario;10-20annos;Bajo;5;1990;Millennials;27324;Ceuta;1,123;30;0;581;4
CLI522;M;Si;46;No;Otros;+20annos;Bajo;3;1978;Generacion X;50845;Cuenca;0,994;30;1;158;
CLI523;M;Si;56;Si;Ingeniero;+20annos;Medio;5;1968;Generacion X;80666;LLeida;1,482;30;1;101;
CLI524;F;No;46;Si;Funcionario;+20annos;Bajo;1;1978;Generacion X;123873;Santa Cruz de Tenerife;15,215;50;1;380;3
CLI525;M;No;32;Si;Medico;10-20annos;Bajo;4;1992;Millennials;24778;Jaen;0,962;30;1;299;
CLI526;F;No;36;Si;Funcionario;10-20annos;Bajo;1;1988;Millennials;28988;Albacete;1,813;30;1;198;
CLI527;M;No;30;Si;Funcionario;<10annos;Bajo;3;1994;Millennials;19387;Toledo;1,514;30;0;263;
CLI528;F;No;23;No;Funcionario;<10annos;Bajo;4;2001;Generacion Z;19003;Las Palmas;2,72;30;0;432;3
CLI529;M;Si;39;No;Artista;10-20annos;Medio;3;1985;Millennials;30332;Albacete;1,054;30;1;266;
CLI530;F;No;46;Si;Medico;+20annos;Bajo;1;1978;Generacion X;87433;Gerona;1,424;50;1;115;
CLI531;F;No;45;Si;Artista;+20annos;Bajo;1;1979;Generacion X;43735;Vizcaya;1,698;50;1;243;
CLI532;M;No;43;Si;Artista;+20annos;Bajo;3;1981;Millennials;99287;Ceuta;1,928;30;0;550;1
CLI533;F;No;31;No;Medico;<10annos;Bajo;1;1993;Millennials;30104;Navarra;1,468;30;1;364;0,5
CLI534;F;Si;50;Si;Ingeniero;+20annos;Medio;1;1974;Generacion X;83134;Segovia;1,091;50;1;297;
CLI535;F;Si;67;Si;Medico;+20annos;Medio;2;1957;Generacion X;93005;Palencia;0,974;50;0;308;0,5
CLI536;M;Si;68;Si;Artista;+20annos;Medio;4;1956;Generacion X;124263;Burgos;0,955;80;0;416;3
CLI537;M;Si;72;Si;Otros;+20annos;Medio;2;1952;Generacion X;54928;Pontevedra;1,17;50;0;564;4
CLI538;M;Si;50;Si;Medico;+20annos;Medio;2;1974;Generacion X;74599;Jaen;1,482;50;0;486;3
CLI539;F;Si;29;Si;Ingeniero;<10annos;Bajo;2;1995;Millennials;21680;Tarragona;1,443;30;0;379;3
CLI540;F;No;28;Si;Artista;<10annos;Bajo;5;1996;Millennials;24973;Ceuta;2,237;30;0;114;
CLI541;F;Si;50;Si;Artista;+20annos;Medio;4;1974;Generacion X;25789;Cuenca;1,072;30;0;367;3
CLI542;M;Si;47;No;Ejecutivo;+20annos;Alto;4;1977;Generacion X;49093;La Rioja;1,404;30;1;355;0,5
CLI543;M;Si;54;Si;Ejecutivo;+20annos;Alto;3;1970;Generacion X;110237;Ceuta;0,74;80;0;315;0,5
CLI544;M;Si;61;Si;Artista;+20annos;Medio;2;1963;Generacion X;37614;Gerona;0,603;50;0;589;4
CLI545;F;No;41;Si;Artista;10-20annos;Bajo;1;1983;Millennials;59680;Cuenca;1,238;50;0;548;1
CLI546;M;Si;72;Si;Otros;+20annos;Alto;2;1952;Generacion X;46258;Albacete;0,7;50;0;60;
CLI547;F;No;35;No;Servicios;10-20annos;Bajo;5;1989;Millennials;19417;Navarra;1,537;30;0;514;4
CLI548;F;No;43;No;Ingeniero;+20annos;Bajo;3;1981;Millennials;23890;Valladolid;0,939;30;0;126;
CLI549;F;Si;44;Si;Artista;+20annos;Medio;2;1980;Generacion X;86087;Alicante;1,675;50;0;156;
CLI550;M;Si;79;Si;Otros;+20annos;Medio;3;1945;Generacion Silenciosa;112958;Huelva;1,17;80;0;200;
CLI551;F;No;42;No;Construccion;+20annos;Bajo;1;1982;Millennials;40010;Cadiz;1,376;30;0;247;
CLI552;M;No;29;No;Negocios/empresa;<10annos;Bajo;5;1995;Millennials;20704;Barcelona;13,395;30;1;257;
CLI553;M;No;33;Si;Medico;10-20annos;Bajo;3;1991;Millennials;28786;Guadalajara;0,824;30;0;136;
CLI554;M;Si;56;Si;Construccion;+20annos;Bajo;1;1968;Generacion X;100155;Cadiz;1,013;50;1;400;3
CLI555;M;No;63;Si;Negocios/empresa;+20annos;Bajo;4;1961;Generacion X;40138;Valladolid;0,798;30;0;264;
CLI556;F;No;34;Si;Funcionario;10-20annos;Bajo;1;1990;Millennials;30112;Burgos;1,1;30;0;522;4
CLI557;M;No;43;Si;Artista;+20annos;Bajo;1;1981;Millennials;76468;ivila;1,997;50;1;250;
CLI558;F;No;33;No;Ingeniero;10-20annos;Bajo;4;1991;Millennials;25249;ilava;1,284;30;0;374;3
CLI559;F;Si;47;No;Artista;+20annos;Medio;3;1977;Generacion X;36106;Huesca;1,58;30;0;381;3
CLI560;M;No;30;Si;Funcionario;<10annos;Bajo;1;1994;Millennials;25731;Zamora;1,031;30;0;217;
CLI561;F;Si;51;No;Artista;+20annos;Medio;4;1973;Generacion X;103734;Sevilla;0,915;30;0;231;
CLI562;M;Si;47;No;Artista;+20annos;Bajo;2;1977;Generacion X;25968;Santa Cruz de Tenerife;1,561;30;1;393;3
CLI563;M;Si;76;Si;Servicios;+20annos;Bajo;1;1948;Generacion X;121626;Jaen;1,111;50;0;386;3
CLI564;M;Si;31;No;Otros;<10annos;Medio;4;1993;Millennials;31279;LLeida;1,146;30;0;406;3
CLI565;M;No;47;Si;Otros;+20annos;Bajo;1;1977;Generacion X;24629;Malaga;1,111;30;0;100;
CLI566;F;No;30;No;Funcionario;<10annos;Bajo;5;1994;Millennials;24546;Gerona;1,077;30;0;77;
CLI567;F;No;31;Si;Funcionario;<10annos;Bajo;3;1993;Millennials;26060;Cadiz;1,146;30;0;501;4
CLI568;M;No;36;No;Artista;10-20annos;Bajo;4;1988;Millennials;24679;Soria;1,606;30;0;229;
CLI569;F;No;33;No;Ingeniero;10-20annos;Bajo;1;1991;Millennials;31449;Las Palmas;1,951;30;1;198;
CLI570;M;No;64;No;Funcionario;+20annos;Bajo;2;1960;Generacion X;90868;Sevilla;1,404;120;0;478;3
CLI571;F;No;42;Si;Ingeniero;+20annos;Bajo;4;1982;Millennials;42383;Castellon;1,537;30;1;199;
CLI572;F;No;34;Si;Artista;10-20annos;Bajo;4;1990;Millennials;27578;Orense;1,491;30;0;119;
CLI573;M;Si;35;No;Ejecutivo;10-20annos;Medio;5;1989;Millennials;31907;Melilla;1,491;30;0;275;
CLI574;M;Si;50;Si;Artista;+20annos;Medio;4;1974;Generacion X;54168;Gerona;0,661;30;0;399;3
CLI575;M;Si;73;Si;Artista;+20annos;Bajo;3;1951;Generacion X;122787;Segovia;1,619;80;1;347;0,5
CLI576;F;Si;56;Si;Artista;+20annos;Medio;3;1968;Generacion X;68496;Baleares;1,717;80;0;224;
CLI577;F;Si;65;Si;Artista;+20annos;Medio;2;1959;Generacion X;39180;Caceres;1,639;50;0;399;3
CLI578;F;No;44;Si;Ingeniero;+20annos;Bajo;1;1980;Generacion X;120411;Malaga;2,043;50;0;576;1
CLI579;M;Si;51;Si;Artista;+20annos;Medio;5;1973;Generacion X;102558;Jaen;1,326;30;0;39;
CLI580;M;No;22;No;Funcionario;<10annos;Bajo;6;2002;Generacion Z;12266;Valladolid;2,996;30;0;259;
CLI581;F;Si;92;No;Servicios;+20annos;Alto;2;1932;Generacion Silenciosa;22751;Jaen;1,639;30;0;499;3
CLI582;F;No;45;Si;Negocios/empresa;+20annos;Bajo;1;1979;Generacion X;112217;Ceuta;1,399;50;0;474;1
CLI583;M;Si;56;No;Artista;+20annos;Medio;3;1968;Generacion X;77602;Alicante;0,642;30;0;412;3
CLI584;M;Si;63;Si;Otros;+20annos;Medio;5;1961;Generacion X;100628;Tarragona;0,622;30;1;135;
CLI585;F;No;36;No;Medico;10-20annos;Bajo;1;1988;Millennials;30886;Murcia;1,928;30;0;458;3
CLI586;M;No;28;No;Negocios/empresa;<10annos;Bajo;3;1996;Millennials;28251;La Rioja;2,34;30;0;401;3
CLI587;M;Si;61;Si;Artista;+20annos;Medio;3;1963;Generacion X;126764;Huesca;1,737;80;0;213;
CLI588;F;Si;62;Si;Ejecutivo;+20annos;Alto;4;1962;Generacion X;37583;Pontevedra;1,209;30;1;292;
CLI589;M;Si;85;Si;Servicios;+20annos;Bajo;1;1939;Generacion Silenciosa;128626;Cordoba;11,305;50;1;276;
CLI590;M;Si;33;Si;Funcionario;10-20annos;Bajo;2;1991;Millennials;18565;Ceuta;1,836;30;0;35;
CLI591;M;No;25;No;Funcionario;<10annos;Bajo;5;1999;Generacion Z;30696;Valladolid;0,995;30;0;129;
CLI592;F;No;47;Si;Artista;+20annos;Bajo;4;1977;Generacion X;47465;Soria;1,717;30;0;493;1
CLI593;M;No;43;Si;Otros;+20annos;Bajo;1;1981;Millennials;96178;Ceuta;1,422;50;0;58;
CLI594;M;Si;32;No;Ejecutivo;10-20annos;Alto;2;1992;Millennials;24426;Valladolid;0,732;30;1;121;
CLI595;M;Si;41;Si;Medico;10-20annos;Bajo;2;1983;Millennials;64489;Burgos;2,043;50;0;387;1
CLI596;F;Si;50;No;Ingeniero;+20annos;Bajo;2;1974;Generacion X;93899;Zamora;0,681;120;0;217;
CLI597;M;Si;53;No;Ejecutivo;+20annos;Alto;2;1971;Generacion X;109223;Barcelona;1,6;120;0;490;3
CLI598;M;Si;30;No;Otros;<10annos;Medio;4;1994;Millennials;29117;Gerona;1,583;30;0;131;
CLI599;F;Si;66;No;Otros;+20annos;Bajo;4;1958;Generacion X;125516;Cadiz;1,15;200;1;337;0,5
CLI600;M;Si;50;Si;Otros;+20annos;Medio;3;1974;Generacion X;23355;Valladolid;1,052;30;0;570;4
CLI601;M;No;34;Si;Funcionario;10-20annos;Bajo;1;1990;Millennials;29054;Sevilla;1,169;30;0;482;3
CLI602;M;No;36;No;Medico;10-20annos;Bajo;4;1988;Millennials;22249;Valladolid;1,813;30;0;228;
CLI603;M;;20;No;Servicios;<10annos;Alto;4;2004;Generacion Z;14920;Murcia;1,374;30;0;272;
CLI604;F;Si;53;Si;Artista;+20annos;Medio;3;1971;Generacion X;124702;Alicante;1,306;80;0;170;
CLI605;F;Si;91;No;Servicios;+20annos;Bajo;2;1933;Generacion Silenciosa;72922;La Corui±a;0,661;30;0;291;
CLI606;M;Si;63;Si;Ejecutivo;+20annos;Bajo;4;1961;Generacion X;63292;Cadiz;0,798;80;0;186;
CLI607;M;No;29;Si;Funcionario;<10annos;Bajo;3;1995;Millennials;19863;Jaen;1,857;30;1;390;3
CLI608;M;Si;56;Si;Artista;+20annos;Bajo;5;1968;Generacion X;48093;Cordoba;1,228;30;1;220;
CLI609;M;Si;74;No;Ejecutivo;+20annos;Alto;1;1950;Generacion X;111414;Badajoz;1,385;120;0;331;0,5
CLI610;M;Si;42;Si;Artista;+20annos;Medio;2;1982;Millennials;37125;Cordoba;1,652;50;1;366;3
CLI611;F;No;44;Si;Medico;+20annos;Bajo;1;1980;Generacion X;101202;Guipiºzcoa;1,284;50;0;322;0,5
CLI612;F;Si;50;Si;Artista;+20annos;Medio;2;1974;Generacion X;86613;Ceuta;0,955;50;1;150;
CLI613;M;Si;53;Si;Artista;+20annos;Medio;4;1971;Generacion X;33805;ilava;0,642;30;0;48;
CLI614;F;Si;76;No;Servicios;+20annos;Medio;2;1948;Generacion X;52511;Jaen;1,326;30;1;348;0,5
CLI615;M;No;23;No;Funcionario;<10annos;Bajo;5;2001;Generacion Z;19163;Leon;2,168;30;1;368;3
CLI616;F;Si;53;No;Ingeniero;+20annos;Alto;1;1971;Generacion X;44477;Leon;1,385;30;0;457;3
CLI617;F;No;20;No;Funcionario;<10annos;Bajo;3;2004;Generacion Z;15433;Burgos;2,513;30;1;258;
CLI618;M;Si;79;Si;Artista;+20annos;Bajo;3;1945;Generacion Silenciosa;29341;Burgos;1,482;30;1;323;0,5
CLI619;M;Si;94;No;Servicios;+20annos;Bajo;1;1930;Generacion Silenciosa;57364;Salamanca;0,955;30;0;495;3
CLI620;F;No;23;No;Negocios/empresa;<10annos;Bajo;5;2001;Generacion Z;19125;Murcia;2,064;30;0;144;
CLI621;F;Si;53;Si;Artista;+20annos;Bajo;1;1971;Generacion X;114553;Teruel;1,6;50;0;124;
CLI622;F;No;41;Si;Otros;10-20annos;Bajo;1;1983;Millennials;49249;La Corui±a;0,847;50;0;429;3
CLI623;M;No;31;No;Funcionario;<10annos;Bajo;5;1993;Millennials;26158;ilava;1,698;30;1;229;
CLI624;M;Si;61;Si;Otros;+20annos;Bajo;2;1963;Generacion X;116054;Castellon;1,424;50;0;105;
CLI625;F;No;62;Si;Artista;+20annos;Bajo;2;1962;Generacion X;39652;Navarra;1,326;50;0;173;
CLI626;M;Si;55;Si;Medico;+20annos;Bajo;2;1969;Generacion X;127784;Las Palmas;1,091;50;0;437;3
CLI627;M;No;23;No;Funcionario;<10annos;Bajo;4;2001;Generacion Z;19369;Segovia;2,616;30;0;370;3
CLI628;M;No;20;No;Funcionario;<10annos;Bajo;6;2004;Generacion Z;19274;Huesca;14,085;30;1;399;3
CLI629;M;Si;75;Si;Servicios;+20annos;Alto;2;1949;Generacion X;32483;Toledo;1,228;30;0;47;
CLI630;M;Si;52;Si;Artista;+20annos;Bajo;1;1972;Generacion X;47594;Las Palmas;1,619;50;0;521;1
CLI631;M;Si;83;No;Servicios;+20annos;Alto;2;1941;Generacion Silenciosa;66863;Guipiºzcoa;1,365;30;0;456;3
CLI632;M;Si;55;Si;Artista;+20annos;Medio;4;1969;Generacion X;59289;Badajoz;0,837;80;0;481;3
CLI633;M;No;34;Si;Funcionario;10-20annos;Bajo;4;1990;Millennials;25706;Madrid;1,882;30;0;163;
CLI634;F;No;33;Si;Artista;10-20annos;Bajo;3;1991;Millennials;21461;ivila;0,732;30;0;302;0,5
CLI635;F;Si;45;Si;Artista;+20annos;Bajo;4;1979;Generacion X;98720;Malaga;0,732;30;1;240;
CLI636;M;Si;45;;Ejecutivo;+20annos;Alto;2;1979;Generacion X;102896;Tarragona;1,123;120;0;235;
CLI637;F;Si;39;No;Funcionario;10-20annos;Bajo;1;1985;Millennials;28214;Madrid;1,744;30;1;316;0,5
CLI638;M;Si;41;Si;Funcionario;10-20annos;Bajo;1;1983;Millennials;72247;Ciudad Real;1,606;50;0;416;1
CLI639;M;Si;66;Si;Otros;+20annos;Bajo;1;1958;Generacion X;110115;Baleares;0,857;50;1;282;
CLI640;M;Si;55;Si;Medico;+20annos;Medio;3;1969;Generacion X;46036;Cadiz;1,111;30;0;293;
CLI641;M;Si;40;Si;Artista;10-20annos;Medio;2;1984;Millennials;70482;Castellon;0,87;50;0;553;4
CLI642;F;No;29;No;Negocios/empresa;<10annos;Bajo;3;1995;Millennials;26931;Sevilla;3,065;30;0;165;
CLI643;M;Si;68;No;Servicios;+20annos;Alto;2;1956;Generacion X;108965;Ciudad Real;0,564;120;1;190;
CLI644;M;No;24;No;Funcionario;<10annos;Bajo;4;2000;Generacion Z;15092;Toledo;2,375;30;0;544;4
CLI645;F;No;21;No;Funcionario;<10annos;Bajo;3;2003;Generacion Z;13233;Cuenca;2,789;30;0;424;3
CLI646;F;Si;50;Si;Artista;+20annos;Medio;5;1974;Generacion X;61412;LLeida;1,17;30;0;97;
CLI647;F;No;34;No;Medico;10-20annos;Bajo;4;1990;Millennials;31170;Alicante;1,813;30;1;330;0,5
CLI648;M;Si;62;Si;Artista;+20annos;Medio;3;1962;Generacion X;65647;Guadalajara;1,111;80;1;208;
CLI649;F;Si;68;;Servicios;+20annos;Bajo;5;1956;Generacion X;102360;Gerona;0,7;30;1;166;
CLI650;F;No;28;Si;Funcionario;<10annos;Bajo;3;1996;Millennials;25873;Murcia;2,478;30;0;129;
CLI651;F;Si;80;Si;Servicios;+20annos;Bajo;1;1944;Generacion Silenciosa;101271;Soria;0,681;50;0;531;4
CLI652;M;Si;68;Si;Medico;+20annos;Medio;4;1956;Generacion X;87946;Valencia;0,7;80;0;137;
CLI653;M;Si;51;No;Otros;+20annos;Medio;3;1973;Generacion X;71977;Barcelona;1,639;30;1;189;
CLI654;F;Si;56;Si;Artista;+20annos;Bajo;1;1968;Generacion X;58346;Teruel;15,215;50;1;370;3
CLI655;M;Si;28;Si;Ejecutivo;<10annos;Alto;2;1996;Millennials;22807;Badajoz;2,133;30;1;383;3
CLI656;M;Si;73;;Ejecutivo;+20annos;Alto;2;1951;Generacion X;80730;Lugo;0,876;120;0;543;4
CLI657;M;No;30;Si;Negocios/empresa;<10annos;Bajo;2;1994;Millennials;18167;Madrid;1,215;30;1;109;
CLI658;M;Si;96;No;Ejecutivo;+20annos;Bajo;2;1928;Generacion Silenciosa;123807;Orense;1,248;120;0;318;0,5
CLI659;F;Si;52;Si;Artista;+20annos;Bajo;1;1972;Generacion X;47074;Gerona;1,717;50;0;128;
CLI660;M;Si;63;Si;Artista;+20annos;Medio;4;1961;Generacion X;113728;Castellon;1,072;80;0;31;
CLI661;M;Si;66;Si;Artista;+20annos;Medio;4;1958;Generacion X;82677;Orense;1,717;80;0;501;4
CLI662;M;Si;44;Si;Ejecutivo;+20annos;Alto;5;1980;Generacion X;126960;Lugo;1,951;200;0;341;0,5
CLI663;F;No;35;Si;Medico;10-20annos;Bajo;1;1989;Millennials;20235;Tarragona;1,491;30;0;86;
CLI664;M;No;31;Si;Funcionario;<10annos;Bajo;3;1993;Millennials;18347;Melilla;0,87;30;0;469;3
CLI665;M;No;43;Si;Medico;+20annos;Bajo;3;1981;Millennials;105632;Badajoz;1,192;30;0;501;4
CLI666;F;No;52;Si;Negocios/empresa;+20annos;Bajo;1;1972;Generacion X;80278;Malaga;0,974;50;0;278;
CLI667;F;No;43;Si;Servicios;+20annos;Bajo;1;1981;Millennials;82364;Melilla;0,87;50;0;540;4
CLI668;M;No;31;No;Otros;<10annos;Bajo;1;1993;Millennials;26094;Santa Cruz de Tenerife;0,686;30;0;365;
CLI669;M;Si;76;Si;Artista;+20annos;Medio;3;1948;Generacion X;104886;Murcia;1,424;80;1;384;3
CLI670;F;No;46;Si;Artista;+20annos;Bajo;1;1978;Generacion X;55564;Burgos;1,287;50;0;462;1
CLI671;F;Si;51;Si;Ingeniero;+20annos;Bajo;1;1973;Generacion X;45038;Sevilla;1,052;50;0;504;4
CLI672;F;No;25;No;Negocios/empresa;<10annos;Bajo;3;1999;Generacion Z;21745;Granada;2,202;30;1;241;
CLI673;M;No;50;Si;Artista;+20annos;Bajo;5;1974;Generacion X;32960;Jaen;1,737;30;0;230;
CLI674;F;Si;42;Si;Medico;+20annos;Medio;4;1982;Millennials;58663;Caceres;1,767;30;0;534;4
CLI675;F;Si;78;No;Servicios;+20annos;Alto;3;1946;Generacion X;91466;Barcelona;0,564;30;0;483;3
CLI676;F;No;29;No;Medico;<10annos;Bajo;2;1995;Millennials;21874;Madrid;2,271;30;0;496;3
CLI677;F;Si;66;Si;Artista;+20annos;Alto;2;1958;Generacion X;85100;Palencia;0,994;50;1;272;
CLI678;F;Si;51;Si;Artista;+20annos;Medio;2;1973;Generacion X;108071;Leon;0,994;50;0;129;
CLI679;M;Si;43;Si;Otros;+20annos;Medio;4;1981;Millennials;111208;Palencia;1,997;30;0;287;
CLI680;F;No;20;No;Funcionario;<10annos;Bajo;3;2004;Generacion Z;13993;Badajoz;1,029;30;0;465;3
CLI681;M;Si;29;Si;Medico;<10annos;Medio;2;1995;Millennials;22120;Cordoba;2,375;30;0;370;3
CLI682;M;Si;58;Si;Artista;+20annos;Alto;2;1966;Generacion X;38925;Almeri­a;1,482;50;0;282;
CLI683;M;Si;44;Si;Otros;+20annos;Medio;2;1980;Generacion X;62004;Barcelona;0,801;50;0;438;3
CLI684;M;Si;84;No;Ejecutivo;+20annos;Bajo;7;1940;Generacion Silenciosa;97332;ilava;1,658;30;0;173;
CLI685;M;Si;29;Si;Otros;<10annos;Medio;3;1995;Millennials;23322;Valladolid;2,202;30;0;112;
CLI686;F;Si;72;Si;Artista;+20annos;Medio;2;1952;Generacion X;62023;Malaga;0,759;50;0;599;4
CLI687;F;No;41;Si;Artista;10-20annos;Bajo;2;1983;Millennials;100922;Jaen;1,514;50;1;256;
CLI688;M;No;28;No;Funcionario;<10annos;Bajo;4;1996;Millennials;26026;La Rioja;2,03;30;0;512;4
CLI689;F;No;23;No;Ingeniero;<10annos;Bajo;5;2001;Generacion Z;22166;Cordoba;2,927;30;0;191;
CLI690;F;No;28;No;Funcionario;<10annos;Bajo;4;1996;Millennials;22029;Jaen;2,099;30;0;131;
CLI691;M;No;25;No;Funcionario;<10annos;Bajo;5;1999;Generacion Z;23098;Baleares;2,651;30;1;371;3
CLI692;F;No;33;Si;Funcionario;10-20annos;Bajo;6;1991;Millennials;29206;Las Palmas;1,583;30;0;355;0,5
CLI693;F;No;33;No;Medico;10-20annos;Bajo;4;1991;Millennials;19350;Segovia;1,698;30;0;182;
CLI694;M;Si;46;No;Otros;+20annos;Medio;4;1978;Generacion X;110792;Guadalajara;0,994;30;0;62;
CLI695;F;Si;89;No;Servicios;+20annos;Alto;2;1935;Generacion Silenciosa;78417;Tarragona;0,779;120;1;228;
CLI696;M;Si;54;Si;Otros;+20annos;Medio;5;1970;Generacion X;27662;Murcia;1,15;30;0;35;
CLI697;M;No;35;No;Funcionario;10-20annos;Bajo;3;1989;Millennials;30102;Ciudad Real;0,663;30;0;108;
CLI698;F;Si;47;Si;Artista;+20annos;Medio;4;1977;Generacion X;91518;Tarragona;0,661;80;1;398;3
CLI699;M;Si;29;No;Ejecutivo;<10annos;Alto;4;1995;Millennials;28150;Huesca;2,789;30;0;146;
CLI700;F;No;74;No;Artista;+20annos;Bajo;2;1950;Generacion X;61867;LLeida;1,737;30;0;147;
CLI701;M;Si;97;No;Ejecutivo;+20annos;Bajo;1;1927;Generacion Silenciosa;86329;Gerona;1,443;120;0;63;
CLI702;F;No;44;Si;Funcionario;+20annos;Bajo;4;1980;Generacion X;69956;Tarragona;1,008;30;1;344;0,5
CLI703;F;;53;Si;Artista;+20annos;Bajo;4;1971;Generacion X;105261;Jaen;1,443;80;0;227;
CLI704;M;No;20;No;Funcionario;<10annos;Bajo;3;2004;Generacion Z;20213;LLeida;2,892;30;0;175;
CLI705;M;Si;43;Si;Servicios;+20annos;Medio;3;1981;Millennials;73478;Cadiz;2,02;30;0;277;
CLI706;M;Si;67;Si;Otros;+20annos;Alto;5;1957;Generacion X;66429;Murcia;15,215;30;0;506;1
CLI707;F;Si;56;Si;Artista;+20annos;Alto;4;1968;Generacion X;67078;Palencia;1,267;80;0;49;
CLI708;F;Si;28;No;Ingeniero;<10annos;Medio;2;1996;Millennials;23654;Burgos;3,065;30;0;193;
CLI709;M;No;39;Si;Artista;10-20annos;Bajo;3;1985;Millennials;25314;LLeida;1,974;30;0;557;1
CLI710;M;Si;51;No;Ejecutivo;+20annos;Alto;2;1973;Generacion X;44106;Guadalajara;1,287;30;0;34;
CLI711;F;Si;58;No;Construccion;+20annos;Alto;3;1966;Generacion X;69133;Toledo;1,267;30;1;364;0,5
CLI712;M;Si;53;Si;Otros;+20annos;Bajo;1;1971;Generacion X;22140;Murcia;0,818;30;1;233;
CLI713;M;Si;83;Si;Servicios;+20annos;Bajo;2;1941;Generacion Silenciosa;28524;Vizcaya;0,857;30;1;214;
CLI714;M;No;25;No;Funcionario;<10annos;Bajo;3;1999;Generacion Z;30263;Alicante;1,754;30;0;581;4
CLI715;M;No;32;No;Medico;10-20annos;Bajo;2;1992;Millennials;24951;Leon;1,376;30;0;530;4
CLI716;M;Si;51;No;Artista;+20annos;Bajo;2;1973;Generacion X;71796;Badajoz;1,697;30;0;97;
CLI717;F;No;67;Si;Negocios/empresa;+20annos;Bajo;1;1957;Generacion X;100153;Valladolid;1,052;50;0;353;0,5
CLI718;F;No;41;No;Artista;10-20annos;Bajo;1;1983;Millennials;23791;Badajoz;1,514;30;1;361;0,5
CLI719;F;No;25;No;Funcionario;<10annos;Bajo;5;1999;Generacion Z;30119;Zamora;2,685;30;0;533;4
CLI720;M;No;23;No;Funcionario;<10annos;Bajo;8;2001;Generacion Z;15931;Barcelona;2,754;30;1;290;
CLI721;F;No;36;No;Funcionario;10-20annos;Bajo;4;1988;Millennials;30275;ivila;1,008;30;0;228;
CLI722;M;Si;81;No;Ejecutivo;+20annos;Bajo;1;1943;Generacion Silenciosa;84165;ilava;11,305;120;1;397;3
CLI723;M;No;45;No;Otros;+20annos;Bajo;2;1979;Generacion X;87097;Ceuta;1,652;120;1;121;
CLI724;F;Si;64;Si;Ingeniero;+20annos;Alto;4;1960;Generacion X;125735;Huesca;11,305;80;0;89;
CLI725;M;Si;28;Si;Otros;<10annos;Medio;2;1996;Millennials;26876;La Corui±a;1,305;30;0;441;3
CLI726;M;No;36;No;Negocios/empresa;10-20annos;Bajo;3;1988;Millennials;27740;ivila;1,652;30;0;338;0,5
CLI727;M;Si;47;No;Medico;+20annos;Bajo;2;1977;Generacion X;81225;Almeri­a;0,876;120;1;127;
CLI728;M;Si;28;No;Ejecutivo;<10annos;Bajo;2;1996;Millennials;29967;Teruel;1,65;30;0;380;3
CLI729;F;No;29;No;Ingeniero;<10annos;Bajo;1;1995;Millennials;31151;Cordoba;3,03;30;0;199;
CLI730;M;No;24;No;Funcionario;<10annos;Bajo;5;2000;Generacion Z;13239;Santa Cruz de Tenerife;2,064;30;0;314;0,5
CLI731;M;Si;31;No;Artista;<10annos;Medio;2;1993;Millennials;29146;LLeida;0,778;30;0;307;0,5
CLI732;F;No;40;Si;Otros;10-20annos;Bajo;1;1984;Millennials;43504;Baleares;1,192;50;0;573;4
CLI733;F;No;31;No;Funcionario;<10annos;Bajo;3;1993;Millennials;31197;Segovia;1,744;30;1;400;3
CLI734;M;Si;94;Si;Artista;+20annos;Alto;4;1930;Generacion Silenciosa;110878;Granada;0,74;80;1;207;
CLI735;M;No;33;Si;Otros;10-20annos;Bajo;1;1991;Millennials;21010;Navarra;2,02;30;0;178;
CLI736;M;Si;47;Si;Funcionario;+20annos;Alto;2;1977;Generacion X;108857;La Rioja;0,681;50;0;402;3
CLI737;M;Si;90;No;Ejecutivo;+20annos;Alto;2;1934;Generacion Silenciosa;50159;Salamanca;1,717;30;0;253;
CLI738;M;;53;Si;Ejecutivo;+20annos;Alto;5;1971;Generacion X;124396;LLeida;1,58;200;0;98;
CLI739;F;No;20;No;Funcionario;<10annos;Bajo;3;2004;Generacion Z;18394;Guipiºzcoa;2,996;30;1;379;3
CLI740;M;Si;58;Si;Ingeniero;+20annos;Bajo;2;1966;Generacion X;101798;Pontevedra;1,385;50;0;532;1
CLI741;M;Si;55;Si;Artista;+20annos;Medio;4;1969;Generacion X;77913;Malaga;1,58;80;0;585;4
CLI742;F;Si;43;No;Ingeniero;+20annos;Medio;6;1981;Millennials;42710;Gerona;1,698;30;1;362;0,5
CLI743;F;Si;39;No;Ingeniero;10-20annos;Medio;6;1985;Millennials;31974;Ceuta;1,79;30;1;210;
CLI744;M;No;31;Si;Otros;<10annos;Bajo;3;1993;Millennials;20551;Zaragoza;1,031;30;0;270;
CLI745;F;No;36;Si;Ingeniero;10-20annos;Bajo;3;1988;Millennials;21072;Palencia;1,399;30;0;475;1
CLI746;F;Si;39;Si;Funcionario;10-20annos;Bajo;3;1985;Millennials;22220;Teruel;1,836;30;0;60;
CLI747;M;Si;53;Si;Otros;+20annos;Medio;4;1971;Generacion X;129804;Soria;0,994;80;0;416;3
CLI748;F;Si;55;Si;Artista;+20annos;Alto;3;1969;Generacion X;46073;Melilla;0,974;30;0;47;
CLI749;M;Si;52;No;Otros;+20annos;Medio;4;1972;Generacion X;82954;LLeida;0,818;30;1;115;
CLI750;F;No;55;Si;Artista;+20annos;Bajo;1;1969;Generacion X;27702;Palencia;1,639;30;0;47;
CLI751;M;Si;62;Si;Artista;+20annos;Bajo;4;1962;Generacion X;115997;La Corui±a;1,052;80;0;227;
CLI752;F;No;29;No;Funcionario;<10annos;Bajo;1;1995;Millennials;21141;Albacete;2,03;30;0;203;
CLI753;M;No;23;No;Funcionario;<10annos;Bajo;4;2001;Generacion Z;23777;Guipiºzcoa;1,892;30;0;571;4
CLI754;M;Si;67;Si;Otros;+20annos;Medio;4;1957;Generacion X;27121;Almeri­a;0,759;30;0;449;3
CLI755;F;Si;97;No;Servicios;+20annos;Alto;2;1927;Generacion Silenciosa;107718;Albacete;1,365;120;1;331;0,5
CLI756;M;No;79;No;Negocios/empresa;+20annos;Bajo;2;1945;Generacion Silenciosa;107243;Albacete;1,717;120;0;228;
CLI757;M;Si;67;Si;Artista;+20annos;Bajo;2;1957;Generacion X;47768;Salamanca;1,17;50;0;458;3
CLI758;F;Si;50;No;Ingeniero;+20annos;Bajo;1;1974;Generacion X;55986;La Rioja;1,209;30;1;307;0,5
CLI759;F;Si;56;No;Ingeniero;+20annos;Medio;5;1968;Generacion X;86970;Tarragona;0,837;30;0;518;4
CLI760;M;No;46;Si;Artista;+20annos;Bajo;2;1978;Generacion X;97877;Madrid;0,564;50;0;597;4
CLI761;M;Si;65;No;Otros;+20annos;Medio;3;1959;Generacion X;78224;Santa Cruz de Tenerife;1,346;30;1;135;
CLI762;F;No;50;Si;Funcionario;+20annos;Bajo;1;1974;Generacion X;22386;Sevilla;1,228;30;0;524;1
CLI763;F;Si;75;Si;Artista;+20annos;Medio;3;1949;Generacion X;119254;La Corui±a;1,072;80;0;375;3
CLI764;F;Si;94;Si;Servicios;+20annos;Alto;2;1930;Generacion Silenciosa;33195;Almeri­a;1,326;30;0;306;0,5
CLI765;M;Si;51;Si;Medico;+20annos;Medio;4;1973;Generacion X;43937;Guipiºzcoa;0,798;30;0;271;
CLI766;F;Si;35;Si;Artista;10-20annos;Medio;2;1989;Millennials;20194;Madrid;0,663;30;0;227;
CLI767;F;Si;77;Si;Ingeniero;+20annos;Bajo;1;1947;Generacion X;33429;Valencia;0,857;30;0;292;
CLI768;M;Si;41;Si;Otros;10-20annos;Bajo;1;1983;Millennials;115019;Madrid;1,054;50;1;204;
CLI769;F;No;33;No;Negocios/empresa;10-20annos;Bajo;4;1991;Millennials;18885;Navarra;1,974;30;0;392;3
CLI770;F;No;36;Si;Ingeniero;10-20annos;Bajo;2;1988;Millennials;28371;Cordoba;1,997;30;0;465;1
CLI771;M;Si;67;No;Funcionario;+20annos;Bajo;3;1957;Generacion X;84473;Ciudad Real;1,385;30;0;572;4
CLI772;F;No;41;Si;Ingeniero;10-20annos;Bajo;1;1983;Millennials;86978;Cadiz;1,882;50;1;297;
CLI773;M;Si;35;Si;Otros;10-20annos;Bajo;2;1989;Millennials;18053;Huelva;0,962;30;1;305;0,5
CLI774;M;Si;57;Si;Artista;+20annos;Alto;2;1967;Generacion X;86325;Baleares;0,779;50;0;246;
CLI775;F;Si;46;No;Otros;+20annos;Medio;3;1978;Generacion X;75054;Las Palmas;1,717;30;0;518;4
CLI776;M;Si;52;Si;Artista;+20annos;Medio;2;1972;Generacion X;90054;Madrid;1,541;50;0;510;4
CLI777;F;Si;57;Si;Artista;+20annos;Bajo;2;1967;Generacion X;101488;Toledo;1,072;50;0;110;
CLI778;M;Si;73;Si;Otros;+20annos;Medio;3;1951;Generacion X;121722;Salamanca;0,681;80;1;164;
CLI779;F;No;31;No;Ingeniero;<10annos;Bajo;6;1993;Millennials;18350;Segovia;1,721;30;0;69;
CLI780;F;Si;52;Si;Negocios/empresa;+20annos;Bajo;1;1972;Generacion X;129921;Guipiºzcoa;0,603;50;0;515;4
CLI781;M;Si;57;Si;Otros;+20annos;Medio;3;1967;Generacion X;32337;Baleares;0,974;30;0;448;3
CLI782;M;No;30;No;Funcionario;<10annos;Bajo;4;1994;Millennials;27874;Huelva;1,905;30;1;223;
CLI783;F;Si;62;Si;Artista;+20annos;Medio;5;1962;Generacion X;50750;Teruel;1,463;30;0;130;
CLI784;F;Si;58;No;Ingeniero;+20annos;Medio;6;1966;Generacion X;32256;Alicante;1,697;30;0;320;0,5
CLI785;F;Si;50;Si;Artista;+20annos;Medio;4;1974;Generacion X;61137;Orense;0,622;80;1;328;0,5
CLI786;F;No;41;No;Construccion;10-20annos;Bajo;1;1983;Millennials;103556;Malaga;1,307;120;0;500;
CLI787;F;Si;40;No;Artista;10-20annos;Medio;4;1984;Millennials;88612;ilava;1,721;30;1;315;0,5
CLI788;M;No;28;Si;Otros;<10annos;Bajo;3;1996;Millennials;25736;Leon;1,892;30;0;490;3
CLI789;F;Si;50;Si;Artista;+20annos;Medio;2;1974;Generacion X;71425;Alicante;0,994;50;1;378;3
CLI790;M;Si;79;Si;Construccion;+20annos;Bajo;1;1945;Generacion Silenciosa;123312;Melilla;1,541;50;0;280;
CLI791;M;No;39;Si;Otros;10-20annos;Bajo;3;1985;Millennials;22474;Badajoz;1,744;30;0;254;
CLI792;F;Si;79;Si;Servicios;+20annos;Alto;2;1945;Generacion Silenciosa;99019;Ciudad Real;1,209;50;0;131;
CLI793;F;Si;34;No;Artista;10-20annos;Bajo;4;1990;Millennials;24384;Tarragona;1,56;30;0;560;4
CLI794;M;Si;52;No;Otros;+20annos;Medio;3;1972;Generacion X;41542;La Corui±a;1,15;30;1;180;
CLI795;M;No;22;No;Funcionario;<10annos;Bajo;3;2002;Generacion Z;22911;Badajoz;2,513;30;1;147;
CLI796;F;Si;80;Si;Servicios;+20annos;Bajo;2;1944;Generacion Silenciosa;129072;Santa Cruz de Tenerife;0,759;50;0;324;0,5
CLI797;M;Si;32;No;Medico;10-20annos;Alto;2;1992;Millennials;26811;Gerona;1,675;30;1;152;
CLI798;M;Si;28;No;Otros;<10annos;Medio;2;1996;Millennials;23798;Navarra;2,064;30;1;194;
CLI799;M;Si;57;Si;Ejecutivo;+20annos;Alto;4;1967;Generacion X;33861;Cadiz;0,974;30;0;226;
CLI800;F;No;30;Si;Artista;<10annos;Bajo;6;1994;Millennials;29780;Sevilla;0,755;30;0;269;
CLI801;M;Si;57;Si;Ejecutivo;+20annos;Medio;4;1967;Generacion X;78668;Baleares;0,661;80;0;206;
CLI802;F;Si;54;Si;Artista;+20annos;Bajo;1;1970;Generacion X;60816;Jaen;1,443;50;0;94;
CLI803;M;Si;66;;Servicios;+20annos;Medio;4;1958;Generacion X;88596;Vizcaya;0,661;30;0;137;
CLI804;M;No;50;Si;Negocios/empresa;+20annos;Bajo;1;1974;Generacion X;47110;Cadiz;0,915;50;0;52;
CLI805;M;Si;65;Si;Artista;+20annos;Bajo;1;1959;Generacion X;72461;Leon;1,365;50;0;519;1
CLI806;F;No;20;No;Funcionario;<10annos;Bajo;5;2004;Generacion Z;18518;Zamora;0,995;30;0;348;0,5
CLI807;M;No;20;No;Funcionario;<10annos;Bajo;3;2004;Generacion Z;22808;Caceres;1,443;30;0;265;
CLI808;M;Si;61;No;Artista;+20annos;Bajo;1;1963;Generacion X;25497;Las Palmas;1,17;30;0;144;
CLI809;F;No;65;Si;Otros;+20annos;Bajo;1;1959;Generacion X;110834;Guipiºzcoa;1,678;50;0;56;
CLI810;M;No;24;No;Funcionario;<10annos;Bajo;2;2000;Generacion Z;19529;Ceuta;1,754;30;0;522;4
CLI811;M;Si;57;Si;Ejecutivo;+20annos;Alto;4;1967;Generacion X;118573;Granada;1,482;80;0;322;0,5
CLI812;M;Si;56;Si;Artista;+20annos;Medio;3;1968;Generacion X;39054;ivila;1,58;30;0;519;4
CLI813;M;Si;39;No;Ejecutivo;10-20annos;Alto;5;1985;Millennials;23076;Las Palmas;1,468;30;0;30;
CLI814;F;No;29;No;Ejecutivo;<10annos;Bajo;3;1995;Millennials;20267;Barcelona;2,789;30;0;194;
CLI815;M;Si;42;Si;Otros;+20annos;Medio;2;1982;Millennials;76967;Vizcaya;1,629;50;0;522;4
CLI816;M;Si;47;Si;Medico;+20annos;Bajo;4;1977;Generacion X;108890;Granada;1,678;80;1;159;
CLI817;M;No;45;Si;Otros;+20annos;Bajo;2;1979;Generacion X;38522;Vizcaya;1,376;50;1;378;3
CLI818;F;No;30;No;Construccion;<10annos;Bajo;1;1994;Millennials;26455;LLeida;1,215;30;0;240;
CLI819;M;Si;66;Si;Servicios;+20annos;Bajo;1;1958;Generacion X;96130;Baleares;1,111;50;0;432;3
CLI820;F;No;28;No;Medico;<10annos;Bajo;4;1996;Millennials;30682;Toledo;12,705;30;1;154;
CLI821;M;No;20;No;Funcionario;<10annos;Bajo;5;2004;Generacion Z;14944;Baleares;2,996;30;1;356;0,5
CLI822;M;Si;52;Si;Artista;+20annos;Medio;4;1972;Generacion X;90689;Teruel;1,267;80;1;240;
CLI823;M;Si;78;No;Negocios/empresa;+20annos;Bajo;1;1946;Generacion X;28006;Toledo;0,915;30;1;161;
CLI824;F;No;35;Si;Otros;10-20annos;Bajo;3;1989;Millennials;20230;Toledo;0,732;30;0;576;4
CLI825;M;Si;66;Si;Otros;+20annos;Medio;3;1958;Generacion X;103361;Baleares;1,287;80;1;209;
CLI826;F;No;36;Si;Funcionario;10-20annos;Bajo;1;1988;Millennials;19446;Albacete;1,054;30;0;84;
CLI827;F;No;41;Si;Artista;10-20annos;Bajo;1;1983;Millennials;89479;Valladolid;1,261;50;0;469;1
CLI828;M;Si;53;Si;Construccion;+20annos;Bajo;1;1971;Generacion X;48739;Palencia;1,561;50;0;576;1
CLI829;F;;36;No;Ingeniero;10-20annos;Alto;5;1988;Millennials;24924;Cuenca;1,261;30;0;115;
CLI830;F;Si;75;Si;Artista;+20annos;Medio;2;1949;Generacion X;103896;Toledo;0,818;50;0;352;0,5
CLI831;M;Si;56;No;Artista;+20annos;Bajo;3;1968;Generacion X;115197;Navarra;1,737;30;1;192;
CLI832;M;Si;57;Si;Ejecutivo;+20annos;Bajo;4;1967;Generacion X;63230;Madrid;1,463;80;0;448;1
CLI833;M;Si;34;Si;Negocios/empresa;10-20annos;Alto;4;1990;Millennials;18652;Zaragoza;1,008;30;0;311;0,5
CLI834;M;No;43;No;Ingeniero;+20annos;Bajo;1;1981;Millennials;22058;Murcia;1,974;30;1;394;3
CLI835;M;;66;Si;Servicios;+20annos;Alto;1;1958;Generacion X;80622;Alicante;1,365;50;0;193;
CLI836;F;Si;55;Si;Ejecutivo;+20annos;Alto;3;1969;Generacion X;62807;Huesca;1,639;80;0;569;1
CLI837;F;No;21;No;Funcionario;<10annos;Bajo;4;2003;Generacion Z;21347;Ceuta;3,099;30;0;348;0,5
CLI838;M;No;20;No;Funcionario;<10annos;Bajo;6;2004;Generacion Z;13092;Santa Cruz de Tenerife;2,168;30;0;361;0,5
CLI839;M;Si;41;Si;Artista;10-20annos;Bajo;2;1983;Millennials;65812;Valencia;1,008;50;1;269;
CLI840;F;Si;55;Si;Medico;+20annos;Medio;3;1969;Generacion X;73106;Zamora;0,603;80;0;224;
CLI841;F;No;22;No;Funcionario;<10annos;Bajo;1;2002;Generacion Z;16616;Valencia;1,098;30;0;478;3
CLI842;M;No;21;No;Funcionario;<10annos;Bajo;6;2003;Generacion Z;12690;Badajoz;13,395;30;1;262;
CLI843;M;No;34;Si;Funcionario;10-20annos;Bajo;4;1990;Millennials;18097;Huelva;1,008;30;0;276;
CLI844;M;Si;58;Si;Medico;+20annos;Medio;2;1966;Generacion X;51540;Castellon;1,091;50;0;519;4
CLI845;F;Si;29;Si;Artista;<10annos;Medio;2;1995;Millennials;29161;Caceres;1,305;30;1;121;
CLI846;M;No;41;Si;Funcionario;10-20annos;Bajo;3;1983;Millennials;32624;Zamora;1,261;30;1;295;
CLI847;F;Si;54;No;Funcionario;+20annos;Medio;2;1970;Generacion X;103064;Tarragona;1,717;120;0;86;
CLI848;M;Si;77;No;Otros;+20annos;Bajo;1;1947;Generacion X;54255;Alicante;0,564;30;0;308;0,5
CLI849;F;Si;53;No;Servicios;+20annos;Alto;2;1971;Generacion X;72220;Pontevedra;0,779;30;1;113;
CLI850;M;No;23;No;Funcionario;<10annos;Bajo;4;2001;Generacion Z;13825;Pontevedra;2,892;30;1;373;3
CLI851;M;No;21;No;Funcionario;<10annos;Bajo;4;2003;Generacion Z;16688;Orense;1,581;30;0;496;3
CLI852;M;;67;No;Servicios;+20annos;Alto;1;1957;Generacion X;57687;La Rioja;0,583;30;1;390;3
CLI853;M;No;34;No;Funcionario;10-20annos;Bajo;3;1990;Millennials;29241;Melilla;1,376;30;1;249;
CLI854;F;Si;72;Si;Servicios;+20annos;Alto;3;1952;Generacion X;21336;ivila;1,346;30;1;193;
CLI855;M;Si;80;No;Ejecutivo;+20annos;Bajo;1;1944;Generacion Silenciosa;43517;Leon;1,6;30;0;443;3
CLI856;F;Si;55;Si;Artista;+20annos;Medio;3;1969;Generacion X;23520;Guadalajara;1,209;30;0;77;
CLI857;M;Si;77;Si;Servicios;+20annos;Bajo;1;1947;Generacion X;58235;Orense;1,404;50;1;226;
CLI858;M;Si;64;Si;Ingeniero;+20annos;Bajo;1;1960;Generacion X;92957;Guipiºzcoa;0,779;50;1;156;
CLI859;F;;64;No;Negocios/empresa;+20annos;Alto;6;1960;Generacion X;29197;Baleares;1,619;30;0;314;0,5
CLI860;M;No;20;Si;Funcionario;<10annos;Bajo;2;2004;Generacion Z;16651;Burgos;1,857;30;0;497;3
CLI861;M;No;35;No;Funcionario;10-20annos;Bajo;4;1989;Millennials;23911;Ceuta;1,652;30;0;549;4
CLI862;F;No;44;Si;Servicios;+20annos;Bajo;1;1980;Generacion X;74353;Granada;1,399;50;0;199;
CLI863;F;No;54;Si;Negocios/empresa;+20annos;Bajo;5;1970;Generacion X;52339;Las Palmas;0,818;30;0;168;
CLI864;M;No;39;Si;Artista;10-20annos;Bajo;1;1985;Millennials;21523;Burgos;1,836;30;0;505;1
CLI865;F;Si;44;Si;Ingeniero;+20annos;Bajo;2;1980;Generacion X;95803;Huesca;0,732;50;0;565;4
CLI866;M;No;33;Si;Negocios/empresa;10-20annos;Bajo;4;1991;Millennials;26546;Baleares;0,916;30;0;163;
CLI867;F;No;39;Si;Artista;10-20annos;Bajo;1;1985;Millennials;19423;Baleares;1,813;30;0;569;1
CLI868;M;Si;31;No;Medico;<10annos;Bajo;5;1993;Millennials;28870;Melilla;0,847;30;0;304;0,5
CLI869;M;No;33;;Negocios/empresa;10-20annos;Bajo;1;1991;Millennials;18058;Cordoba;1,836;30;0;344;0,5
CLI870;M;Si;43;Si;Funcionario;+20annos;Medio;2;1981;Millennials;71265;ilava;0,732;50;0;238;
CLI871;M;No;43;Si;Otros;+20annos;Bajo;8;1981;Millennials;37696;Huelva;1,192;30;1;324;0,5
CLI872;F;Si;29;Si;Ingeniero;<10annos;Alto;7;1995;Millennials;30342;Gerona;1,167;30;1;299;
CLI873;M;Si;40;Si;Artista;10-20annos;Alto;3;1984;Millennials;82120;Gerona;0,732;30;0;562;4
CLI874;F;No;29;Si;Construccion;<10annos;Bajo;1;1995;Millennials;31471;Albacete;2,685;30;1;311;0,5
CLI875;M;No;23;No;Funcionario;<10annos;Bajo;3;2001;Generacion Z;19266;Jaen;2,202;30;0;198;
CLI876;F;No;50;Si;Artista;+20annos;Bajo;1;1974;Generacion X;74155;Vizcaya;1,209;50;0;56;
CLI877;M;Si;50;No;Otros;+20annos;Medio;4;1974;Generacion X;79280;Orense;0,564;30;0;332;0,5
CLI878;F;Si;69;Si;Artista;+20annos;Medio;3;1955;Generacion X;104865;ilava;1,209;80;1;365;
CLI879;F;No;50;Si;Artista;+20annos;Bajo;1;1974;Generacion X;128329;Navarra;1,072;50;0;240;
CLI880;F;Si;30;Si;Funcionario;<10annos;Alto;2;1994;Millennials;19028;Las Palmas;1,238;30;1;330;0,5
CLI881;M;Si;52;No;Ejecutivo;+20annos;Bajo;7;1972;Generacion X;93455;Zaragoza;1,306;30;1;324;0,5
CLI882;M;Si;40;Si;Artista;10-20annos;Medio;4;1984;Millennials;75768;Pontevedra;0,87;30;0;257;
CLI883;M;Si;54;Si;Artista;+20annos;Medio;2;1970;Generacion X;128179;ilava;1,717;50;1;329;0,5
CLI884;M;No;28;No;Medico;<10annos;Bajo;4;1996;Millennials;22505;Leon;1,995;30;0;263;
CLI885;M;No;35;No;Funcionario;10-20annos;Bajo;7;1989;Millennials;30499;Madrid;1,238;30;0;203;
CLI886;M;Si;45;No;Ejecutivo;+20annos;Alto;3;1979;Generacion X;96400;Valladolid;1,79;30;0;241;
CLI887;F;Si;55;Si;Artista;+20annos;Medio;4;1969;Generacion X;120880;Jaen;1,58;80;0;85;
CLI888;F;Si;69;Si;Artista;+20annos;Alto;2;1955;Generacion X;65345;Orense;1,267;50;0;504;1
CLI889;M;Si;76;No;Ejecutivo;+20annos;Bajo;4;1948;Generacion X;57473;Segovia;0,7;30;0;341;0,5
CLI890;F;Si;68;Si;Ingeniero;+20annos;Bajo;1;1956;Generacion X;103882;Lugo;0,603;50;1;135;
CLI891;M;Si;69;Si;Negocios/empresa;+20annos;Alto;3;1955;Generacion X;127478;Almeri­a;1,033;80;1;304;0,5
CLI892;F;Si;40;Si;Artista;10-20annos;Bajo;2;1984;Millennials;89618;Palencia;1,33;50;1;256;
CLI893;F;Si;34;No;Ingeniero;10-20annos;Bajo;2;1990;Millennials;23298;Cuenca;1,537;30;0;137;
CLI894;F;No;50;No;Otros;+20annos;Bajo;2;1974;Generacion X;125382;Jaen;1,658;120;0;150;
CLI895;F;Si;50;Si;Artista;+20annos;Medio;4;1974;Generacion X;26148;Toledo;1,404;30;0;452;3
CLI896;M;No;29;No;Medico;<10annos;Bajo;3;1995;Millennials;23518;Teruel;1,65;30;1;278;
CLI897;M;Si;54;No;Artista;+20annos;Medio;4;1970;Generacion X;50717;Cuenca;0,896;30;0;552;4
CLI898;F;No;42;Si;Negocios/empresa;+20annos;Bajo;3;1982;Millennials;64226;Malaga;0,847;30;0;179;
CLI899;F;Si;81;Si;Servicios;+20annos;Alto;2;1943;Generacion Silenciosa;21450;Orense;1,678;30;0;206;
CLI900;M;No;67;Si;Servicios;+20annos;Bajo;1;1957;Generacion X;77014;Zaragoza;1,287;50;0;108;
CLI901;F;No;29;Si;Funcionario;<10annos;Bajo;1;1995;Millennials;23399;Malaga;1,305;30;1;145;
CLI902;F;Si;77;Si;Servicios;+20annos;Alto;2;1947;Generacion X;97284;ilava;1,619;50;0;179;
CLI903;F;No;33;No;Medico;10-20annos;Bajo;3;1991;Millennials;18822;La Corui±a;1,376;30;0;535;4
CLI904;F;Si;63;Si;Artista;+20annos;Medio;4;1961;Generacion X;122616;Orense;1,091;80;1;113;
CLI905;F;Si;39;;Servicios;10-20annos;Medio;4;1985;Millennials;24438;Lugo;1,238;30;0;274;
CLI906;M;No;22;No;Funcionario;<10annos;Bajo;3;2002;Generacion Z;13632;Santa Cruz de Tenerife;2,444;30;1;114;
CLI907;M;No;21;No;Funcionario;<10annos;Bajo;4;2003;Generacion Z;19230;Teruel;1,823;30;0;156;
CLI908;M;No;57;Si;Artista;+20annos;Bajo;3;1967;Generacion X;118200;Jaen;0,896;80;0;221;
CLI909;M;No;34;Si;Artista;10-20annos;Bajo;6;1990;Millennials;24029;Segovia;1,192;30;1;107;
CLI910;M;No;24;No;Negocios/empresa;<10annos;Bajo;3;2000;Generacion Z;23843;Pontevedra;3,03;30;0;64;
CLI911;M;Si;30;Si;Construccion;<10annos;Bajo;1;1994;Millennials;21728;Guipiºzcoa;1,445;30;0;287;
CLI912;F;;43;Si;Artista;+20annos;Bajo;3;1981;Millennials;44868;Salamanca;1,859;30;0;171;
CLI913;F;No;31;No;Construccion;<10annos;Bajo;1;1993;Millennials;23742;Lugo;1,583;30;0;538;4
CLI914;M;Si;65;No;Ingeniero;+20annos;Medio;4;1959;Generacion X;52930;Melilla;1,717;30;1;139;
CLI915;F;Si;63;Si;Artista;+20annos;Medio;3;1961;Generacion X;120166;Alicante;1,091;80;0;400;3
CLI916;M;No;28;Si;Funcionario;<10annos;Bajo;4;1996;Millennials;20559;Valencia;2,513;30;0;463;3
CLI917;F;Si;44;No;Ingeniero;+20annos;Bajo;3;1980;Generacion X;83124;Cadiz;1,284;30;0;497;3
CLI918;F;Si;58;Si;Artista;+20annos;Bajo;2;1966;Generacion X;119047;Navarra;1,209;50;0;52;
CLI919;F;No;35;Si;Artista;10-20annos;Bajo;1;1989;Millennials;29259;Navarra;1,33;30;1;271;
CLI920;F;No;77;Si;Artista;+20annos;Bajo;2;1947;Generacion X;92710;Badajoz;0,681;50;0;558;4
CLI921;M;No;53;Si;Ingeniero;+20annos;Bajo;1;1971;Generacion X;97426;La Rioja;0,603;50;0;324;0,5
CLI922;M;Si;83;Si;Servicios;+20annos;Alto;2;1941;Generacion Silenciosa;68137;Caceres;1,15;50;0;504;4
CLI923;M;Si;68;Si;Artista;+20annos;Bajo;1;1956;Generacion X;32399;Melilla;1,052;30;1;238;
CLI924;M;Si;45;No;Artista;+20annos;Medio;6;1979;Generacion X;65860;Malaga;1,238;30;0;271;
CLI925;M;Si;61;Si;Artista;+20annos;Medio;3;1963;Generacion X;81157;Las Palmas;0,759;80;0;421;3
CLI926;F;No;39;Si;Artista;10-20annos;Bajo;1;1985;Millennials;28175;Jaen;1,054;30;0;52;
CLI927;F;No;22;No;Funcionario;<10annos;Bajo;3;2002;Generacion Z;15959;Santa Cruz de Tenerife;2,306;30;0;106;
CLI928;M;No;22;No;Funcionario;<10annos;Bajo;3;2002;Generacion Z;20728;Valladolid;2,03;30;1;213;
CLI929;F;No;39;No;Servicios;10-20annos;Bajo;5;1985;Millennials;19933;Badajoz;1,031;30;0;164;
CLI930;F;Si;62;Si;Otros;+20annos;Medio;3;1962;Generacion X;87971;Madrid;1,189;80;1;400;3
CLI931;M;Si;43;No;Ejecutivo;+20annos;Alto;7;1981;Millennials;59268;Cadiz;1,123;30;0;573;4
CLI932;M;Si;46;Si;Otros;+20annos;Bajo;3;1978;Generacion X;81082;Navarra;1,189;80;0;412;3
CLI933;M;Si;39;Si;Artista;10-20annos;Medio;2;1985;Millennials;31973;Castellon;1,882;30;0;365;
CLI934;F;No;39;No;Ingeniero;10-20annos;Bajo;1;1985;Millennials;29996;Las Palmas;1,376;30;0;452;3
CLI935;M;No;36;Si;Funcionario;10-20annos;Bajo;2;1988;Millennials;27020;Barcelona;1,951;30;0;113;
CLI936;M;No;46;Si;Artista;+20annos;Bajo;2;1978;Generacion X;29119;Soria;1,072;30;0;37;
CLI937;M;No;39;Si;Artista;10-20annos;Bajo;2;1985;Millennials;22333;Huesca;1,169;30;0;438;3
CLI938;F;No;30;No;Funcionario;<10annos;Bajo;3;1994;Millennials;25422;ilava;0,778;30;1;256;
CLI939;M;No;36;No;Otros;10-20annos;Bajo;2;1988;Millennials;21115;Alicante;1,491;30;0;122;
CLI940;F;No;35;Si;Artista;10-20annos;Bajo;1;1989;Millennials;26109;Melilla;1,79;30;1;229;
CLI941;F;No;39;No;Otros;10-20annos;Bajo;2;1985;Millennials;27023;Jaen;1,008;30;0;227;
CLI942;M;No;24;No;Funcionario;<10annos;Bajo;9;2000;Generacion Z;14455;Zamora;2,72;30;0;594;4
CLI943;M;Si;44;Si;Artista;+20annos;Medio;4;1980;Generacion X;126703;Granada;1,422;200;1;117;
CLI944;M;Si;56;Si;Artista;+20annos;Medio;2;1968;Generacion X;23636;Pontevedra;1,033;30;1;392;3
CLI945;M;Si;97;Si;Servicios;+20annos;Bajo;1;1927;Generacion Silenciosa;75893;Pontevedra;1,111;50;1;184;
CLI946;M;Si;90;Si;Servicios;+20annos;Alto;2;1934;Generacion Silenciosa;34190;La Corui±a;1,209;30;1;123;
CLI947;M;Si;47;Si;Artista;+20annos;Medio;3;1977;Generacion X;119303;Lugo;0,837;80;0;324;0,5
CLI948;F;No;32;No;Negocios/empresa;10-20annos;Bajo;4;1992;Millennials;20940;Caceres;2,043;30;0;51;
CLI949;F;No;42;Si;Artista;+20annos;Bajo;1;1982;Millennials;70389;ivila;0,939;50;0;525;4
CLI950;M;Si;41;Si;Artista;10-20annos;Medio;3;1983;Millennials;83728;Cuenca;1,077;30;0;216;
CLI951;M;No;35;Si;Funcionario;10-20annos;Bajo;6;1989;Millennials;25136;Gerona;1,997;30;0;435;3
CLI952;M;No;29;Si;Otros;<10annos;Bajo;4;1995;Millennials;19177;Melilla;2,133;30;0;53;
CLI953;M;Si;43;Si;Otros;+20annos;Medio;4;1981;Millennials;75802;Segovia;0,87;30;0;284;
CLI954;F;No;47;Si;Artista;+20annos;Bajo;1;1977;Generacion X;47700;Guipiºzcoa;1,717;50;0;119;
CLI955;M;Si;56;Si;Medico;+20annos;Medio;2;1968;Generacion X;33623;Ceuta;0,857;30;1;344;0,5
CLI956;M;Si;57;Si;Artista;+20annos;Medio;2;1967;Generacion X;61571;Segovia;0,642;50;0;291;
CLI957;M;No;56;No;Otros;+20annos;Bajo;1;1968;Generacion X;62002;Cuenca;0,642;30;1;370;3
CLI958;M;No;22;No;Funcionario;<10annos;Bajo;4;2002;Generacion Z;20697;Castellon;2,099;30;1;305;0,5
CLI959;M;No;36;No;Funcionario;10-20annos;Bajo;5;1988;Millennials;28482;ivila;1,629;30;0;360;0,5
CLI960;F;No;40;Si;Otros;10-20annos;Bajo;1;1984;Millennials;28652;Barcelona;0,916;30;0;246;
CLI961;F;Si;43;No;Ingeniero;+20annos;Medio;6;1981;Millennials;35443;Guadalajara;2,043;30;0;545;4
CLI962;M;Si;53;Si;Artista;+20annos;Bajo;2;1971;Generacion X;111430;Sevilla;0,935;50;1;225;
CLI963;F;Si;86;No;Servicios;+20annos;Alto;2;1938;Generacion Silenciosa;41048;Guipiºzcoa;0,876;30;0;362;0,5
CLI964;M;Si;51;Si;Artista;+20annos;Bajo;1;1973;Generacion X;80701;Vizcaya;0,681;50;1;335;0,5
CLI965;F;Si;29;No;Construccion;<10annos;Bajo;4;1995;Millennials;23585;Valladolid;2,996;30;1;199;
CLI966;M;No;29;No;Funcionario;<10annos;Bajo;7;1995;Millennials;23654;Tarragona;2,237;30;1;111;
CLI967;F;No;41;Si;Ingeniero;10-20annos;Bajo;1;1983;Millennials;31726;Badajoz;1,445;30;1;389;3
CLI968;F;Si;83;Si;Construccion;+20annos;Alto;1;1941;Generacion Silenciosa;120809;Sevilla;0,915;50;0;225;
CLI969;M;No;21;No;Medico;<10annos;Bajo;5;2003;Generacion Z;23100;Valencia;1,995;30;1;389;3
CLI970;M;No;24;No;Funcionario;<10annos;Bajo;4;2000;Generacion Z;21510;Tarragona;1,512;30;0;444;3
CLI971;M;Si;30;No;Ingeniero;<10annos;Bajo;3;1994;Millennials;27443;Las Palmas;1,146;30;0;304;0,5
CLI972;M;;63;Si;Artista;+20annos;Alto;3;1961;Generacion X;127339;Baleares;1,306;80;0;280;
CLI973;F;No;35;No;Artista;10-20annos;Bajo;5;1989;Millennials;26242;Pontevedra;0,847;30;0;373;3
CLI974;M;Si;41;No;Otros;10-20annos;Medio;4;1983;Millennials;73879;Teruel;2,02;30;0;160;
CLI975;F;No;36;Si;Negocios/empresa;10-20annos;Bajo;3;1988;Millennials;18353;Caceres;0,87;30;0;381;3
CLI976;F;Si;63;No;Ingeniero;+20annos;Bajo;1;1961;Generacion X;57274;Huelva;0,583;30;0;283;
CLI977;M;No;39;Si;Otros;10-20annos;Bajo;3;1985;Millennials;23091;Huelva;0,985;30;0;191;
CLI978;F;No;29;Si;Artista;<10annos;Bajo;3;1995;Millennials;28530;Las Palmas;2,099;30;0;104;
CLI979;M;No;34;Si;Medico;10-20annos;Bajo;2;1990;Millennials;20691;Zamora;1,56;30;0;113;
CLI980;F;No;58;Si;Artista;+20annos;Bajo;1;1966;Generacion X;90300;Vizcaya;0,681;50;0;232;
CLI981;F;Si;62;Si;Ingeniero;+20annos;Alto;2;1962;Generacion X;33989;Lugo;1,15;30;1;241;
CLI982;M;Si;72;Si;Servicios;+20annos;Bajo;1;1952;Generacion X;60509;Pontevedra;1,619;50;0;175;
CLI983;M;No;25;No;Funcionario;<10annos;Bajo;3;1999;Generacion Z;29853;Valladolid;2,099;30;0;432;3
CLI984;M;Si;75;No;Ejecutivo;+20annos;Alto;2;1949;Generacion X;124206;Zaragoza;0,72;120;1;153;
CLI985;F;No;35;No;Construccion;10-20annos;Bajo;1;1989;Millennials;20789;Murcia;1,261;30;0;407;3
CLI986;F;No;23;No;Funcionario;<10annos;Bajo;5;2001;Generacion Z;15590;ilava;1,857;30;0;489;3
CLI987;F;Si;67;Si;Artista;+20annos;Bajo;2;1957;Generacion X;111025;Ciudad Real;1,365;50;1;300;
CLI988;M;Si;28;Si;Otros;<10annos;Medio;2;1996;Millennials;27727;Segovia;2,375;30;0;236;
CLI989;F;Si;40;Si;Otros;10-20annos;Medio;3;1984;Millennials;68088;Teruel;1,192;30;1;299;
CLI990;M;No;28;No;Ejecutivo;<10annos;Bajo;1;1996;Millennials;21430;Badajoz;2,202;30;0;126;
CLI991;M;Si;64;Si;Artista;+20annos;Medio;4;1960;Generacion X;47748;Segovia;11,305;30;0;463;3
CLI992;M;Si;73;Si;Ejecutivo;+20annos;Bajo;2;1951;Generacion X;35358;Navarra;1,385;50;0;293;
CLI993;F;No;46;Si;Artista;+20annos;Bajo;2;1978;Generacion X;37446;La Corui±a;1,541;50;0;356;0,5
CLI994;F;Si;40;Si;Medico;10-20annos;Bajo;2;1984;Millennials;43205;Huesca;1,882;50;0;280;
CLI995;M;Si;64;No;Artista;+20annos;Bajo;2;1960;Generacion X;116350;Ciudad Real;1,756;120;1;142;
CLI996;F;No;40;No;Ingeniero;10-20annos;Bajo;1;1984;Millennials;76364;Teruel;1,79;120;1;104;
CLI997;M;No;31;No;Funcionario;<10annos;Bajo;4;1993;Millennials;29256;Murcia;0,87;30;1;126;
CLI998;M;Si;50;No;Artista;+20annos;Medio;2;1974;Generacion X;56317;Huesca;0,661;30;1;209;
CLI999;F;Si;39;No;Otros;10-20annos;Bajo;2;1985;Millennials;30676;Gerona;1,1;30;0;46;
CLI1000;M;Si;65;Si;Artista;+20annos;Medio;3;1959;Generacion X;36756;Toledo;1,717;30;0;407;3
CLI1001;M;Si;54;Si;Otros;+20annos;Bajo;1;1970;Generacion X;31813;Valladolid;1,013;30;0;124;
CLI1002;F;No;56;Si;Otros;+20annos;Bajo;1;1968;Generacion X;33444;Ceuta;1,209;30;0;407;3
CLI1003;M;No;44;Si;Artista;+20annos;Bajo;2;1980;Generacion X;117230;Orense;1,307;50;1;124;
CLI1004;F;;54;No;Funcionario;+20annos;Medio;2;1970;Generacion X;101647;Cadiz;1,443;120;0;132;
CLI1005;F;Si;81;Si;Servicios;+20annos;Bajo;1;1943;Generacion Silenciosa;22520;Navarra;1,697;30;0;220;
CLI1006;M;No;30;Si;Funcionario;<10annos;Bajo;2;1994;Millennials;24574;Santa Cruz de Tenerife;1,514;30;1;168;
CLI1007;M;Si;77;Si;Artista;+20annos;Alto;2;1947;Generacion X;74519;Baleares;0,681;50;0;350;0,5
CLI1008;F;Si;68;Si;Servicios;+20annos;Bajo;2;1956;Generacion X;61865;Valladolid;0,779;50;0;335;0,5
CLI1009;M;No;41;Si;Artista;10-20annos;Bajo;1;1983;Millennials;100722;Granada;1,56;50;0;95;
CLI1010;F;No;44;No;Funcionario;+20annos;Bajo;3;1980;Generacion X;82413;Zaragoza;0,709;30;1;128;
CLI1011;M;No;52;Si;Servicios;+20annos;Bajo;1;1972;Generacion X;79139;Orense;1,658;50;0;452;1
CLI1012;M;Si;57;Si;Otros;+20annos;Medio;4;1967;Generacion X;117511;Santa Cruz de Tenerife;1,091;80;0;154;
CLI1013;F;Si;63;Si;Ejecutivo;+20annos;Medio;2;1961;Generacion X;108660;Soria;1,502;50;1;374;3
CLI1014;M;No;41;Si;Artista;10-20annos;Bajo;3;1983;Millennials;44266;Huelva;1,33;30;0;521;1
CLI1015;M;Si;66;Si;Artista;+20annos;Bajo;1;1958;Generacion X;127240;Lugo;0,955;50;1;274;
CLI1016;M;Si;47;Si;Ejecutivo;+20annos;Alto;3;1977;Generacion X;52676;Toledo;0,622;30;0;291;
CLI1017;M;Si;41;Si;Otros;10-20annos;Bajo;1;1983;Millennials;124759;Santa Cruz de Tenerife;1,721;50;0;554;1
CLI1018;M;Si;65;Si;Otros;+20annos;Medio;3;1959;Generacion X;44490;Cadiz;0,955;30;0;524;4
CLI1019;F;Si;66;Si;Artista;+20annos;Bajo;3;1958;Generacion X;67634;La Rioja;1,15;80;0;111;
CLI1020;M;Si;76;No;Servicios;+20annos;Bajo;3;1948;Generacion X;46622;La Rioja;1,267;30;1;173;
CLI1021;M;Si;54;Si;Ejecutivo;+20annos;Alto;4;1970;Generacion X;126658;Baleares;1,17;80;1;193;
CLI1022;M;No;25;No;Funcionario;<10annos;Bajo;5;1999;Generacion Z;20965;Leon;1,029;30;0;141;
CLI1023;F;Si;47;Si;Artista;+20annos;Medio;3;1977;Generacion X;124410;Melilla;0,583;80;0;393;3
CLI1024;F;No;24;No;Funcionario;<10annos;Bajo;7;2000;Generacion Z;21094;Cordoba;2,306;30;1;262;
CLI1025;M;No;32;No;Funcionario;10-20annos;Bajo;4;1992;Millennials;25237;Castellon;1,077;30;1;366;3
CLI1026;M;Si;29;Si;Negocios/empresa;<10annos;Bajo;2;1995;Millennials;31110;Ciudad Real;2,961;30;0;389;3
CLI1027;F;Si;40;No;Artista;10-20annos;Medio;4;1984;Millennials;83811;Ciudad Real;0,916;30;1;261;
CLI1028;F;No;61;Si;Otros;+20annos;Bajo;1;1963;Generacion X;103487;Vizcaya;1,17;50;1;353;0,5
CLI1029;F;Si;65;Si;Ingeniero;+20annos;Bajo;1;1959;Generacion X;75992;Toledo;0,994;50;1;292;
CLI1030;F;Si;91;Si;Artista;+20annos;Alto;2;1933;Generacion Silenciosa;58680;Las Palmas;1,15;50;0;300;
CLI1031;F;No;61;Si;Medico;+20annos;Bajo;1;1963;Generacion X;91443;Zamora;1,326;50;1;129;
CLI1032;M;Si;58;Si;Artista;+20annos;Medio;3;1966;Generacion X;39553;Valencia;0,583;30;0;254;
CLI1033;M;Si;68;Si;Artista;+20annos;Medio;3;1956;Generacion X;57588;Navarra;0,642;80;1;352;0,5
CLI1034;M;Si;80;No;Ejecutivo;+20annos;Alto;3;1944;Generacion Silenciosa;25836;Salamanca;1,385;30;1;241;
CLI1035;M;Si;50;No;Medico;+20annos;Alto;4;1974;Generacion X;75442;Segovia;1,58;30;0;239;
CLI1036;F;;31;Si;Funcionario;<10annos;Bajo;8;1993;Millennials;26652;Gerona;0,824;30;1;195;
CLI1037;M;No;31;Si;Funcionario;<10annos;Bajo;4;1993;Millennials;24193;Caceres;2,02;30;0;368;3
CLI1038;M;No;28;No;Negocios/empresa;<10annos;Bajo;2;1996;Millennials;24374;Valencia;2,996;30;1;304;0,5
CLI1039;M;Si;57;Si;Ingeniero;+20annos;Medio;3;1967;Generacion X;106443;Murcia;11,305;80;0;508;4
CLI1040;M;Si;67;Si;Otros;+20annos;Medio;3;1957;Generacion X;91822;Huesca;1,424;80;1;375;3
CLI1041;F;No;30;Si;Artista;<10annos;Bajo;4;1994;Millennials;23289;Badajoz;1,307;30;0;482;3
CLI1042;M;Si;34;Si;Otros;10-20annos;Medio;2;1990;Millennials;19946;Caceres;1,629;30;0;290;
CLI1043;M;No;44;Si;Artista;+20annos;Bajo;4;1980;Generacion X;56575;Guadalajara;2,066;30;0;155;
CLI1044;M;No;30;Si;Artista;<10annos;Bajo;3;1994;Millennials;19601;Huelva;1,468;30;0;552;4
CLI1045;F;No;66;Si;Artista;+20annos;Bajo;1;1958;Generacion X;105819;Toledo;0,974;50;1;146;
CLI1046;M;Si;44;Si;Funcionario;+20annos;Alto;2;1980;Generacion X;119013;LLeida;1,905;50;0;309;0,5
CLI1047;M;Si;35;No;Otros;10-20annos;Bajo;2;1989;Millennials;18982;Guipiºzcoa;1,675;30;1;355;0,5
CLI1048;F;Si;46;Si;Ingeniero;+20annos;Bajo;2;1978;Generacion X;99447;Alicante;0,72;50;0;301;0,5
CLI1049;M;Si;35;Si;Medico;10-20annos;Medio;2;1989;Millennials;30064;Tarragona;2,02;30;0;564;4
CLI1050;M;No;30;Si;Artista;<10annos;Bajo;2;1994;Millennials;21754;Murcia;0,916;30;1;112;
CLI1051;M;No;32;No;Otros;10-20annos;Bajo;5;1992;Millennials;21692;Salamanca;1,997;30;0;47;
CLI1052;M;No;47;Si;Otros;+20annos;Bajo;5;1977;Generacion X;38073;Palencia;0,583;30;1;132;
CLI1053;M;Si;53;Si;Medico;+20annos;Medio;2;1971;Generacion X;33107;Madrid;1,639;30;1;245;
CLI1054;M;Si;68;No;Otros;+20annos;Medio;6;1956;Generacion X;126776;La Rioja;0,564;200;0;181;
CLI1055;F;No;46;Si;Artista;+20annos;Bajo;2;1978;Generacion X;102397;Las Palmas;1,248;50;0;251;
CLI1056;M;Si;28;Si;Artista;<10annos;Medio;2;1996;Millennials;19350;Gerona;1,374;30;0;339;0,5
CLI1057;M;No;34;No;Artista;10-20annos;Bajo;1;1990;Millennials;31836;Barcelona;1,33;30;0;146;
CLI1058;M;Si;67;Si;Funcionario;+20annos;Bajo;4;1957;Generacion X;69046;Huelva;0,837;80;0;478;3
CLI1059;F;No;29;No;Construccion;<10annos;Bajo;1;1995;Millennials;20122;Gerona;1,685;30;1;189;
CLI1060;F;No;30;Si;Medico;<10annos;Bajo;4;1994;Millennials;23820;Navarra;0,985;30;1;146;
CLI1061;F;Si;44;Si;Artista;+20annos;Bajo;2;1980;Generacion X;71184;Almeri­a;1,56;50;0;354;0,5
CLI1062;F;No;25;No;Funcionario;<10annos;Bajo;4;1999;Generacion Z;24524;La Corui±a;2,34;30;0;226;
CLI1063;M;Si;50;Si;Ejecutivo;+20annos;Alto;4;1974;Generacion X;45305;Teruel;1,482;30;0;203;
CLI1064;F;No;41;Si;Artista;10-20annos;Bajo;1;1983;Millennials;30678;Sevilla;1,491;30;0;412;1
CLI1065;M;Si;31;Si;Medico;<10annos;Bajo;2;1993;Millennials;20103;Navarra;1,537;30;0;495;3
CLI1066;M;Si;77;No;Negocios/empresa;+20annos;Bajo;2;1947;Generacion X;46419;Tarragona;1,502;30;1;194;
CLI1067;M;Si;41;Si;Artista;10-20annos;Medio;2;1983;Millennials;124087;Cadiz;1,583;50;1;316;0,5
CLI1068;F;No;21;No;Medico;<10annos;Bajo;4;2003;Generacion Z;21978;Ciudad Real;1,65;30;1;205;
CLI1069;M;Si;53;No;Servicios;+20annos;Medio;4;1971;Generacion X;128848;Valencia;1,209;200;0;443;3
CLI1070;M;;62;Si;Artista;+20annos;Medio;5;1962;Generacion X;104677;Burgos;1,365;30;0;292;
CLI1071;M;Si;40;No;Artista;10-20annos;Medio;3;1984;Millennials;103897;Albacete;0,732;30;1;252;
CLI1072;M;Si;69;No;Otros;+20annos;Medio;5;1955;Generacion X;57992;Barcelona;1,111;30;0;303;0,5
CLI1073;F;Si;75;Si;Artista;+20annos;Medio;2;1949;Generacion X;105557;Albacete;1,189;50;0;334;0,5
CLI1074;F;No;30;Si;Funcionario;<10annos;Bajo;4;1994;Millennials;21213;Murcia;1,928;30;0;263;
CLI1075;M;No;33;Si;Otros;10-20annos;Bajo;3;1991;Millennials;29105;Las Palmas;1,054;30;0;302;0,5
CLI1076;F;No;36;Si;Medico;10-20annos;Bajo;3;1988;Millennials;31432;Orense;1,307;30;1;256;
CLI1077;M;Si;28;No;Otros;<10annos;Bajo;2;1996;Millennials;26466;Caceres;3,099;30;1;207;
CLI1078;F;No;41;Si;Otros;10-20annos;Bajo;2;1983;Millennials;30661;Zaragoza;1,284;30;1;148;
CLI1079;M;No;33;Si;Otros;10-20annos;Bajo;3;1991;Millennials;22717;Valencia;1,238;30;1;330;0,5
CLI1080;F;Si;73;Si;Ingeniero;+20annos;Medio;2;1951;Generacion X;51345;Salamanca;1,033;50;0;422;3
CLI1081;F;No;34;No;Ingeniero;10-20annos;Bajo;1;1990;Millennials;18672;Santa Cruz de Tenerife;1,882;30;1;381;3
CLI1082;F;No;34;Si;Ingeniero;10-20annos;Bajo;3;1990;Millennials;19470;Orense;1,192;30;0;551;4
CLI1083;F;Si;50;Si;Artista;+20annos;Alto;5;1974;Generacion X;22982;Pontevedra;0,798;30;0;138;
CLI1084;M;Si;46;No;Otros;+20annos;Bajo;3;1978;Generacion X;112823;Sevilla;1,209;30;0;109;
CLI1085;F;Si;51;Si;Artista;+20annos;Medio;2;1973;Generacion X;107122;Huelva;1,463;50;1;246;
CLI1086;F;Si;84;Si;Servicios;+20annos;Alto;2;1940;Generacion Silenciosa;119335;Malaga;1,561;50;0;119;
CLI1087;M;No;28;Si;Funcionario;<10annos;Bajo;4;1996;Millennials;25387;Huelva;2,513;30;0;497;3
CLI1088;F;Si;45;Si;Ingeniero;+20annos;Medio;3;1979;Generacion X;96862;ilava;1,629;30;0;351;0,5
CLI1089;M;Si;54;Si;Ingeniero;+20annos;Medio;2;1970;Generacion X;127708;LLeida;1,248;50;1;193;
CLI1090;M;No;35;No;Servicios;10-20annos;Bajo;5;1989;Millennials;18702;Barcelona;1,123;30;0;120;
CLI1091;M;Si;61;No;Artista;+20annos;Bajo;2;1963;Generacion X;50966;Orense;0,955;30;0;216;
CLI1092;M;Si;73;Si;Ejecutivo;+20annos;Alto;2;1951;Generacion X;35032;Ciudad Real;11,305;50;0;445;1
CLI1093;F;Si;75;Si;Artista;+20annos;Bajo;1;1949;Generacion X;22149;Cordoba;1,502;30;0;198;
CLI1094;M;No;23;No;Servicios;<10annos;Bajo;1;2001;Generacion Z;18902;Orense;2,34;30;0;474;3
CLI1095;F;No;43;Si;Artista;+20annos;Bajo;1;1981;Millennials;77752;Murcia;1,353;50;1;179;
CLI1096;F;No;29;Si;Funcionario;<10annos;Bajo;2;1995;Millennials;27922;Caceres;1,823;30;0;238;
CLI1097;M;No;24;No;Funcionario;<10annos;Bajo;1;2000;Generacion Z;16470;Guadalajara;2,237;30;0;426;3
CLI1098;M;No;22;No;Funcionario;<10annos;Bajo;4;2002;Generacion Z;21967;Cuenca;1,443;30;1;391;3
CLI1099;F;Si;55;Si;Medico;+20annos;Bajo;3;1969;Generacion X;124610;Valencia;1,365;80;0;119;
CLI1100;F;Si;92;Si;Artista;+20annos;Alto;2;1932;Generacion Silenciosa;45101;Baleares;0,603;50;1;283;
CLI1101;M;No;47;Si;Artista;+20annos;Bajo;5;1977;Generacion X;101121;Huesca;0,994;30;0;540;4
CLI1102;F;Si;69;Si;Otros;+20annos;Medio;4;1955;Generacion X;129925;Santa Cruz de Tenerife;0,955;80;0;481;3
CLI1103;M;No;41;Si;Otros;10-20annos;Bajo;1;1983;Millennials;94338;Cuenca;1,721;50;0;128;
CLI1104;M;Si;34;No;Ingeniero;10-20annos;Medio;3;1990;Millennials;31024;Las Palmas;1,997;30;1;356;0,5
CLI1105;M;No;29;No;Otros;<10annos;Bajo;3;1995;Millennials;19259;ivila;2,823;30;0;561;4
CLI1106;M;Si;45;Si;Otros;+20annos;Medio;3;1979;Generacion X;109609;Barcelona;1,767;30;0;427;3
CLI1107;F;Si;68;Si;Artista;+20annos;Alto;2;1956;Generacion X;62054;Zaragoza;1,385;50;1;344;0,5
CLI1108;M;Si;50;Si;Ejecutivo;+20annos;Alto;4;1974;Generacion X;79684;Lugo;1,091;80;1;166;
CLI1109;F;Si;31;No;Ingeniero;<10annos;Bajo;3;1993;Millennials;26657;ilava;0,755;30;0;139;
CLI1110;F;Si;98;Si;Servicios;+20annos;Alto;2;1926;Generacion Silenciosa;23228;Huesca;0,7;30;1;149;
CLI1111;M;No;22;No;Funcionario;<10annos;Bajo;4;2002;Generacion Z;18311;Cordoba;1,616;30;0;167;
CLI1112;F;No;44;Si;Ingeniero;+20annos;Bajo;2;1980;Generacion X;27814;Gerona;1,077;30;0;163;
CLI1113;M;No;25;No;Funcionario;<10annos;Bajo;4;1999;Generacion Z;22146;Valencia;11,325;30;1;193;
CLI1114;M;No;45;Si;Artista;+20annos;Bajo;1;1979;Generacion X;40783;Toledo;1,836;50;0;135;
CLI1115;M;Si;86;No;Servicios;+20annos;Alto;2;1938;Generacion Silenciosa;39374;Caceres;1,424;30;0;369;3
CLI1116;F;No;47;Si;Ingeniero;+20annos;Bajo;1;1977;Generacion X;61425;La Rioja;1,287;50;1;172;
CLI1117;F;Si;63;Si;Artista;+20annos;Alto;4;1961;Generacion X;117739;Orense;0,72;80;1;120;
CLI1118;M;Si;61;Si;Ejecutivo;+20annos;Alto;3;1963;Generacion X;66612;Castellon;1,033;80;1;142;
CLI1119;F;No;30;Si;Ingeniero;<10annos;Bajo;1;1994;Millennials;22067;Madrid;1,675;30;0;506;4
CLI1120;M;Si;56;Si;Ejecutivo;+20annos;Alto;4;1968;Generacion X;90699;Malaga;0,779;80;0;272;
CLI1121;M;Si;39;Si;Ejecutivo;10-20annos;Alto;4;1985;Millennials;26585;Jaen;1,445;30;1;218;
CLI1122;M;Si;54;Si;Otros;+20annos;Medio;3;1970;Generacion X;129351;Sevilla;0,681;80;0;226;
CLI1123;F;No;36;Si;Funcionario;10-20annos;Bajo;2;1988;Millennials;26050;Segovia;1,376;30;1;263;
CLI1124;F;Si;66;Si;Artista;+20annos;Medio;2;1958;Generacion X;67648;La Corui±a;1,756;50;0;489;3
CLI1125;M;Si;57;Si;Artista;+20annos;Bajo;3;1967;Generacion X;66493;Pontevedra;1,033;80;0;138;
CLI1126;F;No;46;Si;Artista;+20annos;Bajo;2;1978;Generacion X;30010;Cuenca;1,697;30;1;309;0,5
CLI1127;F;No;31;Si;Negocios/empresa;<10annos;Bajo;3;1993;Millennials;27624;Almeri­a;1,652;30;0;41;
CLI1128;F;Si;47;Si;Artista;+20annos;Alto;3;1977;Generacion X;124565;Gerona;1,385;80;1;136;
CLI1129;M;No;28;Si;Funcionario;<10annos;Bajo;4;1996;Millennials;25123;Palencia;2,34;30;0;206;
CLI1130;F;Si;56;Si;Artista;+20annos;Bajo;2;1968;Generacion X;99600;Caceres;1,189;50;0;75;
CLI1131;M;Si;46;Si;Artista;+20annos;Medio;3;1978;Generacion X;24802;Gerona;1,541;30;0;345;0,5
CLI1132;M;No;22;No;Funcionario;<10annos;Bajo;5;2002;Generacion Z;16756;Tarragona;1,995;30;0;568;4
CLI1133;M;;88;No;Servicios;+20annos;Bajo;1;1936;Generacion Silenciosa;120404;Valladolid;1,619;120;0;582;4
CLI1134;F;Si;45;Si;Artista;+20annos;Alto;4;1979;Generacion X;116161;Zaragoza;1,583;30;0;110;
CLI1135;F;Si;78;Si;Servicios;+20annos;Bajo;2;1946;Generacion X;37497;Sevilla;1,541;50;0;321;0,5
CLI1136;F;Si;46;Si;Artista;+20annos;Medio;2;1978;Generacion X;58069;Ciudad Real;0,837;50;1;208;
CLI1137;M;Si;62;Si;Artista;+20annos;Medio;2;1962;Generacion X;63923;Leon;1,443;50;0;301;0,5
CLI1138;F;Si;45;Si;Funcionario;+20annos;Medio;2;1979;Generacion X;72603;Barcelona;1,33;50;0;304;0,5
CLI1139;M;Si;79;Si;Otros;+20annos;Bajo;2;1945;Generacion Silenciosa;87154;Las Palmas;1,482;50;0;530;1
CLI1140;F;No;33;No;Otros;10-20annos;Bajo;4;1991;Millennials;26164;Cuenca;1,376;30;0;349;0,5
CLI1141;F;No;28;Si;Otros;<10annos;Bajo;6;1996;Millennials;26872;Zamora;2,306;30;0;485;3
CLI1142;M;No;36;Si;Negocios/empresa;10-20annos;Bajo;4;1988;Millennials;19678;Caceres;2,043;30;0;385;1
CLI1143;M;No;29;Si;Artista;<10annos;Bajo;1;1995;Millennials;19955;Guadalajara;2,858;30;0;457;3
CLI1144;M;Si;42;No;Ejecutivo;+20annos;Alto;3;1982;Millennials;44616;Orense;0,686;30;0;547;4
CLI1145;M;Si;66;Si;Servicios;+20annos;Bajo;2;1958;Generacion X;81936;Jaen;1,482;50;0;309;0,5
CLI1146;F;Si;87;No;Servicios;+20annos;Alto;3;1937;Generacion Silenciosa;38753;La Corui±a;1,463;30;0;101;
CLI1147;F;No;42;Si;Negocios/empresa;+20annos;Bajo;4;1982;Millennials;77408;Pontevedra;1,169;30;1;136;
CLI1148;M;Si;62;Si;Artista;+20annos;Medio;1;1962;Generacion X;40991;Soria;1,404;50;0;233;
CLI1149;M;Si;80;No;Construccion;+20annos;Bajo;1;1944;Generacion Silenciosa;79359;Tarragona;0,915;120;0;100;
CLI1150;F;No;24;No;Funcionario;<10annos;Bajo;7;2000;Generacion Z;22851;Las Palmas;2,651;30;1;300;
CLI1151;M;Si;46;No;Negocios/empresa;+20annos;Bajo;3;1978;Generacion X;112847;Ciudad Real;1,678;30;1;108;
CLI1152;M;Si;79;No;Servicios;+20annos;Alto;2;1945;Generacion Silenciosa;46449;Santa Cruz de Tenerife;1,091;30;0;43;
CLI1153;F;No;36;Si;Funcionario;10-20annos;Bajo;3;1988;Millennials;18022;La Rioja;1,629;30;0;378;1
CLI1154;M;Si;58;Si;Ejecutivo;+20annos;Medio;4;1966;Generacion X;125441;Ciudad Real;0,955;80;0;589;4
CLI1155;F;No;28;No;Funcionario;<10annos;Bajo;5;1996;Millennials;19141;Gerona;2,306;30;1;237;
CLI1156;M;Si;51;Si;Artista;+20annos;Medio;3;1973;Generacion X;85366;Leon;0,896;80;0;367;3
CLI1157;M;No;20;No;Funcionario;<10annos;Bajo;3;2004;Generacion Z;17954;La Rioja;1,685;30;1;154;
CLI1158;F;No;66;Si;Ingeniero;+20annos;Bajo;1;1958;Generacion X;72980;LLeida;1,424;50;1;180;
CLI1159;M;No;24;No;Medico;<10annos;Bajo;4;2000;Generacion Z;14802;Salamanca;2,72;30;0;309;0,5
CLI1160;M;No;24;No;Funcionario;<10annos;Bajo;5;2000;Generacion Z;23862;Ceuta;1,754;30;0;318;0,5
CLI1161;M;No;20;No;Funcionario;<10annos;Bajo;5;2004;Generacion Z;15234;Malaga;1,167;30;0;486;3
CLI1162;M;Si;43;Si;Medico;+20annos;Alto;3;1981;Millennials;104940;Zaragoza;1,675;30;1;313;0,5
CLI1163;M;No;21;No;Funcionario;<10annos;Bajo;5;2003;Generacion Z;14093;Zamora;3,065;30;0;110;
CLI1164;F;No;33;No;Artista;10-20annos;Bajo;1;1991;Millennials;27364;Huesca;0,663;30;0;375;3
CLI1165;M;No;25;No;Funcionario;<10annos;Bajo;5;1999;Generacion Z;28503;Jaen;1,443;30;0;509;4
CLI1166;M;No;25;No;Funcionario;<10annos;Bajo;7;1999;Generacion Z;28626;Segovia;1,512;30;1;362;0,5
CLI1167;F;No;53;Si;Artista;+20annos;Bajo;1;1971;Generacion X;40924;Pontevedra;1,6;50;1;261;
CLI1168;M;Si;43;Si;Artista;+20annos;Bajo;1;1981;Millennials;54379;Burgos;1,56;50;0;396;1
CLI1169;F;No;62;Si;Artista;+20annos;Bajo;1;1962;Generacion X;99586;Toledo;1,326;50;0;419;1
CLI1170;M;Si;69;No;Artista;+20annos;Medio;2;1955;Generacion X;113441;Las Palmas;0,876;120;1;352;0,5
CLI1171;F;Si;78;No;Ingeniero;+20annos;Alto;4;1946;Generacion X;74052;Leon;1,756;30;1;206;
CLI1172;F;Si;77;Si;Otros;+20annos;Alto;2;1947;Generacion X;57412;Vizcaya;1,541;50;0;277;
CLI1173;M;Si;92;No;Servicios;+20annos;Bajo;1;1932;Generacion Silenciosa;31748;Cuenca;1,346;30;1;395;3
CLI1174;M;Si;43;Si;Ejecutivo;+20annos;Alto;6;1981;Millennials;26646;Castellon;1,077;30;1;142;
CLI1175;M;Si;46;Si;Artista;+20annos;Bajo;4;1978;Generacion X;61564;Toledo;1,541;80;0;519;1
CLI1176;M;Si;51;Si;Artista;+20annos;Bajo;2;1973;Generacion X;37426;Ceuta;1,287;50;0;233;
CLI1177;M;Si;69;No;Ejecutivo;+20annos;Medio;3;1955;Generacion X;22912;LLeida;1,541;30;0;478;3
CLI1178;F;Si;61;No;Artista;+20annos;Bajo;3;1963;Generacion X;26125;Huelva;1,639;30;0;155;
CLI1179;M;Si;46;Si;Ingeniero;+20annos;Bajo;2;1978;Generacion X;104799;Tarragona;0,7;50;1;242;
CLI1180;F;Si;64;Si;Artista;+20annos;Medio;2;1960;Generacion X;76757;Zaragoza;0,622;50;0;38;
CLI1181;F;Si;97;Si;Servicios;+20annos;Bajo;1;1927;Generacion Silenciosa;96248;Madrid;1,58;50;0;250;
CLI1182;M;Si;47;Si;Artista;+20annos;Medio;2;1977;Generacion X;71633;Melilla;1,756;50;1;197;
CLI1183;M;Si;80;Si;Ejecutivo;+20annos;Alto;3;1944;Generacion Silenciosa;27423;Burgos;1,541;30;1;325;0,5
CLI1184;M;Si;39;Si;Otros;10-20annos;Medio;1;1985;Millennials;18667;ivila;2,043;30;0;269;
CLI1185;M;No;33;No;Funcionario;10-20annos;Bajo;5;1991;Millennials;18687;Santa Cruz de Tenerife;1,652;30;0;575;4
CLI1186;M;Si;33;No;Medico;10-20annos;Medio;2;1991;Millennials;21729;Barcelona;1,1;30;1;137;
CLI1187;M;Si;51;Si;Funcionario;+20annos;Alto;3;1973;Generacion X;39681;Tarragona;0,994;30;0;314;0,5
CLI1188;F;Si;47;Si;Artista;+20annos;Medio;2;1977;Generacion X;89713;Cuenca;1,17;50;0;111;
CLI1189;F;Si;40;No;Otros;10-20annos;Alto;3;1984;Millennials;90058;Alicante;1,79;30;1;392;3
CLI1190;F;Si;52;Si;Servicios;+20annos;Bajo;1;1972;Generacion X;51921;Ciudad Real;0,896;50;1;227;
CLI1191;M;Si;69;Si;Otros;+20annos;Bajo;1;1955;Generacion X;31473;La Rioja;1,15;30;0;232;
CLI1192;M;Si;39;Si;Artista;10-20annos;Bajo;2;1985;Millennials;31713;Albacete;0,939;30;1;165;
CLI1193;F;No;34;Si;Artista;10-20annos;Bajo;2;1990;Millennials;23364;Toledo;1,652;30;0;519;4
CLI1194;F;Si;50;Si;Artista;+20annos;Medio;4;1974;Generacion X;60485;Valencia;1,678;80;0;255;
CLI1195;M;No;29;No;Ejecutivo;<10annos;Bajo;2;1995;Millennials;30716;Cuenca;11,325;30;0;263;
CLI1196;M;Si;41;No;Medico;10-20annos;Medio;2;1983;Millennials;51206;Zaragoza;1,629;30;0;462;3
CLI1197;F;Si;29;No;Medico;<10annos;Medio;2;1995;Millennials;28834;Valencia;0,995;30;1;356;0,5
CLI1198;M;Si;41;No;Otros;10-20annos;Bajo;5;1983;Millennials;27087;Cadiz;0,87;30;0;33;
CLI1199;F;Si;58;Si;Artista;+20annos;Medio;3;1966;Generacion X;126233;Zamora;0,661;80;0;285;
CLI1200;F;No;61;Si;Artista;+20annos;Bajo;1;1963;Generacion X;105293;Huelva;1,619;50;1;244;
CLI1201;M;Si;46;Si;Ejecutivo;+20annos;Alto;6;1978;Generacion X;111041;Zaragoza;1,717;30;0;142;
CLI1202;F;Si;51;Si;Artista;+20annos;Medio;2;1973;Generacion X;117939;Ciudad Real;1,287;50;1;194;
CLI1203;M;Si;33;Si;Funcionario;10-20annos;Bajo;6;1991;Millennials;20233;Huelva;0,893;30;1;186;
CLI1204;M;No;69;Si;Artista;+20annos;Bajo;1;1955;Generacion X;92943;Valencia;1,658;50;0;169;
CLI1205;M;Si;57;Si;Otros;+20annos;Bajo;4;1967;Generacion X;119039;Palencia;0,759;80;0;497;3
CLI1206;F;No;31;Si;Medico;<10annos;Bajo;2;1993;Millennials;18580;Madrid;1,077;30;1;120;
CLI1207;F;No;22;No;Funcionario;<10annos;Bajo;5;2002;Generacion Z;16048;Vizcaya;1,305;30;0;325;0,5
CLI1208;M;Si;66;Si;Ejecutivo;+20annos;Alto;3;1958;Generacion X;52056;Lugo;0,857;30;0;320;0,5
CLI1209;M;Si;46;Si;Funcionario;+20annos;Medio;4;1978;Generacion X;48663;Zaragoza;0,564;30;0;556;4
CLI1210;M;Si;51;Si;Medico;+20annos;Medio;6;1973;Generacion X;24098;Teruel;0,564;30;0;340;0,5
CLI1211;M;Si;41;Si;Artista;10-20annos;Medio;2;1983;Millennials;72462;Orense;0,732;50;0;309;0,5
CLI1212;F;No;46;Si;Artista;+20annos;Bajo;1;1978;Generacion X;113111;Teruel;1,541;50;1;326;0,5
CLI1213;F;Si;51;Si;Artista;+20annos;Medio;4;1973;Generacion X;25806;Navarra;1,385;30;0;47;
CLI1214;M;Si;54;No;Funcionario;+20annos;Bajo;7;1970;Generacion X;91019;Palencia;1,619;30;0;490;3
CLI1215;F;Si;98;No;Servicios;+20annos;Alto;2;1926;Generacion Silenciosa;65005;Malaga;1,033;30;0;372;3
CLI1216;F;Si;42;No;Otros;+20annos;Bajo;1;1982;Millennials;31175;Valladolid;1,56;30;1;212;
CLI1217;M;Si;53;Si;Artista;+20annos;Medio;2;1971;Generacion X;126290;Segovia;0,818;50;0;405;3
CLI1218;F;Si;56;Si;Artista;+20annos;Bajo;4;1968;Generacion X;57787;Valladolid;1,209;80;0;363;0,5
CLI1219;M;Si;80;Si;Artista;+20annos;Alto;2;1944;Generacion Silenciosa;24963;Barcelona;1,091;30;1;276;
CLI1220;M;No;33;Si;Funcionario;10-20annos;Bajo;4;1991;Millennials;24228;Teruel;1,514;30;0;289;
CLI1221;F;Si;51;Si;Artista;+20annos;Bajo;1;1973;Generacion X;93981;Soria;1,326;50;0;250;
CLI1222;F;Si;72;Si;Servicios;+20annos;Medio;2;1952;Generacion X;113186;La Corui±a;1,209;50;1;100;
CLI1223;F;No;40;No;Artista;10-20annos;Bajo;1;1984;Millennials;79168;Albacete;0,87;120;0;486;3
CLI1224;F;No;28;Si;Funcionario;<10annos;Bajo;3;1996;Millennials;22761;Pontevedra;1,823;30;1;123;
CLI1225;F;No;34;No;Servicios;10-20annos;Bajo;3;1990;Millennials;31742;Albacete;1,813;30;0;218;
CLI1226;M;Si;47;Si;Ejecutivo;+20annos;Alto;4;1977;Generacion X;89540;Lugo;1,111;80;0;524;4
CLI1227;F;Si;36;Si;Construccion;10-20annos;Alto;2;1988;Millennials;20239;Jaen;1,215;30;0;597;4
CLI1228;M;No;33;Si;Otros;10-20annos;Bajo;1;1991;Millennials;31340;Vizcaya;1,215;30;0;306;0,5
CLI1229;F;;23;No;Funcionario;<10annos;Bajo;4;2001;Generacion Z;12373;Valladolid;2,961;30;1;384;3
CLI1230;F;No;28;Si;Ingeniero;<10annos;Bajo;2;1996;Millennials;30592;Madrid;1,65;30;0;411;3
CLI1231;M;Si;54;Si;Artista;+20annos;Medio;4;1970;Generacion X;74625;Cadiz;1,737;80;1;241;
CLI1232;F;No;34;Si;Artista;10-20annos;Bajo;1;1990;Millennials;19015;Alicante;1,767;30;0;397;3
CLI1233;M;;36;No;Funcionario;10-20annos;Bajo;3;1988;Millennials;19289;Baleares;1,675;30;0;516;4
CLI1234;F;No;30;Si;Medico;<10annos;Bajo;8;1994;Millennials;18747;Soria;1,146;30;1;340;0,5
CLI1235;F;No;36;Si;Otros;10-20annos;Bajo;3;1988;Millennials;21607;Baleares;1,56;30;0;110;
CLI1236;M;Si;39;Si;Artista;10-20annos;Medio;2;1985;Millennials;18436;LLeida;1,468;30;1;207;
CLI1237;M;No;21;No;Funcionario;<10annos;Bajo;5;2003;Generacion Z;20384;Malaga;2,858;30;0;273;
CLI1238;F;Si;28;No;Negocios/empresa;<10annos;Alto;5;1996;Millennials;18951;ilava;2,961;30;1;258;
CLI1239;M;Si;63;No;Ejecutivo;+20annos;Alto;4;1961;Generacion X;116537;Vizcaya;1,717;30;1;122;
CLI1240;M;Si;50;No;Ejecutivo;+20annos;Medio;4;1974;Generacion X;125353;Badajoz;0,896;200;0;266;
CLI1241;F;Si;52;No;Construccion;+20annos;Alto;3;1972;Generacion X;38958;Soria;1,561;30;0;527;4
CLI1242;M;Si;22;;Negocios/empresa;<10annos;Medio;3;2002;Generacion Z;21990;Segovia;2,064;30;0;124;
CLI1243;F;No;36;Si;Medico;10-20annos;Bajo;2;1988;Millennials;28313;Baleares;1,169;30;0;230;
CLI1244;M;Si;50;Si;Artista;+20annos;Bajo;1;1974;Generacion X;95487;Barcelona;1,502;50;0;335;0,5
CLI1245;M;No;30;No;Funcionario;<10annos;Bajo;3;1994;Millennials;20673;Palencia;1,031;30;0;280;
CLI1246;F;Si;42;Si;Ingeniero;+20annos;Bajo;1;1982;Millennials;99952;Lugo;1,629;50;0;45;
CLI1247;F;No;42;No;Ingeniero;+20annos;Bajo;3;1982;Millennials;67463;Orense;0,778;30;0;449;3
CLI1248;M;No;96;No;Servicios;+20annos;Bajo;1;1928;Generacion Silenciosa;76479;Soria;1,502;120;1;250;
CLI1249;M;No;33;Si;Medico;10-20annos;Bajo;3;1991;Millennials;18849;Valladolid;1,33;30;0;326;0,5
CLI1250;M;Si;63;Si;Otros;+20annos;Medio;7;1961;Generacion X;55112;Jaen;0,603;30;1;119;
CLI1251;F;Si;69;Si;Artista;+20annos;Bajo;2;1955;Generacion X;66611;Zamora;0,583;50;0;288;
CLI1252;M;No;55;No;Medico;+20annos;Bajo;3;1969;Generacion X;44606;Santa Cruz de Tenerife;1,737;30;0;335;0,5
CLI1253;M;Si;75;Si;Ejecutivo;+20annos;Alto;2;1949;Generacion X;66346;Las Palmas;1,502;50;0;515;1
CLI1254;F;Si;36;No;Otros;10-20annos;Bajo;2;1988;Millennials;29272;Santa Cruz de Tenerife;1,721;30;0;452;3
CLI1255;F;Si;41;Si;Medico;10-20annos;Bajo;2;1983;Millennials;67784;Ciudad Real;1,836;50;1;142;
CLI1256;F;No;28;No;Ingeniero;<10annos;Bajo;6;1996;Millennials;31086;Baleares;12,015;30;1;345;0,5
CLI1257;F;No;32;No;Ingeniero;10-20annos;Bajo;5;1992;Millennials;30462;La Corui±a;0,663;30;0;320;0,5
CLI1258;F;No;35;Si;Funcionario;10-20annos;Bajo;2;1989;Millennials;31921;Santa Cruz de Tenerife;1,284;30;0;557;4
CLI1259;F;Si;75;No;Ingeniero;+20annos;Bajo;1;1949;Generacion X;126009;Albacete;1,678;120;1;225;
CLI1260;M;Si;95;Si;Servicios;+20annos;Alto;2;1929;Generacion Silenciosa;35276;Gerona;1,385;50;1;340;0,5
CLI1261;M;Si;54;Si;Artista;+20annos;Bajo;3;1970;Generacion X;39073;Jaen;1,228;30;1;276;
CLI1262;F;Si;35;Si;Construccion;10-20annos;Alto;2;1989;Millennials;23416;Madrid;1,56;30;1;265;
CLI1263;M;Si;31;Si;Funcionario;<10annos;Bajo;4;1993;Millennials;18920;Melilla;2,043;30;0;427;3
CLI1264;F;No;29;Si;Construccion;<10annos;Bajo;1;1995;Millennials;21641;Castellon;14,085;30;1;136;
CLI1265;M;Si;91;No;Servicios;+20annos;Bajo;1;1933;Generacion Silenciosa;108310;Valladolid;1,619;120;1;192;
CLI1266;F;No;69;Si;Artista;+20annos;Bajo;1;1955;Generacion X;83153;Madrid;0,779;50;0;299;
CLI1267;M;Si;72;No;Servicios;+20annos;Alto;2;1952;Generacion X;104900;Cadiz;1,678;120;0;479;3
CLI1268;F;Si;42;Si;Artista;+20annos;Medio;3;1982;Millennials;70520;Soria;1,836;30;1;334;0,5
CLI1269;M;Si;67;Si;Otros;+20annos;Bajo;1;1957;Generacion X;99980;Granada;1,502;50;0;330;0,5
CLI1270;F;Si;51;Si;Artista;+20annos;Bajo;2;1973;Generacion X;96424;Almeri­a;1,541;50;0;504;1
CLI1271;F;No;33;Si;Medico;10-20annos;Bajo;2;1991;Millennials;21650;Pontevedra;0,916;30;1;100;
CLI1272;M;Si;51;;Otros;+20annos;Medio;5;1973;Generacion X;76609;Almeri­a;0,564;30;0;584;4
CLI1273;M;No;58;No;Otros;+20annos;Bajo;1;1966;Generacion X;51532;Gerona;1,111;30;0;287;
CLI1274;M;No;24;No;Funcionario;<10annos;Bajo;5;2000;Generacion Z;22471;Alicante;3,099;30;1;369;3
CLI1275;F;Si;46;Si;Artista;+20annos;Medio;2;1978;Generacion X;100037;Albacete;0,974;50;0;182;
CLI1276;F;Si;63;Si;Medico;+20annos;Bajo;7;1961;Generacion X;52220;Pontevedra;1,424;30;0;529;1
CLI1277;F;Si;54;No;Ingeniero;+20annos;Bajo;2;1970;Generacion X;120106;La Rioja;1,482;120;0;126;
CLI1278;F;No;28;No;Artista;<10annos;Bajo;3;1996;Millennials;20792;Leon;1,098;30;0;393;3
CLI1279;F;No;34;Si;Ingeniero;10-20annos;Bajo;1;1990;Millennials;30390;Zamora;1,79;30;0;211;
CLI1280;M;No;28;No;Funcionario;<10annos;Bajo;5;1996;Millennials;27276;Caceres;14,775;30;1;192;
CLI1281;M;No;36;Si;Funcionario;10-20annos;Bajo;5;1988;Millennials;21564;Cuenca;1,445;30;1;297;
CLI1282;M;No;32;Si;Funcionario;10-20annos;Bajo;6;1992;Millennials;18704;Leon;0,916;30;1;335;0,5
CLI1283;M;Si;42;Si;Artista;+20annos;Medio;4;1982;Millennials;52548;Gerona;1,859;30;0;450;3
CLI1284;M;Si;68;Si;Ejecutivo;+20annos;Alto;2;1956;Generacion X;42720;Huesca;1,013;50;0;224;
CLI1285;M;Si;65;No;Ingeniero;+20annos;Bajo;1;1959;Generacion X;125440;Huesca;1,267;120;0;546;4
CLI1286;F;Si;30;Si;Otros;<10annos;Bajo;5;1994;Millennials;22765;Burgos;0,755;30;0;304;0,5
CLI1287;F;Si;56;Si;Artista;+20annos;Medio;3;1968;Generacion X;74773;Alicante;0,759;80;1;316;0,5
CLI1288;M;No;65;No;Otros;+20annos;Bajo;3;1959;Generacion X;120501;Sevilla;0,915;200;0;176;
CLI1289;F;Si;86;No;Construccion;+20annos;Bajo;1;1938;Generacion Silenciosa;98837;Huelva;0,72;120;1;146;
CLI1290;F;No;41;Si;Artista;10-20annos;Bajo;1;1983;Millennials;86764;Segovia;1,514;50;0;233;
CLI1291;M;Si;41;Si;Ejecutivo;10-20annos;Alto;4;1983;Millennials;27901;Murcia;1,859;30;1;220;
CLI1292;M;Si;33;No;Artista;10-20annos;Medio;2;1991;Millennials;30253;Granada;1,261;30;0;335;0,5
CLI1293;M;Si;47;Si;Otros;+20annos;Medio;2;1977;Generacion X;37949;Navarra;1,639;50;1;102;
CLI1294;M;No;44;Si;Artista;+20annos;Bajo;2;1980;Generacion X;115415;Soria;0,755;50;1;206;
CLI1295;F;No;44;Si;Artista;+20annos;Bajo;2;1980;Generacion X;60067;Palencia;0,663;50;0;76;
CLI1296;F;No;33;No;Ingeniero;10-20annos;Bajo;5;1991;Millennials;28833;Las Palmas;1,56;30;0;454;3
CLI1297;F;Si;44;Si;Artista;+20annos;Medio;2;1980;Generacion X;59329;Ceuta;1,33;50;0;572;4
CLI1298;F;Si;68;Si;Artista;+20annos;Alto;3;1956;Generacion X;109157;Burgos;0,818;80;1;337;0,5
CLI1299;M;No;24;No;Funcionario;<10annos;Bajo;8;2000;Generacion Z;16723;Ceuta;14,775;30;0;551;4
CLI1300;F;Si;73;Si;Servicios;+20annos;Alto;2;1951;Generacion X;118619;Huelva;0,994;50;1;272;
CLI1301;M;Si;74;Si;Artista;+20annos;Bajo;1;1950;Generacion X;102618;ilava;1,619;50;1;172;
CLI1302;M;Si;55;Si;Artista;+20annos;Medio;3;1969;Generacion X;112969;Valencia;15,215;80;0;107;
CLI1303;M;No;30;No;Funcionario;<10annos;Bajo;3;1994;Millennials;20619;Albacete;1,261;30;0;396;3
CLI1304;M;No;31;Si;Medico;<10annos;Bajo;3;1993;Millennials;22210;Gerona;1,744;30;1;302;0,5
CLI1305;M;Si;50;Si;Medico;+20annos;Medio;2;1974;Generacion X;35801;Almeri­a;1,463;50;1;304;0,5
CLI1306;M;Si;65;Si;Artista;+20annos;Medio;2;1959;Generacion X;116175;Albacete;0,837;50;0;180;
CLI1307;M;No;21;No;Funcionario;<10annos;Bajo;2;2003;Generacion Z;17538;La Corui±a;2,375;30;0;199;
CLI1308;M;Si;68;Si;Artista;+20annos;Bajo;4;1956;Generacion X;73083;Tarragona;0,681;80;1;187;
CLI1309;F;No;79;Si;Servicios;+20annos;Bajo;1;1945;Generacion Silenciosa;79156;Burgos;0,955;50;1;365;
CLI1310;M;No;21;No;Funcionario;<10annos;Bajo;4;2003;Generacion Z;21199;Cuenca;2,064;30;0;185;
CLI1311;F;No;31;Si;Otros;<10annos;Bajo;3;1993;Millennials;20852;Toledo;1,445;30;1;111;
CLI1312;M;No;28;No;Medico;<10annos;Bajo;4;1996;Millennials;25538;Santa Cruz de Tenerife;2,858;30;0;207;
CLI1313;M;Si;40;Si;Otros;10-20annos;Bajo;2;1984;Millennials;108269;Tarragona;1,813;50;1;269;
CLI1314;F;No;36;Si;Funcionario;10-20annos;Bajo;2;1988;Millennials;25546;Pontevedra;1,491;30;0;139;
CLI1315;M;Si;65;No;Otros;+20annos;Medio;4;1959;Generacion X;65193;Vizcaya;1,013;30;0;65;
CLI1316;M;No;22;No;Funcionario;<10annos;Bajo;4;2002;Generacion Z;13891;La Corui±a;1,581;30;0;588;4
CLI1317;M;No;25;No;Funcionario;<10annos;Bajo;5;1999;Generacion Z;19474;Zamora;1,788;30;0;461;3
CLI1318;M;Si;30;No;Servicios;<10annos;Medio;6;1994;Millennials;28495;Zaragoza;1,054;30;0;485;3
CLI1319;F;No;51;Si;Artista;+20annos;Bajo;2;1973;Generacion X;96491;Santa Cruz de Tenerife;1,639;50;0;485;1
CLI1320;F;Si;81;No;Servicios;+20annos;Alto;2;1943;Generacion Silenciosa;126204;Almeri­a;1,697;120;0;454;3
CLI1321;M;No;29;No;Medico;<10annos;Bajo;1;1995;Millennials;23117;Madrid;2,099;30;1;170;
CLI1322;M;Si;84;Si;Artista;+20annos;Bajo;1;1940;Generacion Silenciosa;107431;Pontevedra;0,798;50;0;211;
CLI1323;M;No;45;Si;Artista;+20annos;Bajo;3;1979;Generacion X;105402;Leon;0,663;30;0;507;4
CLI1324;F;No;35;No;Negocios/empresa;10-20annos;Bajo;1;1989;Millennials;22446;Guadalajara;1,882;30;0;481;3
CLI1325;F;Si;33;No;Artista;10-20annos;Medio;2;1991;Millennials;21224;Granada;1,836;30;1;189;
CLI1326;M;Si;77;No;Servicios;+20annos;Bajo;2;1947;Generacion X;37378;ilava;0,935;30;0;156;
CLI1327;M;Si;55;Si;Artista;+20annos;Bajo;3;1969;Generacion X;33367;Guipiºzcoa;1,306;30;0;220;
CLI1328;M;Si;43;No;Ejecutivo;+20annos;Alto;4;1981;Millennials;85797;Murcia;1,031;30;0;431;3
CLI1329;F;Si;46;Si;Artista;+20annos;Bajo;2;1978;Generacion X;123477;Burgos;0,72;50;0;133;
CLI1330;F;Si;44;Si;Artista;+20annos;Bajo;3;1980;Generacion X;117703;Las Palmas;1,376;30;0;54;
CLI1331;F;Si;43;Si;Construccion;+20annos;Bajo;1;1981;Millennials;27520;Madrid;1,744;30;0;457;1
CLI1332;F;Si;97;Si;Servicios;+20annos;Alto;2;1927;Generacion Silenciosa;106336;Cordoba;1,697;50;0;543;1
CLI1333;F;No;47;Si;Artista;+20annos;Bajo;1;1977;Generacion X;86975;Soria;1,619;50;0;98;
CLI1334;M;No;21;No;Funcionario;<10annos;Bajo;3;2003;Generacion Z;14397;Ceuta;2,789;30;0;321;0,5
CLI1335;F;Si;50;No;Artista;+20annos;Bajo;1;1974;Generacion X;90589;Palencia;0,74;120;0;586;4
CLI1336;F;;33;Si;Servicios;10-20annos;Medio;4;1991;Millennials;27778;Murcia;1,399;30;0;241;
CLI1337;F;Si;43;;Medico;+20annos;Bajo;1;1981;Millennials;94188;Ceuta;0,801;120;1;291;
CLI1338;F;No;39;Si;Funcionario;10-20annos;Bajo;1;1985;Millennials;28374;Almeri­a;1,974;30;0;296;
CLI1339;M;Si;58;Si;Medico;+20annos;Bajo;3;1966;Generacion X;67875;Barcelona;0,7;80;0;587;4
CLI1340;M;No;23;No;Funcionario;<10annos;Bajo;4;2001;Generacion Z;12410;Leon;2,064;30;0;340;0,5
CLI1341;F;No;24;;Otros;<10annos;Bajo;3;2000;Generacion Z;15143;Gerona;2,892;30;0;542;4
CLI1342;M;Si;42;No;Artista;+20annos;Medio;3;1982;Millennials;39580;Guadalajara;1,077;30;1;118;
CLI1343;M;Si;40;Si;Ejecutivo;10-20annos;Medio;3;1984;Millennials;81695;Valencia;1,629;30;0;261;
CLI1344;M;Si;69;Si;Artista;+20annos;Medio;4;1955;Generacion X;112238;Soria;0,7;80;1;140;
CLI1345;M;No;34;Si;Artista;10-20annos;Bajo;2;1990;Millennials;24820;Melilla;1,284;30;1;349;0,5
CLI1346;M;No;28;No;Otros;<10annos;Bajo;1;1996;Millennials;20720;Ceuta;1,547;30;0;538;4
CLI1347;M;Si;57;Si;Otros;+20annos;Bajo;2;1967;Generacion X;124732;Caceres;1,756;50;1;131;
CLI1348;M;No;21;No;Funcionario;<10annos;Bajo;4;2003;Generacion Z;12643;Granada;2,34;30;0;376;3
CLI1349;F;No;39;Si;Funcionario;10-20annos;Bajo;1;1985;Millennials;27755;ilava;1,629;30;1;183;
CLI1350;F;No;33;No;Funcionario;10-20annos;Bajo;4;1991;Millennials;18885;Gerona;0,985;30;0;412;3
CLI1351;F;Si;65;Si;Artista;+20annos;Medio;5;1959;Generacion X;127573;Palencia;1,619;200;1;299;
CLI1352;F;No;28;No;Ingeniero;<10annos;Bajo;3;1996;Millennials;22930;Leon;2,685;30;0;366;3
CLI1353;M;Si;85;Si;Servicios;+20annos;Bajo;1;1939;Generacion Silenciosa;39679;Segovia;1,072;50;0;375;3
CLI1354;F;Si;64;Si;Medico;+20annos;Medio;2;1960;Generacion X;69810;Palencia;0,915;50;0;590;4
CLI1355;F;Si;42;Si;Artista;+20annos;Bajo;4;1982;Millennials;79905;Cordoba;1,353;30;0;482;1
CLI1356;M;Si;32;No;Negocios/empresa;10-20annos;Bajo;4;1992;Millennials;25746;Guipiºzcoa;1,767;30;0;365;
CLI1357;M;Si;62;Si;Artista;+20annos;Medio;3;1962;Generacion X;28975;Guadalajara;0,876;30;0;198;
CLI1358;F;No;41;Si;Otros;10-20annos;Bajo;2;1983;Millennials;34107;Madrid;1,537;30;1;313;0,5
CLI1359;M;Si;54;Si;Medico;+20annos;Medio;4;1970;Generacion X;103002;Castellon;1,072;80;1;385;3
CLI1360;F;No;45;Si;Artista;+20annos;Bajo;1;1979;Generacion X;125369;Ciudad Real;1,399;50;0;87;
CLI1361;M;;61;Si;Artista;+20annos;Medio;3;1963;Generacion X;44290;Zaragoza;1,443;30;0;46;
CLI1362;M;No;31;Si;Medico;<10annos;Bajo;1;1993;Millennials;30947;Zaragoza;1,376;30;0;216;
CLI1363;F;No;39;No;Ingeniero;10-20annos;Bajo;2;1985;Millennials;20541;Lugo;1,215;30;0;284;
CLI1364;M;No;25;No;Funcionario;<10annos;Bajo;3;1999;Generacion Z;26881;Madrid;1,788;30;0;181;
CLI1365;F;Si;47;Si;Artista;+20annos;Medio;2;1977;Generacion X;106695;Alicante;1,658;50;1;241;
CLI1366;M;No;20;No;Funcionario;<10annos;Bajo;1;2004;Generacion Z;18295;La Rioja;2,271;30;1;341;0,5
CLI1367;M;No;33;No;Medico;10-20annos;Bajo;4;1991;Millennials;20062;Burgos;2,066;30;0;412;3
CLI1368;M;No;22;No;Funcionario;<10annos;Bajo;3;2002;Generacion Z;13716;Sevilla;14,775;30;0;90;
CLI1369;M;Si;92;No;Servicios;+20annos;Alto;2;1932;Generacion Silenciosa;31069;Valladolid;0,583;30;1;261;
CLI1370;F;No;46;Si;Ingeniero;+20annos;Bajo;1;1978;Generacion X;58270;Gerona;1,737;50;0;450;1
CLI1371;M;No;31;Si;Medico;<10annos;Bajo;1;1993;Millennials;30057;Murcia;1,675;30;0;187;
CLI1372;M;Si;80;Si;Servicios;+20annos;Medio;2;1944;Generacion Silenciosa;128725;Cuenca;1,013;50;0;108;
CLI1373;F;Si;67;Si;Servicios;+20annos;Alto;4;1957;Generacion X;106369;Murcia;1,385;80;0;381;1
CLI1374;F;Si;46;Si;Artista;+20annos;Bajo;1;1978;Generacion X;91400;Las Palmas;1,248;50;0;285;
CLI1375;M;Si;54;Si;Artista;+20annos;Bajo;2;1970;Generacion X;23036;Lugo;1,326;30;0;253;
CLI1376;F;Si;92;Si;Servicios;+20annos;Alto;2;1932;Generacion Silenciosa;74609;Cordoba;1,346;50;1;199;
CLI1377;M;No;24;No;Funcionario;<10annos;Bajo;4;2000;Generacion Z;18335;Cordoba;1,995;30;1;381;3
CLI1378;F;No;46;Si;Ingeniero;+20annos;Bajo;1;1978;Generacion X;85223;Zamora;1,091;50;0;84;
CLI1379;F;No;34;No;Medico;10-20annos;Bajo;4;1990;Millennials;27302;Huelva;0,778;30;0;80;
CLI1380;F;Si;54;Si;Artista;+20annos;Medio;4;1970;Generacion X;48704;Teruel;0,935;30;1;317;0,5
CLI1381;M;Si;64;Si;Artista;+20annos;Medio;2;1960;Generacion X;57446;Barcelona;1,189;50;1;145;
CLI1382;M;Si;79;Si;Artista;+20annos;Alto;5;1945;Generacion Silenciosa;123333;ilava;1,365;200;0;165;
CLI1383;M;Si;50;Si;Artista;+20annos;Medio;4;1974;Generacion X;49147;Lugo;1,463;30;0;74;
CLI1384;M;Si;54;Si;Otros;+20annos;Medio;5;1970;Generacion X;122323;Sevilla;1,248;200;1;152;
CLI1385;F;No;22;No;Negocios/empresa;<10annos;Bajo;3;2002;Generacion Z;15995;Madrid;2,478;30;0;352;0,5
CLI1386;F;No;34;No;Servicios;10-20annos;Bajo;4;1990;Millennials;20225;Palencia;1,606;30;0;433;3
CLI1387;M;Si;55;Si;Artista;+20annos;Bajo;2;1969;Generacion X;45122;Orense;0,779;50;0;370;3
CLI1388;F;No;72;No;Servicios;+20annos;Bajo;1;1952;Generacion X;39471;Melilla;1,619;30;0;376;3
CLI1389;F;Si;86;Si;Servicios;+20annos;Alto;2;1938;Generacion Silenciosa;106375;Caceres;1,17;50;0;393;3
CLI1390;F;Si;50;Si;Artista;+20annos;Medio;3;1974;Generacion X;46837;Sevilla;15,215;30;0;594;4
CLI1391;M;Si;32;No;Funcionario;10-20annos;Bajo;4;1992;Millennials;25524;Ciudad Real;2,043;30;1;151;
CLI1392;M;No;28;No;Funcionario;<10annos;Bajo;3;1996;Millennials;27928;Alicante;12,705;30;1;326;0,5
CLI1393;F;Si;68;No;Medico;+20annos;Medio;5;1956;Generacion X;70584;Madrid;0,642;30;0;225;
CLI1394;F;No;31;Si;Funcionario;<10annos;Bajo;1;1993;Millennials;20390;Guipiºzcoa;1,238;30;1;152;
CLI1395;F;Si;54;No;Ingeniero;+20annos;Bajo;1;1970;Generacion X;30455;ivila;1,737;30;0;258;
CLI1396;M;No;32;Si;Artista;10-20annos;Bajo;1;1992;Millennials;25365;La Rioja;1,33;30;0;380;3
CLI1397;M;No;57;Si;Artista;+20annos;Bajo;1;1967;Generacion X;24282;Albacete;0,642;30;0;385;3
CLI1398;M;No;25;No;Funcionario;<10annos;Bajo;4;1999;Generacion Z;27417;Madrid;1,374;30;0;230;
CLI1399;M;No;20;No;Funcionario;<10annos;Bajo;3;2004;Generacion Z;13395;Alicante;2,409;30;1;192;
CLI1400;M;Si;29;Si;Artista;<10annos;Medio;2;1995;Millennials;18182;Caceres;1,926;30;0;51;
CLI1401;M;Si;56;No;Ejecutivo;+20annos;Bajo;4;1968;Generacion X;59945;Cuenca;1,052;30;0;87;
CLI1402;M;Si;30;No;Ejecutivo;<10annos;Alto;3;1994;Millennials;20116;Salamanca;1,077;30;0;249;
CLI1403;M;No;22;No;Funcionario;<10annos;Bajo;3;2002;Generacion Z;13867;Lugo;13,395;30;0;249;
CLI1404;M;Si;68;Si;Otros;+20annos;Bajo;1;1956;Generacion X;82338;Jaen;1,189;50;0;393;3
CLI1405;F;Si;69;No;Ingeniero;+20annos;Medio;8;1955;Generacion X;64329;Leon;0,74;30;0;225;
CLI1406;M;No;58;Si;Medico;+20annos;Bajo;1;1966;Generacion X;47767;Madrid;0,681;50;0;182;
CLI1407;M;No;31;No;Medico;<10annos;Bajo;3;1993;Millennials;25846;Malaga;0,985;30;0;73;
CLI1408;F;No;36;Si;Ingeniero;10-20annos;Bajo;3;1988;Millennials;27415;Cuenca;1,353;30;0;433;1
CLI1409;F;Si;50;Si;Artista;+20annos;Medio;2;1974;Generacion X;88776;Guadalajara;1,072;50;0;394;3
CLI1410;M;Si;67;Si;Otros;+20annos;Medio;2;1957;Generacion X;71508;ilava;1,189;50;1;338;0,5
CLI1411;F;Si;68;;Medico;+20annos;Medio;4;1956;Generacion X;57866;Caceres;1,346;30;0;77;
CLI1412;M;No;46;No;Ejecutivo;+20annos;Bajo;3;1978;Generacion X;60220;Navarra;0,74;30;0;51;
CLI1413;M;Si;57;Si;Ejecutivo;+20annos;Alto;4;1967;Generacion X;122965;Madrid;0,681;80;1;344;0,5
CLI1414;F;Si;56;Si;Artista;+20annos;Bajo;1;1968;Generacion X;127661;ivila;0,779;50;0;476;3
CLI1415;F;No;54;No;Otros;+20annos;Bajo;2;1970;Generacion X;27604;Guipiºzcoa;1,541;30;0;193;
CLI1416;M;Si;56;Si;Ingeniero;+20annos;Bajo;2;1968;Generacion X;64971;Almeri­a;1,678;50;1;373;3
CLI1417;M;Si;32;No;Funcionario;10-20annos;Medio;4;1992;Millennials;30451;Gerona;1,951;30;0;126;
CLI1418;M;Si;58;Si;Funcionario;+20annos;Alto;2;1966;Generacion X;26674;Almeri­a;1,717;30;0;494;1
CLI1419;M;Si;44;Si;Servicios;+20annos;Bajo;1;1980;Generacion X;44404;Pontevedra;1,054;50;0;37;
CLI1420;F;No;28;Si;Funcionario;<10annos;Bajo;4;1996;Millennials;30673;Guipiºzcoa;1,788;30;0;189;
CLI1421;F;Si;32;No;Ingeniero;10-20annos;Medio;2;1992;Millennials;18353;Cadiz;1,928;30;0;588;4
CLI1422;M;Si;66;Si;Ejecutivo;+20annos;Medio;5;1958;Generacion X;81281;Badajoz;1,717;30;0;41;
CLI1423;F;No;28;Si;Funcionario;<10annos;Bajo;3;1996;Millennials;19975;La Corui±a;1,098;30;0;127;
CLI1424;M;Si;61;Si;Ejecutivo;+20annos;Alto;2;1963;Generacion X;44683;Barcelona;1,424;50;0;287;
CLI1425;M;Si;73;Si;Ejecutivo;+20annos;Alto;2;1951;Generacion X;47132;ilava;0,603;50;0;228;
CLI1426;M;No;30;Si;Artista;<10annos;Bajo;6;1994;Millennials;20694;Zaragoza;1,905;30;0;379;3
CLI1427;M;Si;56;No;Otros;+20annos;Medio;4;1968;Generacion X;70162;Valladolid;1,013;30;0;100;
CLI1428;M;Si;39;No;Artista;10-20annos;Bajo;2;1985;Millennials;24020;Albacete;1,974;30;0;505;4
CLI1429;M;Si;72;Si;Ejecutivo;+20annos;Bajo;2;1952;Generacion X;33264;Soria;1,424;30;0;298;
CLI1430;F;No;22;No;Medico;<10annos;Bajo;4;2002;Generacion Z;13333;Lugo;2,996;30;0;554;4
CLI1431;M;No;35;Si;Negocios/empresa;10-20annos;Bajo;5;1989;Millennials;22049;Lugo;1,583;30;1;215;
CLI1432;F;Si;87;Si;Servicios;+20annos;Alto;2;1937;Generacion Silenciosa;35720;Huesca;1,561;50;1;233;
CLI1433;F;No;23;No;Medico;<10annos;Bajo;3;2001;Generacion Z;23541;Valencia;2,754;30;1;166;
CLI1434;M;No;40;Si;Artista;10-20annos;Bajo;1;1984;Millennials;79290;Ciudad Real;1,146;50;0;418;3
CLI1435;F;Si;77;Si;Artista;+20annos;Medio;2;1947;Generacion X;42214;Guipiºzcoa;1,189;50;1;332;0,5
CLI1436;F;No;31;Si;Funcionario;<10annos;Bajo;3;1993;Millennials;21787;Valladolid;0,778;30;0;138;
CLI1437;M;No;28;Si;Artista;<10annos;Bajo;1;1996;Millennials;19546;Pontevedra;1,995;30;1;269;
CLI1438;F;Si;40;No;Otros;10-20annos;Bajo;2;1984;Millennials;115568;Cadiz;1,721;120;0;362;0,5
CLI1439;M;No;22;No;Funcionario;<10annos;Bajo;4;2002;Generacion Z;20089;Melilla;2,064;30;0;585;4
CLI1440;M;Si;54;No;Artista;+20annos;Bajo;2;1970;Generacion X;58295;Orense;1,541;30;0;599;4
CLI1441;F;No;31;Si;Artista;<10annos;Bajo;2;1993;Millennials;22847;Navarra;0,847;30;0;553;4
CLI1442;F;Si;54;Si;Artista;+20annos;Medio;6;1970;Generacion X;83506;Burgos;1,678;30;1;188;
CLI1443;M;No;20;No;Funcionario;<10annos;Bajo;4;2004;Generacion Z;13156;La Rioja;1,512;30;0;300;
CLI1444;F;Si;51;No;Ingeniero;+20annos;Medio;5;1973;Generacion X;85518;Ciudad Real;1,072;30;0;237;
CLI1445;M;Si;52;No;Servicios;+20annos;Bajo;2;1972;Generacion X;53970;Castellon;11,305;30;0;229;
CLI1446;F;No;35;No;Negocios/empresa;10-20annos;Bajo;1;1989;Millennials;29082;Cadiz;1,652;30;0;106;
CLI1447;M;Si;52;Si;Artista;+20annos;Medio;2;1972;Generacion X;105530;Las Palmas;1,287;50;0;591;4
CLI1448;F;Si;54;Si;Artista;+20annos;Medio;4;1970;Generacion X;58158;Alicante;0,74;80;0;222;
CLI1449;M;No;31;No;Funcionario;<10annos;Bajo;9;1993;Millennials;23760;Almeri­a;0,755;30;0;141;
CLI1450;M;Si;64;Si;Artista;+20annos;Medio;3;1960;Generacion X;111461;Cuenca;0,837;80;0;493;3
CLI1451;F;No;23;No;Funcionario;<10annos;Bajo;4;2001;Generacion Z;18220;Las Palmas;12,705;30;0;296;
CLI1452;M;Si;58;Si;Artista;+20annos;Medio;2;1966;Generacion X;63871;Soria;0,857;50;0;53;
CLI1453;F;Si;74;Si;Artista;+20annos;Medio;3;1950;Generacion X;90467;Soria;1,287;80;0;369;3
CLI1454;M;No;29;Si;Funcionario;<10annos;Bajo;5;1995;Millennials;30342;Valencia;1,754;30;0;411;3
CLI1455;F;No;29;No;Artista;<10annos;Bajo;3;1995;Millennials;19430;La Corui±a;1,512;30;0;454;3
CLI1456;M;Si;44;Si;Artista;+20annos;Medio;2;1980;Generacion X;56054;La Rioja;0,847;50;0;122;
CLI1457;M;No;28;Si;Funcionario;<10annos;Bajo;3;1996;Millennials;21608;Melilla;1,857;30;1;142;
CLI1458;M;No;45;Si;Artista;+20annos;Bajo;1;1979;Generacion X;92460;Santa Cruz de Tenerife;0,824;50;0;459;3
CLI1459;M;Si;50;Si;Ejecutivo;+20annos;Alto;3;1974;Generacion X;127020;Guadalajara;1,385;80;1;124;
CLI1460;F;Si;52;Si;Artista;+20annos;Medio;2;1972;Generacion X;37559;Baleares;0,935;50;0;517;4
CLI1461;M;Si;30;No;Otros;<10annos;Medio;3;1994;Millennials;24299;Huesca;1,974;30;1;232;
CLI1462;M;Si;55;Si;Otros;+20annos;Bajo;4;1969;Generacion X;123249;Leon;1,482;80;0;165;
CLI1463;M;Si;56;No;Artista;+20annos;Medio;2;1968;Generacion X;94337;Jaen;1,697;120;1;183;
CLI1464;F;;31;No;Ingeniero;<10annos;Bajo;4;1993;Millennials;27231;Palencia;1,33;30;0;404;3
CLI1465;F;No;43;Si;Ingeniero;+20annos;Bajo;1;1981;Millennials;52847;Cordoba;0,709;50;1;139;
CLI1466;M;Si;66;No;Otros;+20annos;Medio;3;1958;Generacion X;48952;Castellon;0,74;30;0;151;
CLI1467;M;Si;43;No;Artista;+20annos;Medio;6;1981;Millennials;100722;Las Palmas;0,709;30;1;297;
CLI1468;F;Si;72;Si;Ingeniero;+20annos;Bajo;1;1952;Generacion X;21744;Vizcaya;1,287;30;0;389;1
CLI1469;F;Si;47;Si;Negocios/empresa;+20annos;Bajo;1;1977;Generacion X;64253;Cordoba;1,678;50;0;196;
CLI1470;F;Si;64;Si;Artista;+20annos;Medio;6;1960;Generacion X;68765;Valencia;1,072;30;0;245;
CLI1471;F;Si;34;No;Negocios/empresa;10-20annos;Bajo;2;1990;Millennials;31157;Pontevedra;0,893;30;0;154;
CLI1472;F;Si;42;Si;Artista;+20annos;Bajo;1;1982;Millennials;60319;Cordoba;1,215;50;0;399;3
CLI1473;F;No;30;Si;Artista;<10annos;Bajo;3;1994;Millennials;22720;Sevilla;2,043;30;1;291;
CLI1474;F;Si;64;Si;Artista;+20annos;Medio;2;1960;Generacion X;59882;Sevilla;11,305;50;0;177;
CLI1475;M;Si;68;Si;Artista;+20annos;Alto;2;1956;Generacion X;65592;Sevilla;1,111;50;1;221;
CLI1476;M;No;53;Si;Artista;+20annos;Bajo;1;1971;Generacion X;63867;Zamora;1,248;50;0;194;
CLI1477;M;Si;63;Si;Ejecutivo;+20annos;Alto;2;1961;Generacion X;48562;Orense;1,658;50;0;439;1
CLI1478;M;Si;46;Si;Artista;+20annos;Medio;5;1978;Generacion X;25552;Cuenca;1,737;30;0;367;3
CLI1479;F;Si;75;Si;Servicios;+20annos;Alto;2;1949;Generacion X;73602;Albacete;0,974;50;0;425;3
CLI1480;M;Si;42;Si;Ingeniero;+20annos;Medio;4;1982;Millennials;100066;Barcelona;0,893;30;0;63;
CLI1481;M;Si;34;No;Ejecutivo;10-20annos;Medio;3;1990;Millennials;26050;Cadiz;1,997;30;0;319;0,5
CLI1482;F;Si;56;No;Ingeniero;+20annos;Bajo;4;1968;Generacion X;29841;Huesca;1,463;30;0;357;0,5
CLI1483;M;Si;65;Si;Artista;+20annos;Medio;4;1959;Generacion X;80893;Gerona;1,385;80;0;250;
CLI1484;M;Si;40;Si;Artista;10-20annos;Medio;2;1984;Millennials;96107;Cuenca;0,87;50;0;412;3
CLI1485;M;Si;35;No;Servicios;10-20annos;Medio;3;1989;Millennials;20333;Sevilla;1,629;30;0;286;
CLI1486;M;No;28;Si;Medico;<10annos;Bajo;2;1996;Millennials;31928;Santa Cruz de Tenerife;1,616;30;0;46;
CLI1487;M;Si;53;Si;Otros;+20annos;Bajo;1;1971;Generacion X;62614;Valencia;1,365;50;0;417;1
CLI1488;F;;41;Si;Medico;10-20annos;Medio;1;1983;Millennials;114168;Murcia;1,974;50;0;598;4
CLI1489;F;Si;77;Si;Artista;+20annos;Medio;2;1947;Generacion X;106298;Jaen;1,561;50;0;247;
CLI1490;F;Si;46;No;Negocios/empresa;+20annos;Bajo;3;1978;Generacion X;60044;ivila;1,209;30;0;331;0,5
CLI1491;M;No;29;No;Artista;<10annos;Bajo;2;1995;Millennials;31409;Baleares;1,547;30;1;362;0,5
CLI1492;M;No;28;Si;Artista;<10annos;Bajo;4;1996;Millennials;20401;La Rioja;13,395;30;0;102;
CLI1493;F;No;40;Si;Artista;10-20annos;Bajo;3;1984;Millennials;21662;Jaen;1,836;30;0;301;0,5
CLI1494;M;No;46;No;Medico;+20annos;Bajo;1;1978;Generacion X;71197;Segovia;1,326;30;1;356;0,5
CLI1495;F;No;39;Si;Artista;10-20annos;Bajo;7;1985;Millennials;27542;Badajoz;1,238;30;0;268;
CLI1496;F;Si;24;No;Ingeniero;<10annos;Medio;2;2000;Generacion Z;18385;Caceres;2,409;30;0;274;
CLI1497;F;No;40;Si;Artista;10-20annos;Bajo;1;1984;Millennials;29329;Badajoz;0,801;30;0;461;3
CLI1498;M;Si;52;Si;Artista;+20annos;Medio;3;1972;Generacion X;124001;Valladolid;1,013;80;0;558;4
CLI1499;M;No;21;No;Funcionario;<10annos;Bajo;4;2003;Generacion Z;14849;La Rioja;2,685;30;0;130;
CLI1500;M;Si;40;Si;Otros;10-20annos;Bajo;2;1984;Millennials;125474;Almeri­a;1,698;50;0;484;1
CLI1501;F;No;31;Si;Medico;<10annos;Bajo;3;1993;Millennials;20530;Palencia;1,445;30;1;356;0,5
CLI1502;M;Si;57;No;Medico;+20annos;Medio;4;1967;Generacion X;67186;Ceuta;1,306;30;0;80;
CLI1503;M;Si;55;Si;Medico;+20annos;Medio;4;1969;Generacion X;99936;Orense;1,072;80;0;277;
CLI1504;M;Si;52;No;Ejecutivo;+20annos;Bajo;4;1972;Generacion X;37353;Huesca;15,215;30;0;374;3
CLI1505;F;No;32;Si;Medico;10-20annos;Bajo;1;1992;Millennials;25319;Cadiz;1,652;30;1;185;
CLI1506;F;No;25;No;Funcionario;<10annos;Bajo;4;1999;Generacion Z;28495;Jaen;1,65;30;0;594;4
CLI1507;M;Si;55;Si;Artista;+20annos;Medio;4;1969;Generacion X;53455;Valencia;1,561;30;0;379;3
CLI1508;F;No;23;No;Servicios;<10annos;Bajo;4;2001;Generacion Z;23231;Valencia;2,064;30;1;243;
CLI1509;F;Si;62;Si;Artista;+20annos;Bajo;1;1962;Generacion X;121031;Teruel;1,365;50;1;379;3
CLI1510;M;Si;35;Si;Otros;10-20annos;Alto;2;1989;Millennials;31966;Malaga;1,146;30;1;302;0,5
CLI1511;F;No;35;Si;Ingeniero;10-20annos;Bajo;9;1989;Millennials;24626;Cadiz;1,376;30;1;243;
CLI1512;M;Si;69;Si;Ejecutivo;+20annos;Alto;2;1955;Generacion X;67653;Malaga;1,424;50;0;125;
CLI1513;M;Si;55;No;Otros;+20annos;Bajo;2;1969;Generacion X;112950;Zamora;0,935;120;0;257;
CLI1514;M;Si;57;Si;Artista;+20annos;Bajo;4;1967;Generacion X;63184;LLeida;0,896;80;0;199;
CLI1515;F;Si;54;Si;Artista;+20annos;Medio;4;1970;Generacion X;77767;Sevilla;1,072;80;0;179;
CLI1516;M;No;68;No;Funcionario;+20annos;Bajo;1;1956;Generacion X;80050;Leon;1,502;120;0;357;0,5
CLI1517;F;Si;61;No;Ingeniero;+20annos;Medio;7;1963;Generacion X;65257;Cordoba;1,502;30;1;373;3
CLI1518;M;No;30;No;Funcionario;<10annos;Bajo;3;1994;Millennials;23097;Salamanca;2,043;30;1;114;
CLI1519;F;Si;50;Si;Artista;+20annos;Bajo;1;1974;Generacion X;120219;Ciudad Real;1,697;50;1;294;
CLI1520;F;Si;34;No;Construccion;10-20annos;Medio;2;1990;Millennials;21092;Zamora;0,732;30;0;571;4
CLI1521;M;No;36;Si;Funcionario;10-20annos;Bajo;5;1988;Millennials;27428;Gerona;0,663;30;0;581;4
CLI1522;M;Si;57;Si;Artista;+20annos;Medio;2;1967;Generacion X;96679;Zaragoza;1,248;50;0;484;3
CLI1523;M;No;46;Si;Otros;+20annos;Bajo;2;1978;Generacion X;46574;Ceuta;1,385;50;0;79;
CLI1524;M;No;42;Si;Ejecutivo;+20annos;Bajo;3;1982;Millennials;101686;Gerona;0,801;30;1;233;
CLI1525;M;Si;92;Si;Servicios;+20annos;Alto;2;1932;Generacion Silenciosa;83830;Cadiz;0,622;50;0;213;
CLI1526;M;Si;74;Si;Ejecutivo;+20annos;Alto;3;1950;Generacion X;105454;Huesca;0,837;80;0;522;4
CLI1527;F;No;35;No;Funcionario;10-20annos;Bajo;5;1989;Millennials;18907;Sevilla;1,146;30;0;448;3
CLI1528;F;No;36;Si;Otros;10-20annos;Bajo;2;1988;Millennials;29713;La Corui±a;1,261;30;1;329;0,5
CLI1529;F;No;33;Si;Funcionario;10-20annos;Bajo;5;1991;Millennials;18388;Madrid;1,606;30;0;581;4
CLI1530;M;No;20;No;Funcionario;<10annos;Bajo;4;2004;Generacion Z;19042;Lugo;14,775;30;1;199;
CLI1531;F;Si;52;Si;Artista;+20annos;Medio;2;1972;Generacion X;66712;Palencia;0,955;50;0;252;
CLI1532;M;No;32;No;Medico;10-20annos;Bajo;4;1992;Millennials;28412;Toledo;1,56;30;0;389;3
CLI1533;M;Si;69;No;Ejecutivo;+20annos;Alto;4;1955;Generacion X;94898;Murcia;1,678;30;1;257;
CLI1534;M;;61;Si;Ingeniero;+20annos;Medio;2;1963;Generacion X;96512;Ciudad Real;1,15;50;0;449;3
CLI1535;F;No;53;Si;Otros;+20annos;Bajo;1;1971;Generacion X;33967;Huelva;1,385;30;0;168;
CLI1536;M;Si;30;Si;Otros;<10annos;Bajo;4;1994;Millennials;29404;Cadiz;0,87;30;0;388;3
CLI1537;F;Si;47;Si;Artista;+20annos;Bajo;1;1977;Generacion X;63316;Melilla;0,74;50;0;44;
CLI1538;F;Si;55;Si;Ingeniero;+20annos;Bajo;1;1969;Generacion X;47366;Almeri­a;1,248;50;0;344;0,5
CLI1539;M;No;32;No;Funcionario;10-20annos;Bajo;3;1992;Millennials;25897;Cadiz;1,813;30;0;287;
CLI1540;M;Si;80;Si;Artista;+20annos;Medio;1;1944;Generacion Silenciosa;40111;La Corui±a;1,306;50;1;252;
CLI1541;F;Si;63;No;Ingeniero;+20annos;Bajo;1;1961;Generacion X;31743;La Rioja;1,267;30;0;415;3
CLI1542;F;Si;52;No;Ingeniero;+20annos;Bajo;1;1972;Generacion X;99185;Gerona;1,248;120;1;183;
CLI1543;F;Si;35;Si;Ejecutivo;10-20annos;Alto;3;1989;Millennials;27045;Toledo;1,008;30;1;342;0,5
CLI1544;F;Si;28;Si;Otros;<10annos;Medio;2;1996;Millennials;21826;ivila;1,788;30;1;261;
CLI1545;F;Si;87;Si;Servicios;+20annos;Alto;2;1937;Generacion Silenciosa;72774;Burgos;0,622;50;0;419;3
CLI1546;F;No;45;Si;Artista;+20annos;Bajo;1;1979;Generacion X;121971;Baleares;2,02;50;0;548;1
CLI1547;M;Si;40;Si;Artista;10-20annos;Medio;2;1984;Millennials;98552;Cadiz;0,663;50;0;364;0,5
CLI1548;M;No;21;No;Funcionario;<10annos;Bajo;9;2003;Generacion Z;17215;Leon;1,443;30;0;124;
CLI1549;F;Si;54;No;Ingeniero;+20annos;Medio;5;1970;Generacion X;48171;Madrid;1,091;30;0;400;3
CLI1550;M;Si;29;No;Otros;<10annos;Alto;2;1995;Millennials;23061;Albacete;2,064;30;1;390;3
CLI1551;M;No;31;Si;Artista;<10annos;Bajo;2;1993;Millennials;31624;Cadiz;1,169;30;1;329;0,5
CLI1552;M;No;92;No;Artista;+20annos;Bajo;1;1932;Generacion Silenciosa;106650;Burgos;1,306;120;0;267;
CLI1553;M;Si;89;No;Servicios;+20annos;Bajo;2;1935;Generacion Silenciosa;22710;Malaga;1,541;30;0;584;4
CLI1554;F;No;39;Si;Funcionario;10-20annos;Bajo;1;1985;Millennials;31788;Guipiºzcoa;0,732;30;0;482;3
CLI1555;M;Si;61;Si;Medico;+20annos;Medio;2;1963;Generacion X;93339;Ceuta;1,6;50;0;307;0,5
CLI1556;M;Si;55;No;Ejecutivo;+20annos;Alto;5;1969;Generacion X;33043;Soria;0,779;30;0;550;4
CLI1557;M;Si;86;Si;Servicios;+20annos;Bajo;5;1938;Generacion Silenciosa;66022;Malaga;0,622;30;0;382;3
CLI1558;M;Si;40;No;Otros;10-20annos;Medio;4;1984;Millennials;93767;Tarragona;1,974;30;0;337;0,5
CLI1559;M;No;52;Si;Negocios/empresa;+20annos;Bajo;1;1972;Generacion X;70739;Vizcaya;1,385;50;1;195;
CLI1560;M;Si;53;No;Otros;+20annos;Medio;5;1971;Generacion X;65569;Caceres;1,561;30;0;254;
CLI1561;F;Si;76;Si;Negocios/empresa;+20annos;Bajo;2;1948;Generacion X;45308;Valencia;1,228;50;0;527;1
CLI1562;M;Si;42;No;Negocios/empresa;+20annos;Alto;4;1982;Millennials;67286;Sevilla;1,951;30;1;131;
CLI1563;M;Si;40;Si;Artista;10-20annos;Medio;4;1984;Millennials;57012;Malaga;1,629;30;1;338;0,5
CLI1564;F;Si;57;No;Ingeniero;+20annos;Medio;4;1967;Generacion X;29564;Gerona;1,541;30;0;591;4
CLI1565;M;No;51;Si;Artista;+20annos;Bajo;1;1973;Generacion X;94004;Huelva;0,7;50;0;403;3
CLI1566;M;No;20;No;Negocios/empresa;<10annos;Bajo;6;2004;Generacion Z;13361;Tarragona;2,858;30;1;295;
CLI1567;F;No;24;No;Funcionario;<10annos;Bajo;4;2000;Generacion Z;13489;Ciudad Real;12,015;30;1;129;
CLI1568;M;No;20;No;Medico;<10annos;Bajo;6;2004;Generacion Z;15391;Caceres;1,995;30;0;233;
CLI1569;M;Si;33;No;Construccion;10-20annos;Medio;3;1991;Millennials;21704;Salamanca;1,859;30;1;355;0,5
CLI1570;M;No;35;Si;Ingeniero;10-20annos;Bajo;3;1989;Millennials;23784;Valladolid;1,192;30;0;227;
CLI1571;M;Si;47;No;Artista;+20annos;Alto;4;1977;Generacion X;105293;ilava;1,306;30;1;325;0,5
CLI1572;F;Si;54;Si;Artista;+20annos;Medio;3;1970;Generacion X;110273;Teruel;0,779;80;0;430;3
CLI1573;F;No;44;Si;Construccion;+20annos;Bajo;2;1980;Generacion X;58896;Teruel;1,031;50;1;217;
CLI1574;M;Si;61;Si;Artista;+20annos;Medio;3;1963;Generacion X;72801;Navarra;1,365;80;1;266;
CLI1575;F;No;36;No;Funcionario;10-20annos;Bajo;7;1988;Millennials;29529;Guadalajara;1,307;30;0;40;
CLI1576;M;No;34;Si;Funcionario;10-20annos;Bajo;5;1990;Millennials;26290;Granada;1,721;30;0;187;
CLI1577;F;No;39;Si;Funcionario;10-20annos;Bajo;6;1985;Millennials;31226;Caceres;0,801;30;1;276;
CLI1578;M;No;44;Si;Funcionario;+20annos;Bajo;3;1980;Generacion X;92953;Jaen;1,491;30;0;400;1
CLI1579;M;Si;76;No;Artista;+20annos;Medio;3;1948;Generacion X;116119;Melilla;1,717;30;1;201;
CLI1580;F;Si;51;Si;Artista;+20annos;Bajo;4;1973;Generacion X;27490;LLeida;1,443;30;0;571;1
CLI1581;F;Si;69;Si;Negocios/empresa;+20annos;Bajo;2;1955;Generacion X;115347;Gerona;0,779;50;0;181;
CLI1582;F;No;55;No;Artista;+20annos;Bajo;1;1969;Generacion X;70642;Almeri­a;0,818;30;1;167;
CLI1583;M;Si;67;Si;Artista;+20annos;Medio;2;1957;Generacion X;112200;Guadalajara;1,443;50;0;578;4
CLI1584;F;No;55;No;Ingeniero;+20annos;Bajo;1;1969;Generacion X;96046;Cordoba;1,443;120;0;280;
CLI1585;F;No;28;Si;Negocios/empresa;<10annos;Bajo;1;1996;Millennials;21656;Sevilla;0,995;30;0;64;
CLI1586;M;Si;58;Si;Artista;+20annos;Alto;3;1966;Generacion X;80313;Barcelona;0,974;80;1;280;
CLI1587;F;Si;39;Si;Ingeniero;10-20annos;Medio;2;1985;Millennials;21600;ilava;0,686;30;0;48;
CLI1588;M;No;21;No;Funcionario;<10annos;Bajo;3;2003;Generacion Z;18238;Guipiºzcoa;2,168;30;0;416;3
CLI1589;M;No;29;No;Funcionario;<10annos;Bajo;4;1995;Millennials;26047;Toledo;1,547;30;1;257;
CLI1590;F;Si;42;No;Ingeniero;+20annos;Medio;4;1982;Millennials;97741;Sevilla;1,629;30;0;119;
CLI1591;F;No;29;No;Artista;<10annos;Bajo;1;1995;Millennials;20229;Leon;3,065;30;0;428;3
CLI1592;M;Si;43;Si;Funcionario;+20annos;Alto;3;1981;Millennials;118884;Ciudad Real;1,951;30;0;167;
CLI1593;M;Si;43;Si;Otros;+20annos;Bajo;4;1981;Millennials;35542;Albacete;1,146;30;0;547;4
CLI1594;F;Si;79;Si;Construccion;+20annos;Bajo;1;1945;Generacion Silenciosa;50119;La Rioja;0,896;50;0;181;
CLI1595;F;No;50;Si;Artista;+20annos;Bajo;1;1974;Generacion X;95771;Pontevedra;1,306;50;1;355;0,5
CLI1596;M;Si;52;No;Otros;+20annos;Medio;4;1972;Generacion X;40917;Cordoba;1,58;30;1;261;
CLI1597;F;No;33;Si;Otros;10-20annos;Bajo;5;1991;Millennials;28499;Valladolid;1,146;30;1;373;3
CLI1598;M;Si;53;No;Ejecutivo;+20annos;Alto;2;1971;Generacion X;117926;Valencia;0,955;120;0;464;3
CLI1599;F;Si;84;Si;Negocios/empresa;+20annos;Bajo;2;1940;Generacion Silenciosa;86497;Las Palmas;0,603;50;1;312;0,5
CLI1600;M;Si;78;Si;Otros;+20annos;Bajo;2;1946;Generacion X;69427;Malaga;1,58;50;0;64;
CLI1601;F;No;45;Si;Artista;+20annos;Bajo;1;1979;Generacion X;57958;Malaga;1,744;50;0;549;1
CLI1602;F;No;32;No;Otros;10-20annos;Bajo;1;1992;Millennials;26050;Almeri­a;1,146;30;0;122;
CLI1603;M;Si;63;Si;Artista;+20annos;Medio;5;1961;Generacion X;98978;Murcia;1,737;30;0;472;3
CLI1604;M;Si;54;No;Otros;+20annos;Bajo;1;1970;Generacion X;32070;Sevilla;1,385;30;0;203;
CLI1605;M;Si;23;No;Funcionario;<10annos;Alto;8;2001;Generacion Z;19533;Burgos;2,478;30;0;207;
CLI1606;M;No;20;No;Funcionario;<10annos;Bajo;3;2004;Generacion Z;16198;Zamora;1,65;30;0;517;4
CLI1607;M;No;24;No;Funcionario;<10annos;Bajo;3;2000;Generacion Z;16087;Guadalajara;2,547;30;1;363;0,5
CLI1608;F;No;36;No;Construccion;10-20annos;Bajo;1;1988;Millennials;22431;Salamanca;1,031;30;0;411;3
CLI1609;M;Si;58;Si;Otros;+20annos;Bajo;3;1966;Generacion X;116045;Almeri­a;1,678;80;0;282;
CLI1610;M;Si;61;Si;Artista;+20annos;Medio;2;1963;Generacion X;29595;Orense;1,17;30;0;289;
CLI1611;M;Si;80;Si;Servicios;+20annos;Alto;4;1944;Generacion Silenciosa;39613;Pontevedra;1,013;30;0;528;4
CLI1612;M;Si;98;Si;Ejecutivo;+20annos;Alto;2;1926;Generacion Silenciosa;49027;Lugo;0,779;50;1;388;3
CLI1613;M;Si;65;Si;Artista;+20annos;Bajo;2;1959;Generacion X;22622;Tarragona;1,482;30;1;398;3
CLI1614;M;No;42;Si;Otros;+20annos;Bajo;2;1982;Millennials;27099;Zaragoza;0,824;30;0;389;3
CLI1615;F;No;46;Si;Artista;+20annos;Bajo;2;1978;Generacion X;48315;Murcia;1,052;50;0;35;
CLI1616;F;Si;91;Si;Servicios;+20annos;Alto;2;1933;Generacion Silenciosa;27663;Leon;15,215;30;0;65;
CLI1617;F;No;24;No;Funcionario;<10annos;Bajo;4;2000;Generacion Z;13444;Pontevedra;13,395;30;1;213;
CLI1618;M;Si;51;No;Artista;+20annos;Medio;4;1973;Generacion X;111216;Valencia;0,583;30;1;253;
CLI1619;M;Si;41;Si;Otros;10-20annos;Medio;2;1983;Millennials;81024;Sevilla;0,778;50;1;119;
CLI1620;F;Si;46;No;Ingeniero;+20annos;Bajo;3;1978;Generacion X;60200;Badajoz;1,013;30;1;355;0,5
CLI1621;M;Si;78;Si;Artista;+20annos;Medio;2;1946;Generacion X;71174;Las Palmas;0,994;50;0;329;0,5
CLI1622;F;No;20;No;Funcionario;<10annos;Bajo;3;2004;Generacion Z;18880;Alicante;2,961;30;0;124;
CLI1623;F;No;45;Si;Artista;+20annos;Bajo;1;1979;Generacion X;60918;Cadiz;1,928;50;0;491;1
CLI1624;M;Si;30;Si;Funcionario;<10annos;Bajo;5;1994;Millennials;24640;Orense;1,031;30;1;301;0,5
CLI1625;F;No;58;No;Otros;+20annos;Bajo;1;1966;Generacion X;102971;Palencia;1,346;120;0;536;4
CLI1626;F;No;31;No;Funcionario;<10annos;Bajo;3;1993;Millennials;19111;Vizcaya;1,376;30;1;374;3
CLI1627;M;Si;39;Si;Servicios;10-20annos;Medio;2;1985;Millennials;29757;Cadiz;1,56;30;1;102;
CLI1628;M;No;20;No;Medico;<10annos;Bajo;2;2004;Generacion Z;12932;Lugo;13,395;30;0;513;4
CLI1629;M;No;21;No;Funcionario;<10annos;Bajo;4;2003;Generacion Z;14619;Segovia;2,823;30;1;283;
CLI1630;F;No;35;No;Funcionario;10-20annos;Bajo;4;1989;Millennials;18537;La Corui±a;1,56;30;0;230;
CLI1631;M;No;33;No;Funcionario;10-20annos;Bajo;4;1991;Millennials;31298;Alicante;0,755;30;0;509;4
CLI1632;M;No;40;Si;Medico;10-20annos;Bajo;1;1984;Millennials;62152;Segovia;0,962;50;0;305;0,5
CLI1633;M;Si;90;Si;Servicios;+20annos;Alto;2;1934;Generacion Silenciosa;71686;Huelva;0,837;50;0;96;
CLI1634;F;Si;41;Si;Ingeniero;10-20annos;Bajo;1;1983;Millennials;42988;Palencia;1,997;50;0;411;1
CLI1635;M;No;50;Si;Artista;+20annos;Bajo;1;1974;Generacion X;115960;Valencia;1,248;50;1;339;0,5
CLI1636;M;No;34;Si;Servicios;10-20annos;Bajo;1;1990;Millennials;27503;Huesca;1,215;30;0;402;3
CLI1637;M;Si;30;Si;Otros;<10annos;Bajo;4;1994;Millennials;29060;La Rioja;0,709;30;1;396;3
CLI1638;F;No;20;No;Funcionario;<10annos;Bajo;5;2004;Generacion Z;20051;Cuenca;2,409;30;0;534;4
CLI1639;M;Si;24;No;Medico;<10annos;Bajo;4;2000;Generacion Z;16100;Granada;3,03;30;0;244;
CLI1640;F;No;24;No;Funcionario;<10annos;Bajo;6;2000;Generacion Z;12818;Madrid;2,099;30;0;91;
CLI1641;F;No;46;No;Construccion;+20annos;Bajo;1;1978;Generacion X;71049;Lugo;1,267;30;0;517;4
CLI1642;M;Si;76;No;Medico;+20annos;Bajo;1;1948;Generacion X;114991;La Rioja;1,658;120;0;579;4
CLI1643;F;Si;47;Si;Construccion;+20annos;Alto;2;1977;Generacion X;31747;Jaen;0,935;30;1;159;
CLI1644;F;Si;98;No;Servicios;+20annos;Alto;2;1926;Generacion Silenciosa;61241;LLeida;0,603;30;1;265;
CLI1645;F;No;29;No;Funcionario;<10annos;Bajo;4;1995;Millennials;18886;Guipiºzcoa;1,547;30;1;143;
CLI1646;M;No;47;Si;Artista;+20annos;Bajo;3;1977;Generacion X;89704;Sevilla;1,58;80;0;107;
CLI1647;M;Si;33;Si;Otros;10-20annos;Medio;2;1991;Millennials;30948;Lugo;1,974;30;1;259;
CLI1648;F;Si;66;Si;Ejecutivo;+20annos;Bajo;2;1958;Generacion X;27411;LLeida;1,189;30;0;98;
CLI1649;F;Si;42;Si;Medico;+20annos;Alto;4;1982;Millennials;118952;Castellon;0,755;30;0;176;
CLI1650;F;;32;Si;Construccion;10-20annos;Alto;4;1992;Millennials;20664;Santa Cruz de Tenerife;1,468;30;1;293;
CLI1651;M;Si;50;Si;Otros;+20annos;Medio;2;1974;Generacion X;33177;Murcia;0,779;30;0;552;4
CLI1652;M;No;22;No;Funcionario;<10annos;Bajo;4;2002;Generacion Z;23786;Murcia;2,547;30;0;77;
CLI1653;F;Si;56;Si;Negocios/empresa;+20annos;Bajo;1;1968;Generacion X;99003;ilava;0,7;50;0;259;
CLI1654;M;Si;40;Si;Otros;10-20annos;Medio;4;1984;Millennials;80795;Madrid;1,514;30;0;461;3
CLI1655;F;No;45;No;Negocios/empresa;+20annos;Bajo;3;1979;Generacion X;52249;Alicante;0,893;30;0;195;
CLI1656;M;Si;51;No;Otros;+20annos;Bajo;5;1973;Generacion X;24554;Orense;0,935;30;1;397;3
CLI1657;F;No;33;Si;Artista;10-20annos;Bajo;1;1991;Millennials;22070;La Rioja;1,376;30;0;30;
CLI1658;F;No;25;No;Construccion;<10annos;Bajo;5;1999;Generacion Z;18360;Huesca;1,719;30;0;311;0,5
CLI1659;M;Si;43;Si;Funcionario;+20annos;Bajo;2;1981;Millennials;78169;Santa Cruz de Tenerife;0,939;50;0;341;0,5
CLI1660;M;Si;69;Si;Artista;+20annos;Medio;4;1955;Generacion X;63458;Malaga;0,642;80;0;124;
CLI1661;M;Si;66;Si;Artista;+20annos;Medio;3;1958;Generacion X;38169;Castellon;0,857;30;0;441;3
CLI1662;M;No;22;No;Funcionario;<10annos;Bajo;3;2002;Generacion Z;13466;Malaga;14,085;30;1;298;
CLI1663;F;Si;98;No;Servicios;+20annos;Alto;2;1926;Generacion Silenciosa;117364;Badajoz;1,111;120;0;457;3
CLI1664;F;;34;;Medico;10-20annos;Alto;2;1990;Millennials;22144;Jaen;0,663;30;0;331;0,5
CLI1665;M;No;47;Si;Ejecutivo;+20annos;Bajo;4;1977;Generacion X;36929;Zamora;1,737;30;0;94;
CLI1666;F;Si;77;No;Servicios;+20annos;Alto;2;1947;Generacion X;89531;Burgos;1,717;120;0;436;3
CLI1667;M;No;39;Si;Artista;10-20annos;Bajo;1;1985;Millennials;23923;Huesca;1,468;30;0;590;1
CLI1668;M;Si;46;Si;Artista;+20annos;Alto;2;1978;Generacion X;21693;Baleares;1,561;30;0;125;
CLI1669;M;Si;43;Si;Medico;+20annos;Medio;2;1981;Millennials;48613;Melilla;1,951;50;0;133;
CLI1670;F;Si;32;Si;Funcionario;10-20annos;Bajo;2;1992;Millennials;28603;Guipiºzcoa;1,284;30;1;354;0,5
CLI1671;F;No;42;No;Construccion;+20annos;Bajo;1;1982;Millennials;37132;La Rioja;1,675;30;1;210;
CLI1672;F;Si;81;No;Servicios;+20annos;Bajo;1;1943;Generacion Silenciosa;106956;Badajoz;1,463;120;1;339;0,5
CLI1673;M;Si;45;Si;Artista;+20annos;Bajo;2;1979;Generacion X;40757;Caceres;0,962;50;0;325;0,5
CLI1674;M;Si;56;Si;Otros;+20annos;Medio;4;1968;Generacion X;111892;Navarra;0,798;80;1;327;0,5
CLI1675;M;Si;55;Si;Ejecutivo;+20annos;Alto;3;1969;Generacion X;91666;Vizcaya;0,72;80;0;288;
CLI1676;M;No;25;No;Negocios/empresa;<10annos;Bajo;3;1999;Generacion Z;24261;Leon;1,995;30;0;281;
CLI1677;M;No;40;Si;Artista;10-20annos;Bajo;3;1984;Millennials;33543;Cadiz;1,238;30;0;34;
CLI1678;M;No;40;Si;Artista;10-20annos;Bajo;1;1984;Millennials;123475;Alicante;1,353;50;0;537;1
CLI1679;F;Si;55;Si;Medico;+20annos;Bajo;2;1969;Generacion X;49765;Pontevedra;0,876;50;1;388;3
CLI1680;M;No;25;No;Funcionario;<10annos;Bajo;4;1999;Generacion Z;22995;Castellon;2,823;30;0;195;
CLI1681;F;No;41;No;Funcionario;10-20annos;Bajo;1;1983;Millennials;25812;Salamanca;1,744;30;0;184;
CLI1682;M;Si;72;Si;Ejecutivo;+20annos;Alto;4;1952;Generacion X;39473;Orense;0,798;30;0;294;
CLI1683;F;No;29;Si;Funcionario;<10annos;Bajo;1;1995;Millennials;26746;Murcia;2,858;30;1;227;
CLI1684;M;Si;61;Si;Otros;+20annos;Bajo;3;1963;Generacion X;71210;Navarra;1,58;80;0;56;
CLI1685;M;Si;72;Si;Ejecutivo;+20annos;Alto;2;1952;Generacion X;99870;Badajoz;0,837;50;0;88;
CLI1686;F;Si;79;Si;Servicios;+20annos;Alto;2;1945;Generacion Silenciosa;45120;Ceuta;1,404;50;1;172;
CLI1687;M;Si;56;Si;Artista;+20annos;Medio;2;1968;Generacion X;106442;Soria;0,72;50;0;443;3
CLI1688;M;No;28;Si;Artista;<10annos;Bajo;5;1996;Millennials;22008;Leon;11,325;30;0;544;4
CLI1689;M;Si;42;No;Ejecutivo;+20annos;Alto;3;1982;Millennials;102648;Almeri­a;1,698;30;1;398;3
CLI1690;M;Si;61;No;Artista;+20annos;Medio;2;1963;Generacion X;41445;Pontevedra;1,365;30;0;254;
CLI1691;M;Si;51;No;Artista;+20annos;Medio;1;1973;Generacion X;106680;Gerona;1,17;120;0;81;
CLI1692;F;No;43;Si;Artista;+20annos;Bajo;3;1981;Millennials;127926;Guadalajara;1,353;200;0;92;
CLI1693;F;Si;68;Si;Artista;+20annos;Alto;2;1956;Generacion X;112376;Badajoz;0,837;50;0;361;0,5
CLI1694;F;Si;41;Si;Artista;10-20annos;Medio;2;1983;Millennials;122277;Alicante;0,755;50;0;533;4
CLI1695;F;No;31;No;Ingeniero;<10annos;Bajo;7;1993;Millennials;27028;Cuenca;1,1;30;0;457;3
CLI1696;F;No;35;Si;Negocios/empresa;10-20annos;Bajo;6;1989;Millennials;30200;ivila;0,962;30;0;412;3
CLI1697;M;No;34;Si;Medico;10-20annos;Bajo;2;1990;Millennials;20136;Granada;1,399;30;1;263;
CLI1698;F;No;34;No;Funcionario;10-20annos;Bajo;3;1990;Millennials;22029;Lugo;1,997;30;0;452;3
CLI1699;M;No;47;Si;Artista;+20annos;Bajo;1;1977;Generacion X;34245;Ceuta;1,052;30;0;468;3
CLI1700;M;Si;74;Si;Artista;+20annos;Medio;2;1950;Generacion X;67353;ivila;0,603;50;0;45;
CLI1701;F;No;79;Si;Servicios;+20annos;Bajo;1;1945;Generacion Silenciosa;74936;Pontevedra;1,697;50;0;402;1
CLI1702;F;Si;63;No;Ingeniero;+20annos;Bajo;3;1961;Generacion X;32367;Toledo;0,72;30;0;345;0,5
CLI1703;M;;64;No;Ejecutivo;+20annos;Alto;3;1960;Generacion X;111759;Caceres;1,58;30;1;229;
CLI1704;M;Si;40;Si;Otros;10-20annos;Medio;2;1984;Millennials;25890;Caceres;1,1;30;0;193;
CLI1705;F;No;23;No;Construccion;<10annos;Bajo;1;2001;Generacion Z;13138;Granada;1,098;30;0;236;
CLI1706;M;Si;52;No;Otros;+20annos;Medio;5;1972;Generacion X;47567;Jaen;1,209;30;0;42;
CLI1707;F;No;28;Si;Otros;<10annos;Bajo;3;1996;Millennials;25298;Alicante;2,789;30;1;332;0,5
CLI1708;F;Si;45;No;Ingeniero;+20annos;Medio;2;1979;Generacion X;106769;Zaragoza;1,008;120;0;394;3
CLI1709;M;No;32;Si;Funcionario;10-20annos;Bajo;4;1992;Millennials;18619;Navarra;0,663;30;0;47;
CLI1710;M;No;23;No;Funcionario;<10annos;Bajo;3;2001;Generacion Z;22797;Malaga;0,995;30;0;251;
CLI1711;M;Si;73;Si;Servicios;+20annos;Bajo;1;1951;Generacion X;31816;Cadiz;1,6;30;0;555;1
CLI1712;M;Si;30;Si;Otros;<10annos;Bajo;2;1994;Millennials;20568;Lugo;1,399;30;0;163;
CLI1713;F;No;30;No;Construccion;<10annos;Bajo;4;1994;Millennials;27963;Alicante;1,974;30;0;118;
CLI1714;M;Si;57;Si;Artista;+20annos;Bajo;1;1967;Generacion X;63610;Burgos;1,385;50;1;105;
CLI1715;M;Si;51;Si;Artista;+20annos;Medio;3;1973;Generacion X;66325;Zaragoza;1,189;80;0;382;3
CLI1716;F;No;25;No;Funcionario;<10annos;Bajo;4;1999;Generacion Z;28029;Navarra;11,325;30;0;388;3
CLI1717;M;No;30;Si;Otros;<10annos;Bajo;5;1994;Millennials;18986;Valladolid;2,043;30;0;61;
CLI1718;F;Si;57;Si;Medico;+20annos;Bajo;3;1967;Generacion X;27089;Soria;1,658;30;1;126;
CLI1719;M;Si;72;No;Artista;+20annos;Medio;2;1952;Generacion X;69900;Zamora;1,248;30;0;394;3
CLI1720;M;No;46;No;Otros;+20annos;Bajo;3;1978;Generacion X;21459;Toledo;0,818;30;1;208;
CLI1721;M;Si;65;No;Otros;+20annos;Bajo;2;1959;Generacion X;60171;Leon;1,17;30;1;146;
CLI1722;F;Si;50;Si;Servicios;+20annos;Bajo;1;1974;Generacion X;52357;Alicante;0,642;50;0;186;
CLI1723;M;Si;20;No;Ejecutivo;<10annos;Medio;1;2004;Generacion Z;21079;Madrid;2,409;30;1;363;0,5
CLI1724;F;Si;67;No;Ingeniero;+20annos;Alto;3;1957;Generacion X;104936;Badajoz;1,658;30;0;153;
CLI1725;F;Si;58;Si;Artista;+20annos;Medio;4;1966;Generacion X;127933;Malaga;1,091;80;1;322;0,5
CLI1726;F;Si;41;Si;Medico;10-20annos;Medio;2;1983;Millennials;90995;Madrid;1,33;50;1;280;
CLI1727;M;Si;69;Si;Ejecutivo;+20annos;Alto;5;1955;Generacion X;23629;Lugo;1,658;30;0;464;1
CLI1728;F;No;36;No;Negocios/empresa;10-20annos;Bajo;5;1988;Millennials;24243;Barcelona;0,755;30;0;354;0,5
CLI1729;F;Si;55;Si;Artista;+20annos;Bajo;3;1969;Generacion X;85860;Pontevedra;0,955;80;1;112;
CLI1730;F;Si;68;Si;Artista;+20annos;Bajo;2;1956;Generacion X;71962;Huesca;1,111;50;1;390;3
CLI1731;M;Si;54;Si;Artista;+20annos;Medio;8;1970;Generacion X;50804;Baleares;0,74;30;0;509;4
CLI1732;M;Si;51;Si;Construccion;+20annos;Medio;3;1973;Generacion X;32226;Almeri­a;1,052;30;1;204;
CLI1733;M;No;30;;Medico;<10annos;Bajo;1;1994;Millennials;31594;Caceres;0,778;30;0;235;
CLI1734;M;Si;58;Si;Ejecutivo;+20annos;Alto;4;1966;Generacion X;120350;Melilla;1,443;80;0;82;
CLI1735;F;Si;46;Si;Artista;+20annos;Alto;2;1978;Generacion X;108444;Cuenca;0,72;50;0;352;0,5
CLI1736;F;Si;31;Si;Artista;<10annos;Bajo;1;1993;Millennials;20710;La Rioja;1,721;30;0;85;
CLI1737;F;Si;54;Si;Ingeniero;+20annos;Medio;4;1970;Generacion X;73376;Ciudad Real;0,857;80;0;447;3
CLI1738;M;Si;39;Si;Artista;10-20annos;Medio;2;1985;Millennials;26788;Ciudad Real;1,744;30;1;164;
CLI1739;F;Si;30;No;Medico;<10annos;Bajo;1;1994;Millennials;27114;Zamora;1,422;30;0;538;4
CLI1740;M;Si;64;Si;Servicios;+20annos;Alto;2;1960;Generacion X;47432;Soria;1,443;50;1;345;0,5
CLI1741;M;Si;45;No;Artista;+20annos;Medio;2;1979;Generacion X;43157;Valladolid;1,261;30;0;539;4
CLI1742;M;Si;35;Si;Otros;10-20annos;Medio;2;1989;Millennials;26058;Vizcaya;0,778;30;1;255;
CLI1743;M;No;36;No;Otros;10-20annos;Bajo;2;1988;Millennials;20479;Huesca;0,732;30;0;432;3
CLI1744;M;Si;76;No;Otros;+20annos;Bajo;5;1948;Generacion X;58049;Granada;0,857;30;0;516;4
CLI1745;F;No;34;No;Medico;10-20annos;Bajo;4;1990;Millennials;18163;Jaen;0,709;30;0;455;3
CLI1746;F;Si;75;No;Servicios;+20annos;Alto;3;1949;Generacion X;26036;Pontevedra;1,482;30;1;274;
CLI1747;F;No;43;No;Ingeniero;+20annos;Bajo;3;1981;Millennials;128547;Huesca;1,537;200;1;203;
CLI1748;F;No;23;No;Funcionario;<10annos;Bajo;5;2001;Generacion Z;18401;Guadalajara;1,892;30;0;327;0,5
CLI1749;F;Si;43;No;Artista;+20annos;Medio;3;1981;Millennials;55359;Madrid;1,468;30;0;218;
CLI1750;F;Si;45;Si;Artista;+20annos;Bajo;1;1979;Generacion X;85068;LLeida;1,629;50;0;143;
CLI1751;M;Si;54;Si;Artista;+20annos;Medio;4;1970;Generacion X;96902;ilava;1,717;80;0;215;
CLI1752;F;Si;42;Si;Ejecutivo;+20annos;Medio;2;1982;Millennials;127815;Burgos;0,686;50;0;502;4
CLI1753;F;Si;40;Si;Ejecutivo;10-20annos;Alto;1;1984;Millennials;115142;Santa Cruz de Tenerife;1,376;50;0;182;
CLI1754;F;Si;57;Si;Artista;+20annos;Bajo;4;1967;Generacion X;77995;Navarra;0,837;80;1;176;
CLI1755;F;No;51;Si;Artista;+20annos;Bajo;2;1973;Generacion X;81331;Soria;0,7;50;0;433;3
CLI1756;M;No;31;No;Medico;<10annos;Bajo;3;1993;Millennials;23722;Alicante;2,066;30;1;264;
CLI1757;F;Si;61;Si;Artista;+20annos;Alto;5;1963;Generacion X;59890;Navarra;1,6;30;0;197;
CLI1758;F;No;45;Si;Funcionario;+20annos;Bajo;1;1979;Generacion X;115681;Soria;1,698;50;0;88;
CLI1759;M;Si;52;No;Ejecutivo;+20annos;Alto;2;1972;Generacion X;116629;Salamanca;0,759;120;1;396;3
CLI1760;M;Si;57;Si;Artista;+20annos;Bajo;3;1967;Generacion X;59507;La Corui±a;0,622;80;1;172;
CLI1761;F;Si;50;Si;Artista;+20annos;Alto;4;1974;Generacion X;27006;Huelva;0,798;30;0;515;4
CLI1762;M;No;35;No;Funcionario;10-20annos;Bajo;3;1989;Millennials;18899;Guipiºzcoa;1,1;30;0;338;0,5
CLI1763;M;Si;86;Si;Servicios;+20annos;Bajo;1;1938;Generacion Silenciosa;85426;Segovia;1,365;50;0;406;1
CLI1764;M;No;50;;Artista;+20annos;Bajo;1;1974;Generacion X;94852;Alicante;0,564;120;0;228;
CLI1765;M;Si;43;No;Ejecutivo;+20annos;Medio;7;1981;Millennials;117903;Badajoz;0,916;30;1;267;
CLI1766;M;Si;42;No;Medico;+20annos;Alto;4;1982;Millennials;103058;Ceuta;1,307;30;0;251;
CLI1767;F;Si;55;Si;Artista;+20annos;Medio;4;1969;Generacion X;94822;Valencia;1,267;80;1;119;
CLI1768;F;Si;58;Si;Ingeniero;+20annos;Alto;4;1966;Generacion X;76892;ivila;1,287;80;0;419;1
CLI1769;M;No;47;Si;Artista;+20annos;Bajo;1;1977;Generacion X;29868;La Rioja;0,759;30;1;143;
CLI1770;M;Si;65;Si;Artista;+20annos;Medio;3;1959;Generacion X;107399;LLeida;0,818;80;0;473;3
CLI1771;F;No;42;No;Otros;+20annos;Bajo;2;1982;Millennials;95339;Granada;1,583;120;0;534;4
CLI1772;M;Si;46;Si;Artista;+20annos;Medio;2;1978;Generacion X;42237;Melilla;1,678;50;0;350;0,5
CLI1773;M;Si;72;Si;Artista;+20annos;Medio;2;1952;Generacion X;61772;Badajoz;1,737;50;0;264;
CLI1774;M;Si;87;Si;Servicios;+20annos;Bajo;2;1937;Generacion Silenciosa;73342;Toledo;1,639;50;0;200;
CLI1775;F;No;45;Si;Artista;+20annos;Bajo;1;1979;Generacion X;33363;Palencia;1,951;30;1;308;0,5
CLI1776;M;Si;46;Si;Otros;+20annos;Bajo;2;1978;Generacion X;108433;Guadalajara;1,717;50;0;163;
CLI1777;M;Si;31;No;Ejecutivo;<10annos;Bajo;7;1993;Millennials;29487;Zaragoza;0,985;30;0;513;4
CLI1778;M;Si;54;Si;Medico;+20annos;Medio;2;1970;Generacion X;23488;Caceres;1,287;30;1;357;0,5
CLI1779;M;Si;64;Si;Artista;+20annos;Bajo;2;1960;Generacion X;126261;Santa Cruz de Tenerife;1,756;50;1;382;3
CLI1780;M;Si;76;Si;Servicios;+20annos;Alto;3;1948;Generacion X;83263;Granada;0,994;80;0;575;4
CLI1781;F;No;39;Si;Artista;10-20annos;Bajo;1;1985;Millennials;22431;Cordoba;0,916;30;0;526;4
CLI1782;F;Si;52;No;Ingeniero;+20annos;Alto;2;1972;Generacion X;116253;Alicante;1,072;120;0;314;0,5
CLI1783;F;No;28;Si;Negocios/empresa;<10annos;Bajo;1;1996;Millennials;24981;Toledo;2,168;30;0;244;
CLI1784;F;Si;42;Si;Construccion;+20annos;Bajo;2;1982;Millennials;116511;Huelva;0,709;50;0;62;
CLI1785;F;No;28;No;Ingeniero;<10annos;Bajo;3;1996;Millennials;28673;Madrid;2,547;30;0;289;
CLI1786;M;Si;84;No;Servicios;+20annos;Bajo;1;1940;Generacion Silenciosa;79017;Las Palmas;1,013;120;0;322;0,5
CLI1787;F;No;25;No;Funcionario;<10annos;Bajo;5;1999;Generacion Z;28546;ivila;1,236;30;1;103;
CLI1788;M;No;42;Si;Negocios/empresa;+20annos;Bajo;1;1982;Millennials;47129;Palencia;1,33;50;0;358;0,5
CLI1789;F;Si;54;Si;Artista;+20annos;Medio;3;1970;Generacion X;113550;Castellon;1,697;80;0;563;4
CLI1790;F;Si;62;Si;Servicios;+20annos;Bajo;1;1962;Generacion X;120433;Salamanca;1,658;50;0;43;
CLI1791;F;Si;78;Si;Artista;+20annos;Alto;2;1946;Generacion X;55052;Zamora;1,58;50;1;295;
CLI1792;F;No;43;No;Ingeniero;+20annos;Bajo;3;1981;Millennials;59265;La Rioja;2,02;30;0;459;3
CLI1793;F;No;45;Si;Artista;+20annos;Bajo;3;1979;Generacion X;44739;Melilla;1,422;30;0;160;
CLI1794;M;Si;73;No;Servicios;+20annos;Bajo;1;1951;Generacion X;79198;Jaen;1,424;120;1;350;0,5
CLI1795;F;Si;30;No;Construccion;<10annos;Bajo;1;1994;Millennials;21847;Valladolid;1,514;30;0;270;
CLI1796;F;No;25;No;Funcionario;<10annos;Bajo;3;1999;Generacion Z;23633;Madrid;2,444;30;0;136;
CLI1797;F;Si;39;Si;Artista;10-20annos;Medio;2;1985;Millennials;28053;Santa Cruz de Tenerife;1,399;30;0;47;
CLI1798;F;Si;36;No;Artista;10-20annos;Bajo;2;1988;Millennials;23570;Zamora;1,951;30;1;182;
CLI1799;F;No;23;No;Ejecutivo;<10annos;Bajo;1;2001;Generacion Z;21698;Jaen;1,581;30;0;362;0,5
CLI1800;F;Si;54;No;Ingeniero;+20annos;Bajo;1;1970;Generacion X;55203;Santa Cruz de Tenerife;1,072;30;1;218;
CLI1801;M;Si;46;No;Ingeniero;+20annos;Bajo;3;1978;Generacion X;45445;Tarragona;1,365;30;0;229;
CLI1802;M;No;43;Si;Artista;+20annos;Bajo;1;1981;Millennials;84796;Baleares;1,514;50;1;396;3
CLI1803;M;Si;75;Si;Servicios;+20annos;Bajo;1;1949;Generacion X;85655;Jaen;1,385;50;0;113;
CLI1804;M;Si;63;Si;Artista;+20annos;Bajo;1;1961;Generacion X;27338;Cordoba;1,404;30;0;77;
CLI1805;M;No;42;Si;Artista;+20annos;Bajo;1;1982;Millennials;48589;Navarra;1,031;50;0;432;3
CLI1806;F;Si;39;No;Ingeniero;10-20annos;Medio;5;1985;Millennials;22857;Zaragoza;2,02;30;0;38;
CLI1807;F;Si;45;Si;Negocios/empresa;+20annos;Bajo;3;1979;Generacion X;21411;Leon;1,353;30;1;344;0,5
CLI1808;M;Si;44;Si;Artista;+20annos;Medio;4;1980;Generacion X;77479;Cuenca;1,744;30;0;557;4
CLI1809;F;No;35;Si;Funcionario;10-20annos;Bajo;3;1989;Millennials;23069;Cadiz;1,215;30;0;91;
CLI1810;M;Si;58;Si;Artista;+20annos;Medio;4;1966;Generacion X;44590;Huesca;1,385;30;1;332;0,5
CLI1811;F;Si;42;Si;Construccion;+20annos;Medio;3;1982;Millennials;103615;Navarra;1,721;30;0;432;3
CLI1812;F;Si;75;No;Negocios/empresa;+20annos;Bajo;2;1949;Generacion X;84033;Ciudad Real;1,306;120;1;303;0,5
CLI1813;M;No;33;No;Ejecutivo;10-20annos;Bajo;2;1991;Millennials;22032;Las Palmas;0,985;30;1;181;
CLI1814;M;Si;57;No;Otros;+20annos;Medio;5;1967;Generacion X;42509;ilava;0,857;30;0;148;
CLI1815;M;Si;88;Si;Servicios;+20annos;Bajo;1;1936;Generacion Silenciosa;98707;Salamanca;1,756;50;0;502;1
CLI1816;F;No;34;Si;Funcionario;10-20annos;Bajo;7;1990;Millennials;30342;Cordoba;1,56;30;0;103;
CLI1817;F;Si;42;No;Ejecutivo;+20annos;Medio;4;1982;Millennials;85246;La Rioja;1,1;30;0;389;3
CLI1818;M;Si;96;No;Ejecutivo;+20annos;Alto;2;1928;Generacion Silenciosa;72257;Almeri­a;1,17;30;1;286;
CLI1819;M;No;25;No;Funcionario;<10annos;Bajo;4;1999;Generacion Z;31227;Caceres;1,788;30;0;106;
CLI1820;M;No;50;Si;Artista;+20annos;Bajo;1;1974;Generacion X;82675;Huesca;0,857;50;0;550;4
CLI1821;M;Si;40;Si;Artista;10-20annos;Medio;4;1984;Millennials;104904;La Corui±a;1,79;30;0;479;3
CLI1822;M;Si;45;No;Ejecutivo;+20annos;Alto;2;1979;Generacion X;126659;Cuenca;1,077;120;0;297;
CLI1823;F;Si;53;Si;Artista;+20annos;Bajo;4;1971;Generacion X;104429;Guadalajara;0,759;80;0;342;0,5
CLI1824;M;Si;77;Si;Ejecutivo;+20annos;Alto;5;1947;Generacion X;83117;Almeri­a;0,955;30;0;475;3
CLI1825;F;Si;92;Si;Servicios;+20annos;Alto;2;1932;Generacion Silenciosa;101933;Caceres;0,857;50;0;310;0,5
CLI1826;M;Si;43;Si;Funcionario;+20annos;Medio;2;1981;Millennials;45594;Burgos;0,985;50;0;454;3
CLI1827;F;No;43;Si;Artista;+20annos;Bajo;1;1981;Millennials;54625;Malaga;1,629;50;0;593;1
CLI1828;M;Si;55;Si;Artista;+20annos;Medio;4;1969;Generacion X;109342;Albacete;1,639;80;0;299;
CLI1829;M;Si;44;Si;Medico;+20annos;Bajo;5;1980;Generacion X;80223;Leon;0,755;30;0;469;3
CLI1830;M;Si;43;Si;Artista;+20annos;Medio;2;1981;Millennials;105376;Tarragona;0,663;50;1;347;0,5
CLI1831;M;Si;42;Si;Artista;+20annos;Medio;3;1982;Millennials;46706;Toledo;1,054;30;1;339;0,5
CLI1832;M;Si;78;No;Servicios;+20annos;Alto;2;1946;Generacion X;96338;Granada;11,305;120;1;296;
CLI1833;F;No;39;Si;Artista;10-20annos;Bajo;1;1985;Millennials;19992;Alicante;1,652;30;0;510;1
CLI1834;M;Si;30;Si;Funcionario;<10annos;Bajo;5;1994;Millennials;29545;Salamanca;1,169;30;1;363;0,5
CLI1835;M;Si;36;No;Funcionario;10-20annos;Medio;3;1988;Millennials;27503;Barcelona;1,882;30;0;524;4
CLI1836;M;Si;41;No;Artista;10-20annos;Medio;3;1983;Millennials;81723;Burgos;1,675;30;1;232;
CLI1837;M;Si;81;Si;Servicios;+20annos;Alto;2;1943;Generacion Silenciosa;50339;Malaga;0,994;50;0;442;3
CLI1838;M;No;22;No;Negocios/empresa;<10annos;Bajo;2;2002;Generacion Z;14369;Almeri­a;2,271;30;1;250;
CLI1839;F;Si;33;No;Otros;10-20annos;Alto;4;1991;Millennials;24406;Madrid;0,939;30;0;109;
CLI1840;M;No;24;No;Medico;<10annos;Bajo;4;2000;Generacion Z;16643;Lugo;1,236;30;1;375;3
CLI1841;F;No;47;Si;Construccion;+20annos;Bajo;1;1977;Generacion X;67650;Guipiºzcoa;1,58;50;1;179;
CLI1842;M;No;40;Si;Artista;10-20annos;Bajo;2;1984;Millennials;108221;Albacete;0,962;50;1;211;
CLI1843;M;No;32;Si;Funcionario;10-20annos;Bajo;2;1992;Millennials;27545;Vizcaya;1,031;30;0;187;
CLI1844;F;No;47;Si;Otros;+20annos;Bajo;6;1977;Generacion X;114313;Zaragoza;1,189;30;1;128;
CLI1845;M;No;42;Si;Otros;+20annos;Bajo;1;1982;Millennials;35493;Jaen;1,859;50;0;401;1
CLI1846;F;Si;44;Si;Artista;+20annos;Alto;5;1980;Generacion X;47129;Valencia;1,33;30;0;314;0,5
CLI1847;F;Si;75;Si;Servicios;+20annos;Alto;4;1949;Generacion X;75410;Castellon;1,326;80;0;162;
CLI1848;M;Si;63;Si;Artista;+20annos;Medio;1;1961;Generacion X;107691;Soria;1,737;50;0;493;3
CLI1849;F;No;39;Si;Otros;10-20annos;Bajo;2;1985;Millennials;18968;Jaen;1,629;30;0;267;
CLI1850;F;No;25;No;Medico;<10annos;Bajo;4;1999;Generacion Z;31850;Tarragona;1,754;30;0;55;
CLI1851;M;No;55;Si;Artista;+20annos;Bajo;1;1969;Generacion X;65932;Albacete;1,443;50;0;243;
CLI1852;F;No;35;Si;Medico;10-20annos;Bajo;5;1989;Millennials;18222;ilava;1,537;30;0;345;0,5
CLI1853;M;Si;65;Si;Otros;+20annos;Bajo;1;1959;Generacion X;64478;Vizcaya;1,346;50;0;295;
CLI1854;F;No;33;Si;Funcionario;10-20annos;Bajo;5;1991;Millennials;20146;Melilla;1,744;30;0;393;3
CLI1855;F;No;39;Si;Artista;10-20annos;Bajo;1;1985;Millennials;23946;Cuenca;0,663;30;0;457;3
CLI1856;M;No;53;Si;Funcionario;+20annos;Bajo;2;1971;Generacion X;119587;Tarragona;1,482;50;1;375;3
CLI1857;M;No;32;No;Funcionario;10-20annos;Bajo;4;1992;Millennials;26418;LLeida;1,882;30;0;150;
CLI1858;F;Si;44;Si;Artista;+20annos;Medio;2;1980;Generacion X;38701;Lugo;1,33;50;0;308;0,5
CLI1859;M;Si;42;Si;Artista;+20annos;Medio;3;1982;Millennials;71639;Cordoba;1,031;30;0;439;3
CLI1860;M;Si;40;No;Ingeniero;10-20annos;Bajo;1;1984;Millennials;119570;Alicante;0,939;120;1;381;3
CLI1861;M;No;22;No;Funcionario;<10annos;Bajo;4;2002;Generacion Z;14130;Murcia;1,961;30;0;598;4
CLI1862;M;No;32;No;Funcionario;10-20annos;Bajo;3;1992;Millennials;23953;Teruel;0,755;30;0;583;4
CLI1863;M;Si;46;No;Ejecutivo;+20annos;Alto;3;1978;Generacion X;124681;Huelva;1,658;200;0;171;
CLI1864;F;Si;39;Si;Otros;10-20annos;Bajo;1;1985;Millennials;28287;La Corui±a;0,847;30;0;389;3
CLI1865;F;Si;41;No;Ingeniero;10-20annos;Medio;6;1983;Millennials;35989;Zamora;0,916;30;1;293;
CLI1866;F;Si;57;No;Artista;+20annos;Medio;4;1967;Generacion X;128585;Valladolid;0,935;200;0;475;3
CLI1867;M;No;58;Si;Artista;+20annos;Bajo;2;1966;Generacion X;49806;Zaragoza;1,737;50;0;280;
CLI1868;M;Si;33;No;Artista;10-20annos;Alto;6;1991;Millennials;30549;Sevilla;1,583;30;1;266;
CLI1869;F;Si;72;Si;Artista;+20annos;Bajo;2;1952;Generacion X;122746;Valladolid;15,215;50;0;128;
CLI1870;F;No;25;No;Funcionario;<10annos;Bajo;3;1999;Generacion Z;23183;Gerona;1,512;30;1;161;
CLI1871;F;No;35;No;Otros;10-20annos;Bajo;3;1989;Millennials;24390;Cordoba;1,468;30;0;252;
CLI1872;F;No;40;Si;Construccion;10-20annos;Bajo;1;1984;Millennials;55532;Albacete;1,422;50;0;343;0,5
CLI1873;M;No;30;No;Otros;<10annos;Bajo;3;1994;Millennials;26013;Las Palmas;1,652;30;0;228;
CLI1874;M;Si;40;Si;Ejecutivo;10-20annos;Bajo;2;1984;Millennials;28305;Navarra;1,307;30;0;288;
CLI1875;M;No;41;Si;Artista;10-20annos;Bajo;1;1983;Millennials;32418;Pontevedra;1,054;30;1;355;0,5
CLI1876;M;No;32;No;Otros;10-20annos;Bajo;3;1992;Millennials;29554;Melilla;1,56;30;0;81;
CLI1877;M;No;32;Si;Ejecutivo;10-20annos;Bajo;5;1992;Millennials;19230;Soria;1,077;30;0;166;
CLI1878;M;No;30;Si;Medico;<10annos;Bajo;6;1994;Millennials;19218;Tarragona;1,813;30;0;419;3
CLI1879;F;No;39;Si;Ingeniero;10-20annos;Bajo;1;1985;Millennials;28472;Zaragoza;0,686;30;0;140;
CLI1880;M;No;44;Si;Artista;+20annos;Bajo;1;1980;Generacion X;33700;Malaga;0,824;30;0;46;
CLI1881;M;No;41;Si;Otros;10-20annos;Bajo;4;1983;Millennials;50323;Santa Cruz de Tenerife;0,824;30;0;579;4
CLI1882;M;No;21;No;Funcionario;<10annos;Bajo;5;2003;Generacion Z;21439;Santa Cruz de Tenerife;1,719;30;0;208;
CLI1883;M;No;32;Si;Funcionario;10-20annos;Bajo;4;1992;Millennials;30587;Alicante;1,744;30;0;136;
CLI1884;F;Si;58;Si;Artista;+20annos;Medio;2;1966;Generacion X;105204;Caceres;0,798;50;0;585;4
CLI1885;M;No;28;Si;Funcionario;<10annos;Bajo;1;1996;Millennials;26675;La Corui±a;1,754;30;1;225;
CLI1886;F;Si;42;Si;Servicios;+20annos;Bajo;1;1982;Millennials;128718;Albacete;0,962;50;0;242;
CLI1887;M;Si;53;Si;Artista;+20annos;Bajo;6;1971;Generacion X;39529;Baleares;0,935;30;0;255;
CLI1888;F;No;29;No;Ingeniero;<10annos;Bajo;1;1995;Millennials;25065;Badajoz;2,444;30;0;532;4
CLI1889;F;No;33;Si;Funcionario;10-20annos;Bajo;4;1991;Millennials;31199;Orense;1,882;30;1;274;
CLI1890;M;No;33;No;Otros;10-20annos;Bajo;2;1991;Millennials;26251;Albacete;0,893;30;1;184;
CLI1891;M;Si;76;No;Ejecutivo;+20annos;Alto;3;1948;Generacion X;52326;Castellon;0,818;30;0;62;
CLI1892;M;Si;63;Si;Artista;+20annos;Bajo;1;1961;Generacion X;39445;Cuenca;1,6;50;0;516;1
CLI1893;F;Si;62;Si;Artista;+20annos;Medio;2;1962;Generacion X;63022;Castellon;1,17;50;0;278;
CLI1894;M;No;30;Si;Funcionario;<10annos;Bajo;4;1994;Millennials;19644;Salamanca;0,755;30;0;296;
CLI1895;M;No;23;No;Funcionario;<10annos;Bajo;6;2001;Generacion Z;20495;Huelva;1,65;30;1;143;
CLI1896;F;Si;78;Si;Artista;+20annos;Alto;4;1946;Generacion X;52264;Valencia;0,603;30;0;246;
CLI1897;F;No;43;Si;Otros;+20annos;Bajo;4;1981;Millennials;103621;Jaen;1,491;30;1;142;
CLI1898;F;Si;96;Si;Servicios;+20annos;Alto;2;1928;Generacion Silenciosa;98222;Albacete;1,58;50;1;182;
CLI1899;M;Si;65;No;Otros;+20annos;Medio;3;1959;Generacion X;54180;Valladolid;0,661;30;0;250;
CLI1900;M;No;35;Si;Negocios/empresa;10-20annos;Bajo;1;1989;Millennials;31931;Cuenca;1,56;30;0;355;0,5
CLI1901;M;Si;44;No;Ejecutivo;+20annos;Bajo;4;1980;Generacion X;99446;Zamora;1,123;30;0;210;
CLI1902;F;Si;64;Si;Artista;+20annos;Alto;3;1960;Generacion X;126617;Melilla;1,209;80;0;76;
CLI1903;M;No;21;No;Funcionario;<10annos;Bajo;5;2003;Generacion Z;14494;Sevilla;1,926;30;0;376;3
CLI1904;F;No;34;Si;Negocios/empresa;10-20annos;Bajo;9;1990;Millennials;26184;Gerona;1,353;30;1;137;
CLI1905;M;No;34;No;Funcionario;10-20annos;Bajo;4;1990;Millennials;21288;Sevilla;0,87;30;0;543;4
CLI1906;F;Si;47;No;Ingeniero;+20annos;Medio;2;1977;Generacion X;46995;Leon;1,365;30;1;333;0,5
CLI1907;M;Si;52;No;Servicios;+20annos;Bajo;5;1972;Generacion X;120719;Melilla;1,209;200;0;155;
CLI1908;M;No;39;No;Negocios/empresa;10-20annos;Bajo;4;1985;Millennials;30177;Barcelona;1,399;30;0;407;3
CLI1909;F;Si;51;Si;Artista;+20annos;Medio;2;1973;Generacion X;121005;La Corui±a;0,896;50;0;596;4
CLI1910;M;Si;76;Si;Artista;+20annos;Bajo;2;1948;Generacion X;62897;Melilla;1,639;50;0;529;1
CLI1911;M;Si;76;Si;Medico;+20annos;Alto;3;1948;Generacion X;72868;ilava;0,74;80;0;106;
CLI1912;F;Si;50;Si;Otros;+20annos;Medio;5;1974;Generacion X;77009;Teruel;0,896;30;0;388;3
CLI1913;M;Si;42;Si;Artista;+20annos;Bajo;4;1982;Millennials;78827;Toledo;1,514;30;0;421;1
CLI1914;M;Si;43;Si;Ejecutivo;+20annos;Alto;3;1981;Millennials;57060;Castellon;1,468;30;0;453;1
CLI1915;M;Si;72;Si;Artista;+20annos;Bajo;1;1952;Generacion X;80684;Badajoz;15,215;50;0;329;0,5
CLI1916;F;No;25;No;Funcionario;<10annos;Bajo;5;1999;Generacion Z;25831;Gerona;2,168;30;1;104;
CLI1917;F;Si;64;No;Ingeniero;+20annos;Medio;6;1960;Generacion X;78463;Orense;1,541;30;0;442;3
CLI1918;M;Si;92;Si;Otros;+20annos;Alto;2;1932;Generacion Silenciosa;27042;Almeri­a;0,72;30;0;241;
CLI1919;M;Si;39;Si;Artista;10-20annos;Medio;2;1985;Millennials;27807;LLeida;1,721;30;0;397;3
CLI1920;F;No;24;No;Funcionario;<10annos;Bajo;2;2000;Generacion Z;16675;Badajoz;2,34;30;0;305;0,5
CLI1921;M;No;33;No;Ejecutivo;10-20annos;Bajo;4;1991;Millennials;30094;Soria;1,583;30;0;450;3
CLI1922;M;No;25;No;Funcionario;<10annos;Bajo;2;1999;Generacion Z;25679;Alicante;1,788;30;1;276;
CLI1923;F;No;45;Si;Artista;+20annos;Bajo;3;1979;Generacion X;60971;Guadalajara;1,767;30;1;271;
CLI1924;M;Si;55;Si;Ejecutivo;+20annos;Alto;3;1969;Generacion X;50403;Vizcaya;0,622;30;0;39;
CLI1925;M;Si;55;Si;Ejecutivo;+20annos;Alto;4;1969;Generacion X;58034;Albacete;1,052;80;0;592;4
CLI1926;F;No;31;Si;Construccion;<10annos;Bajo;1;1993;Millennials;28844;Baleares;1,652;30;0;558;4
CLI1927;F;Si;41;Si;Medico;10-20annos;Medio;2;1983;Millennials;68538;Pontevedra;0,663;50;1;186;
CLI1928;M;No;21;No;Funcionario;<10annos;Bajo;6;2003;Generacion Z;17634;Almeri­a;1,788;30;1;194;
CLI1929;F;No;33;Si;Funcionario;10-20annos;Bajo;5;1991;Millennials;23450;Alicante;1,698;30;1;297;
CLI1930;M;Si;47;No;Ejecutivo;+20annos;Bajo;1;1977;Generacion X;30373;Zaragoza;0,876;30;0;239;
CLI1931;M;Si;80;No;Ejecutivo;+20annos;Alto;2;1944;Generacion Silenciosa;23052;Valencia;1,619;30;0;254;
CLI1932;F;No;21;No;Funcionario;<10annos;Bajo;1;2003;Generacion Z;16586;Huesca;2,616;30;0;366;3
CLI1933;M;Si;55;Si;Ejecutivo;+20annos;Alto;3;1969;Generacion X;73777;Las Palmas;1,15;80;0;536;4
CLI1934;M;Si;56;Si;Servicios;+20annos;Bajo;2;1968;Generacion X;22719;Soria;1,482;30;1;111;
CLI1935;F;Si;35;Si;Artista;10-20annos;Alto;2;1989;Millennials;19075;Ceuta;1,399;30;0;574;4
CLI1936;F;No;43;Si;Medico;+20annos;Bajo;1;1981;Millennials;76775;Teruel;1,399;50;1;103;
CLI1937;M;No;47;Si;Medico;+20annos;Bajo;4;1977;Generacion X;59150;La Corui±a;1,013;80;0;159;
CLI1938;F;No;36;Si;Artista;10-20annos;Bajo;2;1988;Millennials;27741;Murcia;0,87;30;1;267;
CLI1939;M;Si;67;Si;Artista;+20annos;Medio;3;1957;Generacion X;44518;Madrid;0,661;30;1;285;
CLI1940;F;Si;77;Si;Medico;+20annos;Medio;2;1947;Generacion X;125768;Baleares;1,482;50;0;474;3
CLI1941;M;Si;73;Si;Artista;+20annos;Medio;2;1951;Generacion X;66876;Navarra;1,306;50;1;239;
CLI1942;F;Si;79;Si;Artista;+20annos;Bajo;1;1945;Generacion Silenciosa;75380;La Rioja;0,837;50;1;212;
CLI1943;M;Si;78;Si;Artista;+20annos;Alto;2;1946;Generacion X;75437;Orense;1,678;50;0;336;0,5
CLI1944;M;No;20;No;Funcionario;<10annos;Bajo;9;2004;Generacion Z;16091;Huesca;3,099;30;0;424;3
CLI1945;M;Si;36;No;Artista;10-20annos;Medio;2;1988;Millennials;21450;La Rioja;1,951;30;0;508;4
CLI1946;M;No;31;Si;Artista;<10annos;Bajo;1;1993;Millennials;21671;La Rioja;1,399;30;0;543;4
CLI1947;F;Si;30;Si;Negocios/empresa;<10annos;Medio;2;1994;Millennials;22766;Huelva;1,767;30;0;58;
CLI1948;F;Si;42;No;Ingeniero;+20annos;Bajo;5;1982;Millennials;118306;Burgos;1,836;30;0;382;3
CLI1949;M;Si;69;Si;Artista;+20annos;Medio;7;1955;Generacion X;21787;Cadiz;0,974;30;0;232;
CLI1950;M;Si;77;Si;Servicios;+20annos;Alto;3;1947;Generacion X;58707;Barcelona;1,248;80;1;110;
CLI1951;F;No;29;Si;Funcionario;<10annos;Bajo;1;1995;Millennials;22613;Salamanca;14,085;30;0;460;3
CLI1952;M;Si;40;No;Otros;10-20annos;Bajo;2;1984;Millennials;117782;Barcelona;1,537;120;0;588;4
CLI1953;F;Si;52;Si;Artista;+20annos;Bajo;3;1972;Generacion X;55013;Badajoz;0,837;80;0;30;
CLI1954;M;No;31;No;Otros;<10annos;Bajo;2;1993;Millennials;30159;Granada;1,537;30;0;431;3
CLI1955;F;No;29;Si;Otros;<10annos;Bajo;5;1995;Millennials;31136;Badajoz;2,409;30;0;94;
CLI1956;M;Si;72;No;Servicios;+20annos;Alto;2;1952;Generacion X;99928;Castellon;15,215;120;0;78;
CLI1957;M;No;22;No;Negocios/empresa;<10annos;Bajo;3;2002;Generacion Z;22758;Ciudad Real;1,581;30;0;193;
CLI1958;M;Si;33;Si;Artista;10-20annos;Medio;2;1991;Millennials;24453;Jaen;1,652;30;0;224;
CLI1959;M;No;45;Si;Otros;+20annos;Bajo;2;1979;Generacion X;93287;Zaragoza;1,951;50;0;598;1
CLI1960;F;No;44;Si;Medico;+20annos;Bajo;1;1980;Generacion X;23732;Cuenca;1,767;30;0;491;1
CLI1961;F;Si;52;No;Ingeniero;+20annos;Medio;4;1972;Generacion X;34276;Tarragona;1,639;30;1;364;0,5
CLI1962;M;Si;44;Si;Otros;+20annos;Medio;5;1980;Generacion X;57062;Badajoz;1,997;30;0;509;4
CLI1963;F;Si;58;No;Ingeniero;+20annos;Medio;3;1966;Generacion X;49734;Soria;1,189;30;1;222;
CLI1964;F;No;31;Si;Construccion;<10annos;Bajo;2;1993;Millennials;29078;Leon;1,077;30;1;369;3
CLI1965;M;Si;66;Si;Artista;+20annos;Bajo;2;1958;Generacion X;94320;La Corui±a;1,189;50;1;133;
CLI1966;F;No;30;Si;Artista;<10annos;Bajo;1;1994;Millennials;29036;Orense;2,066;30;1;128;
CLI1967;M;Si;47;Si;Artista;+20annos;Bajo;2;1977;Generacion X;102329;Salamanca;0,72;50;0;175;
CLI1968;F;No;36;Si;Construccion;10-20annos;Bajo;3;1988;Millennials;20885;Valencia;1,307;30;0;502;1
CLI1969;M;Si;62;Si;Otros;+20annos;Medio;2;1962;Generacion X;76727;Cordoba;1,326;50;0;189;
CLI1970;M;Si;77;Si;Ejecutivo;+20annos;Alto;2;1947;Generacion X;93315;Melilla;1,482;50;0;377;1
CLI1971;M;Si;77;No;Medico;+20annos;Alto;2;1947;Generacion X;100481;Salamanca;1,639;120;0;88;
CLI1972;M;Si;80;No;Ejecutivo;+20annos;Alto;3;1944;Generacion Silenciosa;41440;Pontevedra;0,642;30;0;558;4
CLI1973;F;Si;42;Si;Otros;+20annos;Medio;2;1982;Millennials;117431;Gerona;1,422;50;0;374;3
CLI1974;F;No;44;Si;Ingeniero;+20annos;Bajo;3;1980;Generacion X;95669;La Corui±a;1,698;30;0;574;1
CLI1975;M;Si;97;No;Ejecutivo;+20annos;Bajo;1;1927;Generacion Silenciosa;88449;La Corui±a;1,541;120;0;465;3
CLI1976;F;No;32;Si;Funcionario;10-20annos;Bajo;4;1992;Millennials;29812;ivila;1,123;30;1;115;
CLI1977;M;Si;30;Si;Ejecutivo;<10annos;Alto;2;1994;Millennials;27759;ilava;1,353;30;1;158;
CLI1978;F;Si;44;Si;Ingeniero;+20annos;Medio;2;1980;Generacion X;127102;Teruel;1,192;50;0;445;3
CLI1979;M;Si;90;Si;Servicios;+20annos;Bajo;1;1934;Generacion Silenciosa;67780;ivila;1,697;50;0;311;0,5
CLI1980;F;No;42;Si;Artista;+20annos;Bajo;1;1982;Millennials;101980;Gerona;1,859;50;0;139;
CLI1981;M;Si;43;Si;Medico;+20annos;Medio;3;1981;Millennials;41881;ilava;1,905;30;0;287;
CLI1982;M;Si;43;Si;Artista;+20annos;Medio;2;1981;Millennials;106785;Caceres;1,422;50;0;134;
CLI1983;M;No;52;Si;Artista;+20annos;Bajo;1;1972;Generacion X;77517;Murcia;1,091;50;1;140;
CLI1984;M;Si;83;Si;Servicios;+20annos;Alto;2;1941;Generacion Silenciosa;46585;Madrid;1,052;50;0;271;
CLI1985;F;Si;41;No;Negocios/empresa;10-20annos;Bajo;4;1983;Millennials;64371;Baleares;1,721;30;0;85;
CLI1986;M;Si;92;No;Servicios;+20annos;Alto;2;1932;Generacion Silenciosa;33254;ivila;0,857;30;1;169;
CLI1987;F;No;46;Si;Otros;+20annos;Bajo;2;1978;Generacion X;98233;LLeida;1,58;50;0;116;
CLI1988;M;Si;43;Si;Medico;+20annos;Medio;2;1981;Millennials;98777;LLeida;1,307;50;1;375;3
CLI1989;M;Si;46;Si;Artista;+20annos;Medio;2;1978;Generacion X;77370;LLeida;1,385;50;1;158;
CLI1990;F;Si;44;Si;Artista;+20annos;Medio;2;1980;Generacion X;129165;Valencia;2,066;50;0;515;4
CLI1991;F;No;57;Si;Medico;+20annos;Bajo;1;1967;Generacion X;93148;Jaen;15,215;50;1;299;
CLI1992;M;No;57;No;Artista;+20annos;Bajo;1;1967;Generacion X;97997;ivila;1,091;120;1;301;0,5
CLI1993;M;No;34;Si;Otros;10-20annos;Bajo;4;1990;Millennials;31758;Segovia;1,399;30;1;389;3
CLI1994;M;Si;41;Si;Negocios/empresa;10-20annos;Bajo;2;1983;Millennials;89828;Valencia;1,468;50;0;527;1
CLI1995;M;No;30;Si;Artista;<10annos;Bajo;1;1994;Millennials;26745;Castellon;0,893;30;0;182;
CLI1996;F;No;39;Si;Ingeniero;10-20annos;Bajo;4;1985;Millennials;24470;Sevilla;1,859;30;0;534;1
CLI1997;M;Si;87;Si;Artista;+20annos;Alto;2;1937;Generacion Silenciosa;117570;Leon;1,091;50;1;161;
CLI1998;F;No;31;Si;Medico;<10annos;Bajo;4;1993;Millennials;31853;Castellon;0,939;30;0;471;3
CLI1999;M;No;34;No;Funcionario;10-20annos;Bajo;4;1990;Millennials;19845;Palencia;1,215;30;0;132;
CLI2000;M;Si;97;No;Ejecutivo;+20annos;Alto;3;1927;Generacion Silenciosa;105675;La Rioja;1,365;30;0;120;
CLI2001;F;No;56;Si;Otros;+20annos;Bajo;1;1968;Generacion X;89921;ilava;1,639;50;0;247;
CLI2002;M;Si;42;Si;Otros;+20annos;Bajo;2;1982;Millennials;50620;Vizcaya;0,663;50;0;398;3
CLI2003;F;Si;58;Si;Artista;+20annos;Medio;2;1966;Generacion X;49205;Granada;1,228;50;0;318;0,5
CLI2004;F;No;47;Si;Artista;+20annos;Bajo;2;1977;Generacion X;26337;Navarra;1,678;30;0;359;0,5
CLI2005;M;Si;61;No;Ejecutivo;+20annos;Bajo;2;1963;Generacion X;78555;Teruel;1,287;120;1;149;
CLI2006;M;No;39;Si;Artista;10-20annos;Bajo;2;1985;Millennials;28265;Valencia;1,56;30;0;468;1
CLI2007;F;Si;28;No;Ingeniero;<10annos;Medio;2;1996;Millennials;18940;Zamora;1,823;30;1;326;0,5
CLI2008;M;Si;64;Si;Artista;+20annos;Medio;4;1960;Generacion X;45489;La Rioja;1,463;30;1;177;
CLI2009;F;No;35;Si;Medico;10-20annos;Bajo;6;1989;Millennials;29847;Huelva;0,962;30;0;118;
CLI2010;F;Si;54;No;Artista;+20annos;Medio;4;1970;Generacion X;71842;Caceres;1,17;30;1;181;
CLI2011;F;Si;58;No;Otros;+20annos;Alto;2;1966;Generacion X;62588;La Corui±a;1,678;30;1;162;
CLI2012;F;Si;34;No;Ingeniero;10-20annos;Bajo;4;1990;Millennials;23299;La Corui±a;1,054;30;0;450;3
CLI2013;M;No;43;Si;Artista;+20annos;Bajo;2;1981;Millennials;60625;Gerona;1,123;50;0;47;
CLI2014;M;No;46;Si;Otros;+20annos;Bajo;1;1978;Generacion X;51435;Barcelona;1,072;50;0;597;4
CLI2015;M;No;22;No;Funcionario;<10annos;Bajo;5;2002;Generacion Z;16535;Valladolid;2,789;30;1;110;
CLI2016;M;Si;55;Si;Otros;+20annos;Bajo;2;1969;Generacion X;72870;Valladolid;0,759;50;0;141;
CLI2017;M;No;29;No;Medico;<10annos;Bajo;6;1995;Millennials;21186;Badajoz;2,685;30;0;202;
CLI2018;M;Si;51;Si;Artista;+20annos;Medio;3;1973;Generacion X;121793;Malaga;0,74;80;0;360;0,5
CLI2019;M;No;33;Si;Medico;10-20annos;Bajo;2;1991;Millennials;20545;Segovia;1,928;30;0;117;
CLI2020;F;Si;66;Si;Medico;+20annos;Medio;2;1958;Generacion X;129721;Badajoz;1,385;50;0;244;
CLI2021;M;Si;92;No;Servicios;+20annos;Bajo;1;1932;Generacion Silenciosa;102218;Madrid;1,052;120;0;316;0,5
CLI2022;F;No;41;Si;Construccion;10-20annos;Bajo;1;1983;Millennials;45918;Segovia;1,537;50;1;152;
CLI2023;M;Si;69;Si;Artista;+20annos;Bajo;1;1955;Generacion X;33440;Gerona;1,209;30;0;573;4
CLI2024;F;No;42;Si;Funcionario;+20annos;Bajo;2;1982;Millennials;113161;Murcia;1,008;50;0;573;4
CLI2025;M;Si;56;Si;Otros;+20annos;Medio;4;1968;Generacion X;126484;Orense;1,424;80;1;261;
CLI2026;M;No;22;No;Funcionario;<10annos;Bajo;4;2002;Generacion Z;21122;Baleares;2,513;30;0;589;4
CLI2027;F;No;28;No;Funcionario;<10annos;Bajo;3;1996;Millennials;30106;ilava;3,065;30;0;253;
CLI2028;F;No;36;Si;Medico;10-20annos;Bajo;5;1988;Millennials;30611;Vizcaya;1,031;30;1;108;
CLI2029;F;No;34;No;Ingeniero;10-20annos;Bajo;1;1990;Millennials;29801;Pontevedra;0,916;30;1;311;0,5
CLI2030;M;Si;63;Si;Funcionario;+20annos;Bajo;3;1961;Generacion X;85947;Cadiz;1,404;80;1;358;0,5
CLI2031;M;Si;46;Si;Artista;+20annos;Bajo;4;1978;Generacion X;118415;Teruel;1,639;80;1;363;0,5
CLI2032;M;Si;44;No;Otros;+20annos;Medio;5;1980;Generacion X;62263;Pontevedra;2,066;30;1;358;0,5
CLI2033;M;Si;73;No;Servicios;+20annos;Alto;3;1951;Generacion X;116880;Alicante;0,837;30;0;94;
CLI2034;M;No;23;No;Construccion;<10annos;Bajo;4;2001;Generacion Z;22128;Castellon;2,892;30;0;216;
CLI2035;M;Si;80;No;Ejecutivo;+20annos;Alto;2;1944;Generacion Silenciosa;49725;Cordoba;0,876;30;1;135;
CLI2036;F;Si;51;Si;Artista;+20annos;Bajo;2;1973;Generacion X;50363;Huesca;1,756;50;0;30;
CLI2037;F;Si;73;Si;Artista;+20annos;Medio;2;1951;Generacion X;119395;Huelva;1,737;50;0;207;
CLI2038;M;Si;30;Si;Medico;<10annos;Medio;2;1994;Millennials;28953;Tarragona;0,87;30;0;197;
CLI2039;F;Si;39;Si;Construccion;10-20annos;Bajo;1;1985;Millennials;25182;Valencia;1,606;30;0;507;1
CLI2040;F;Si;58;No;Artista;+20annos;Alto;4;1966;Generacion X;60361;Pontevedra;1,678;30;1;299;
CLI2041;M;Si;88;No;Servicios;+20annos;Bajo;1;1936;Generacion Silenciosa;32354;Zaragoza;1,267;30;0;251;
CLI2042;F;Si;69;Si;Artista;+20annos;Medio;3;1955;Generacion X;71440;Segovia;0,583;80;0;461;3
CLI2043;F;No;45;Si;Medico;+20annos;Bajo;1;1979;Generacion X;64199;Soria;1,468;50;0;130;
CLI2044;M;Si;47;Si;Artista;+20annos;Medio;4;1977;Generacion X;125635;Alicante;1,619;80;0;68;
CLI2045;M;Si;52;Si;Servicios;+20annos;Alto;3;1972;Generacion X;25971;Granada;1,561;30;0;543;1
CLI2046;F;No;20;No;Negocios/empresa;<10annos;Bajo;5;2004;Generacion Z;23490;Navarra;1,236;30;1;224;
CLI2047;F;No;36;Si;Otros;10-20annos;Bajo;4;1988;Millennials;21834;Orense;0,824;30;0;306;0,5
CLI2048;M;No;33;No;Ingeniero;10-20annos;Bajo;3;1991;Millennials;20220;Ceuta;1,928;30;0;64;
CLI2049;M;Si;94;Si;Ejecutivo;+20annos;Alto;2;1930;Generacion Silenciosa;119343;Teruel;1,561;50;0;294;
CLI2050;F;Si;51;Si;Artista;+20annos;Alto;1;1973;Generacion X;81747;Murcia;1,013;50;0;560;4
CLI2051;M;Si;53;Si;Medico;+20annos;Bajo;2;1971;Generacion X;85521;Lugo;1,678;50;1;250;
CLI2052;M;Si;88;Si;Servicios;+20annos;Alto;2;1936;Generacion Silenciosa;96148;Huesca;0,564;50;0;580;4
CLI2053;M;No;36;Si;Artista;10-20annos;Bajo;1;1988;Millennials;19594;Malaga;1,054;30;0;85;
CLI2054;F;Si;40;Si;Artista;10-20annos;Alto;7;1984;Millennials;29763;Murcia;1,859;30;0;540;1
CLI2055;M;Si;30;No;Otros;<10annos;Medio;2;1994;Millennials;29653;Toledo;1,606;30;0;504;4
CLI2056;M;No;31;No;Funcionario;<10annos;Bajo;5;1993;Millennials;25700;Huelva;1,353;30;0;214;
CLI2057;F;Si;39;Si;Medico;10-20annos;Medio;3;1985;Millennials;25972;Almeri­a;0,847;30;0;256;
CLI2058;M;No;29;Si;Otros;<10annos;Bajo;3;1995;Millennials;20936;Navarra;2,651;30;1;334;0,5
CLI2059;F;Si;43;Si;Construccion;+20annos;Medio;3;1981;Millennials;98355;Tarragona;1,123;30;0;363;0,5
CLI2060;F;Si;62;Si;Artista;+20annos;Alto;4;1962;Generacion X;116448;Almeri­a;1,248;80;1;250;
CLI2061;F;No;29;Si;Artista;<10annos;Bajo;2;1995;Millennials;25500;Leon;2,685;30;0;101;
CLI2062;M;Si;34;Si;Otros;10-20annos;Bajo;2;1990;Millennials;18386;Pontevedra;1,491;30;0;566;4
CLI2063;M;No;23;No;Funcionario;<10annos;Bajo;2;2001;Generacion Z;14617;Madrid;1,547;30;0;486;3
CLI2064;M;Si;43;No;Otros;+20annos;Medio;4;1981;Millennials;80460;Cuenca;1,376;30;0;36;
CLI2065;F;No;56;Si;Artista;+20annos;Bajo;1;1968;Generacion X;70885;Baleares;0,759;50;0;341;0,5
CLI2066;M;Si;50;No;Medico;+20annos;Bajo;4;1974;Generacion X;103880;Granada;1,619;30;0;218;
CLI2067;F;No;36;Si;Construccion;10-20annos;Bajo;1;1988;Millennials;22299;Cuenca;1,146;30;1;174;
CLI2068;M;Si;68;;Servicios;+20annos;Bajo;1;1956;Generacion X;64939;Burgos;1,717;30;0;60;
CLI2069;F;Si;88;Si;Servicios;+20annos;Alto;2;1936;Generacion Silenciosa;59377;Segovia;1,033;50;0;404;3
CLI2070;M;Si;85;Si;Ejecutivo;+20annos;Bajo;1;1939;Generacion Silenciosa;111683;Huesca;1,424;50;0;294;
CLI2071;F;No;32;No;Funcionario;10-20annos;Bajo;5;1992;Millennials;18050;La Rioja;0,801;30;0;439;3
CLI2072;F;Si;36;No;Ingeniero;10-20annos;Medio;5;1988;Millennials;25167;Melilla;1,238;30;1;114;
CLI2073;M;No;32;No;Artista;10-20annos;Bajo;3;1992;Millennials;25016;Burgos;1,698;30;0;203;
CLI2074;F;No;22;No;Funcionario;<10annos;Bajo;1;2002;Generacion Z;17631;La Rioja;1,547;30;0;542;4
CLI2075;M;Si;47;Si;Artista;+20annos;Bajo;2;1977;Generacion X;42343;Zaragoza;1,678;50;1;193;
CLI2076;F;No;20;No;Funcionario;<10annos;Bajo;3;2004;Generacion Z;22684;Teruel;3,099;30;0;173;
CLI2077;M;Si;58;Si;Artista;+20annos;Medio;3;1966;Generacion X;93645;Ciudad Real;1,678;80;1;371;3
CLI2078;M;Si;31;Si;Otros;<10annos;Medio;3;1993;Millennials;28483;ilava;1,307;30;1;140;
CLI2079;F;No;47;Si;Otros;+20annos;Bajo;4;1977;Generacion X;112700;Teruel;11,305;80;0;584;1
CLI2080;M;No;34;Si;Otros;10-20annos;Bajo;3;1990;Millennials;24495;Guipiºzcoa;0,709;30;1;175;
CLI2081;F;No;31;Si;Funcionario;<10annos;Bajo;2;1993;Millennials;29948;Murcia;1,951;30;0;447;3
CLI2082;M;Si;72;Si;Artista;+20annos;Bajo;2;1952;Generacion X;93277;La Corui±a;0,798;50;1;153;
CLI2083;M;Si;36;Si;Artista;10-20annos;Medio;2;1988;Millennials;23783;Guipiºzcoa;0,893;30;1;112;
CLI2084;M;Si;54;Si;Artista;+20annos;Medio;6;1970;Generacion X;95554;Valladolid;1,013;30;1;364;0,5
CLI2085;M;No;36;No;Funcionario;10-20annos;Bajo;4;1988;Millennials;25811;Toledo;1,192;30;1;328;0,5
CLI2086;M;Si;58;Si;Artista;+20annos;Medio;2;1966;Generacion X;31407;Orense;0,994;30;0;356;0,5
CLI2087;F;Si;52;Si;Artista;+20annos;Medio;4;1972;Generacion X;61433;Badajoz;1,17;80;0;109;
CLI2088;M;No;34;No;Otros;10-20annos;Bajo;7;1990;Millennials;25682;LLeida;1,1;30;0;476;3
CLI2089;M;Si;57;Si;Ejecutivo;+20annos;Alto;4;1967;Generacion X;88753;Lugo;1,228;80;1;182;
CLI2090;M;;67;;Ingeniero;+20annos;Medio;2;1957;Generacion X;100098;Ciudad Real;1,541;120;0;353;0,5
CLI2091;M;No;34;No;Funcionario;10-20annos;Bajo;7;1990;Millennials;28572;Ceuta;1,583;30;0;462;3
CLI2092;F;No;33;Si;Funcionario;10-20annos;Bajo;2;1991;Millennials;24387;Navarra;0,893;30;1;382;3
CLI2093;M;Si;69;Si;Otros;+20annos;Medio;2;1955;Generacion X;61275;Madrid;1,15;50;0;121;
CLI2094;M;Si;76;No;Ejecutivo;+20annos;Medio;2;1948;Generacion X;99122;Toledo;1,58;120;1;316;0,5
CLI2095;M;No;32;Si;Ingeniero;10-20annos;Bajo;4;1992;Millennials;24758;Burgos;1,33;30;0;160;
CLI2096;F;Si;62;No;Ingeniero;+20annos;Medio;5;1962;Generacion X;90801;Granada;1,209;30;0;495;3
CLI2097;F;Si;79;Si;Artista;+20annos;Medio;3;1945;Generacion Silenciosa;126151;Segovia;1,424;80;1;108;
CLI2098;M;Si;97;No;Servicios;+20annos;Bajo;1;1927;Generacion Silenciosa;125755;Segovia;1,502;120;1;300;
CLI2099;M;No;33;No;Ingeniero;10-20annos;Bajo;4;1991;Millennials;29452;Cordoba;0,824;30;1;354;0,5
CLI2100;F;No;34;Si;Funcionario;10-20annos;Bajo;4;1990;Millennials;23228;Guadalajara;0,732;30;0;392;3
CLI2101;M;No;45;Si;Artista;+20annos;Bajo;3;1979;Generacion X;111374;Madrid;1,169;30;0;200;
CLI2102;F;No;34;Si;Funcionario;10-20annos;Bajo;7;1990;Millennials;24130;La Corui±a;1,468;30;0;459;3
CLI2103;M;No;22;No;Funcionario;<10annos;Bajo;5;2002;Generacion Z;19058;Navarra;2,168;30;0;184;
CLI2104;F;Si;29;No;Negocios/empresa;<10annos;Alto;3;1995;Millennials;25856;Almeri­a;10,635;30;1;168;
CLI2105;M;Si;53;No;Otros;+20annos;Medio;5;1971;Generacion X;123001;Vizcaya;1,541;200;0;196;
CLI2106;M;No;29;No;Funcionario;<10annos;Bajo;1;1995;Millennials;19885;Zaragoza;14,085;30;0;69;
CLI2107;M;No;22;No;Funcionario;<10annos;Bajo;4;2002;Generacion Z;22680;Zamora;1,995;30;0;104;
CLI2108;M;Si;45;Si;Artista;+20annos;Bajo;4;1979;Generacion X;28175;Toledo;1,008;30;0;84;
CLI2109;M;No;22;;Funcionario;<10annos;Bajo;5;2002;Generacion Z;22385;Pontevedra;2,202;30;0;423;3
CLI2110;M;Si;69;Si;Construccion;+20annos;Bajo;3;1955;Generacion X;93666;ilava;1,541;80;1;371;3
CLI2111;M;Si;97;Si;Ejecutivo;+20annos;Bajo;1;1927;Generacion Silenciosa;88475;Toledo;1,639;50;0;525;1
CLI2112;F;No;43;Si;Ingeniero;+20annos;Bajo;3;1981;Millennials;59086;Guadalajara;1,215;30;0;435;3
CLI2113;M;Si;61;No;Ingeniero;+20annos;Alto;4;1963;Generacion X;40832;Valencia;1,6;30;1;355;0,5
CLI2114;M;No;35;Si;Funcionario;10-20annos;Bajo;1;1989;Millennials;31908;Gerona;1,698;30;1;277;
CLI2115;M;No;35;Si;Otros;10-20annos;Bajo;2;1989;Millennials;27447;Lugo;0,847;30;1;118;
CLI2116;F;Si;42;Si;Artista;+20annos;Medio;3;1982;Millennials;88877;Teruel;1,813;30;0;80;
CLI2117;F;Si;68;Si;Ingeniero;+20annos;Bajo;1;1956;Generacion X;103894;Zamora;1,658;50;1;101;
CLI2118;M;No;20;No;Funcionario;<10annos;Bajo;5;2004;Generacion Z;15367;Alicante;1,236;30;1;284;
CLI2119;M;Si;74;No;Ejecutivo;+20annos;Alto;2;1950;Generacion X;37175;Valencia;1,737;30;0;95;
CLI2120;F;Si;46;Si;Artista;+20annos;Bajo;2;1978;Generacion X;39470;Palencia;1,619;50;0;296;
CLI2121;F;No;50;Si;Ingeniero;+20annos;Bajo;1;1974;Generacion X;46146;Santa Cruz de Tenerife;1,091;50;0;398;3
CLI2122;M;Si;51;No;Medico;+20annos;Medio;3;1973;Generacion X;45806;Guipiºzcoa;0,896;30;1;225;
CLI2123;M;No;22;No;Funcionario;<10annos;Bajo;4;2002;Generacion Z;13657;Caceres;2,651;30;0;420;3
CLI2124;F;Si;45;Si;Ingeniero;+20annos;Alto;3;1979;Generacion X;62136;Burgos;1,767;30;1;194;
CLI2125;F;Si;39;No;Ingeniero;10-20annos;Medio;4;1985;Millennials;31913;Valencia;1,859;30;0;35;
CLI2126;F;Si;57;Si;Artista;+20annos;Bajo;2;1967;Generacion X;53463;Zamora;1,756;50;0;79;
CLI2127;F;Si;69;Si;Artista;+20annos;Medio;4;1955;Generacion X;41378;Badajoz;0,661;30;0;368;3
CLI2128;M;Si;56;No;Ejecutivo;+20annos;Bajo;3;1968;Generacion X;126391;Zamora;1,756;200;0;569;4
CLI2129;F;Si;32;Si;Otros;10-20annos;Medio;2;1992;Millennials;31002;Valladolid;1,215;30;0;320;0,5
CLI2130;M;No;30;No;Medico;<10annos;Bajo;4;1994;Millennials;21925;La Rioja;0,801;30;0;475;3
CLI2131;F;No;41;Si;Medico;10-20annos;Bajo;1;1983;Millennials;50186;Huelva;1,606;50;0;333;0,5
CLI2132;F;Si;32;No;Construccion;10-20annos;Medio;2;1992;Millennials;31007;Ceuta;1,514;30;0;450;3
CLI2133;F;No;55;Si;Artista;+20annos;Bajo;2;1969;Generacion X;103098;Ceuta;0,603;50;0;596;4
CLI2134;M;Si;81;Si;Servicios;+20annos;Bajo;1;1943;Generacion Silenciosa;93481;Malaga;0,681;50;0;174;
CLI2135;F;Si;79;Si;Artista;+20annos;Medio;3;1945;Generacion Silenciosa;71855;Zamora;0,818;80;0;292;
CLI2136;F;Si;91;Si;Servicios;+20annos;Alto;2;1933;Generacion Silenciosa;49958;Cordoba;0,603;50;0;165;
CLI2137;M;Si;41;Si;Ingeniero;10-20annos;Medio;3;1983;Millennials;128857;Ceuta;1,376;200;0;428;3
CLI2138;F;No;21;No;Funcionario;<10annos;Bajo;3;2003;Generacion Z;19653;Vizcaya;1,167;30;1;313;0,5
CLI2139;F;No;33;No;Artista;10-20annos;Bajo;1;1991;Millennials;26157;Cordoba;1,514;30;1;138;
CLI2140;F;No;51;Si;Ingeniero;+20annos;Bajo;2;1973;Generacion X;78269;Las Palmas;0,681;50;0;61;
CLI2141;F;Si;72;Si;Medico;+20annos;Bajo;2;1952;Generacion X;64180;Guipiºzcoa;1,15;50;1;192;
CLI2142;F;Si;97;Si;Servicios;+20annos;Medio;2;1927;Generacion Silenciosa;31408;Guipiºzcoa;1,697;30;0;131;
CLI2143;M;Si;47;Si;Otros;+20annos;Medio;2;1977;Generacion X;88497;Navarra;0,642;50;0;575;4
CLI2144;M;Si;55;Si;Ejecutivo;+20annos;Alto;3;1969;Generacion X;59008;Leon;1,17;80;0;290;
CLI2145;M;No;39;Si;Artista;10-20annos;Bajo;2;1985;Millennials;28646;Lugo;1,399;30;0;366;1
CLI2146;M;Si;74;Si;Servicios;+20annos;Bajo;1;1950;Generacion X;76963;La Corui±a;1,541;50;1;157;
CLI2147;M;Si;73;Si;Ejecutivo;+20annos;Bajo;1;1951;Generacion X;122568;Guadalajara;0,818;50;0;213;
CLI2148;F;No;43;Si;Artista;+20annos;Bajo;2;1981;Millennials;61146;Badajoz;1,146;50;1;216;
CLI2149;F;Si;51;Si;Construccion;+20annos;Medio;1;1973;Generacion X;43172;Ciudad Real;1,365;50;1;222;
CLI2150;F;No;35;No;Construccion;10-20annos;Bajo;1;1989;Millennials;21135;Caceres;0,686;30;0;78;
CLI2151;F;No;44;Si;Artista;+20annos;Bajo;1;1980;Generacion X;24350;Madrid;1,974;30;0;592;1
CLI2152;M;Si;97;Si;Servicios;+20annos;Alto;3;1927;Generacion Silenciosa;112587;Palencia;1,346;80;0;267;
CLI2153;M;No;33;Si;Funcionario;10-20annos;Bajo;5;1991;Millennials;25728;Cuenca;1,905;30;0;531;4
CLI2154;M;No;35;Si;Otros;10-20annos;Bajo;1;1989;Millennials;25885;Murcia;1,077;30;0;41;
CLI2155;M;Si;47;No;Negocios/empresa;+20annos;Bajo;2;1977;Generacion X;22449;Badajoz;1,326;30;0;323;0,5
CLI2156;F;Si;61;No;Ingeniero;+20annos;Medio;2;1963;Generacion X;105324;Segovia;1,619;120;1;242;
CLI2157;F;Si;52;Si;Artista;+20annos;Medio;3;1972;Generacion X;81698;Gerona;1,072;80;1;296;
CLI2158;F;Si;80;No;Ingeniero;+20annos;Bajo;1;1944;Generacion Silenciosa;22352;Almeri­a;1,619;30;1;389;3
CLI2159;M;No;43;Si;Artista;+20annos;Bajo;1;1981;Millennials;30669;Huesca;1,951;30;0;139;
CLI2160;M;No;24;No;Funcionario;<10annos;Bajo;4;2000;Generacion Z;23524;Guipiºzcoa;2,513;30;1;143;
CLI2161;M;Si;43;Si;Servicios;+20annos;Medio;5;1981;Millennials;56520;Huesca;0,686;30;0;480;3
CLI2162;F;No;34;No;Funcionario;10-20annos;Bajo;7;1990;Millennials;21493;Segovia;1,698;30;0;362;0,5
CLI2163;M;No;30;Si;Funcionario;<10annos;Bajo;3;1994;Millennials;27534;Caceres;0,893;30;0;355;0,5
CLI2164;M;No;21;No;Funcionario;<10annos;Bajo;4;2003;Generacion Z;20578;Guadalajara;1,616;30;0;313;0,5
CLI2165;M;Si;76;No;Medico;+20annos;Medio;2;1948;Generacion X;65675;Soria;0,622;30;0;455;3
CLI2166;M;Si;41;No;Medico;10-20annos;Medio;2;1983;Millennials;27691;Castellon;0,686;30;0;599;4
CLI2167;M;Si;50;Si;Ejecutivo;+20annos;Alto;2;1974;Generacion X;76895;Huesca;0,837;50;1;335;0,5
CLI2168;F;No;24;No;Medico;<10annos;Bajo;3;2000;Generacion Z;21103;Caceres;1,857;30;0;58;
CLI2169;F;No;29;Si;Medico;<10annos;Bajo;3;1995;Millennials;18480;Leon;1,857;30;0;383;3
CLI2170;M;No;43;Si;Artista;+20annos;Bajo;3;1981;Millennials;90561;Gerona;1,1;30;1;146;
CLI2171;M;Si;67;Si;Otros;+20annos;Bajo;2;1957;Generacion X;113612;Alicante;1,502;50;0;72;
CLI2172;F;Si;81;No;Servicios;+20annos;Alto;2;1943;Generacion Silenciosa;111880;Malaga;1,385;120;0;276;
CLI2173;M;No;32;Si;Artista;10-20annos;Bajo;1;1992;Millennials;23658;Lugo;1,261;30;0;335;0,5
CLI2174;M;No;32;Si;Construccion;10-20annos;Bajo;1;1992;Millennials;21462;Pontevedra;1,146;30;0;37;
CLI2175;M;No;40;No;Ejecutivo;10-20annos;Bajo;3;1984;Millennials;22083;LLeida;0,916;30;0;557;4
CLI2176;F;No;69;Si;Medico;+20annos;Bajo;2;1955;Generacion X;60849;Almeri­a;0,955;50;0;273;
CLI2177;M;Si;76;Si;Artista;+20annos;Medio;5;1948;Generacion X;128435;Sevilla;1,6;200;0;390;3
CLI2178;F;;39;Si;Artista;10-20annos;Bajo;2;1985;Millennials;23165;Gerona;2,02;30;0;477;1
CLI2179;M;Si;89;Si;Servicios;+20annos;Bajo;1;1935;Generacion Silenciosa;48885;Malaga;0,857;50;1;234;
CLI2180;F;Si;78;No;Servicios;+20annos;Alto;2;1946;Generacion X;51350;Valladolid;0,661;30;1;131;
CLI2181;F;No;34;No;Funcionario;10-20annos;Bajo;2;1990;Millennials;19614;Baleares;1,698;30;1;242;
CLI2182;M;Si;45;Si;Otros;+20annos;Medio;4;1979;Generacion X;105813;Soria;1,008;30;1;142;
CLI2183;M;Si;39;No;Construccion;10-20annos;Medio;3;1985;Millennials;27197;Gerona;2,066;30;1;228;
CLI2184;F;No;57;Si;Artista;+20annos;Bajo;1;1967;Generacion X;105310;Cadiz;0,661;50;1;313;0,5
CLI2185;M;No;21;No;Funcionario;<10annos;Bajo;4;2003;Generacion Z;19527;Guipiºzcoa;2,064;30;0;424;3
CLI2186;F;;43;Si;Artista;+20annos;Bajo;1;1981;Millennials;46541;Teruel;1,031;50;0;435;3
CLI2187;M;Si;50;No;Artista;+20annos;Bajo;2;1974;Generacion X;111749;Zamora;1,385;120;0;342;0,5
CLI2188;F;No;21;No;Negocios/empresa;<10annos;Bajo;4;2003;Generacion Z;23005;Castellon;1,926;30;0;271;
CLI2189;M;No;25;No;Funcionario;<10annos;Bajo;5;1999;Generacion Z;22316;Orense;10,635;30;0;518;4
CLI2190;M;Si;85;No;Servicios;+20annos;Bajo;2;1939;Generacion Silenciosa;64944;Granada;1,717;30;0;454;3
CLI2191;F;Si;92;Si;Servicios;+20annos;Bajo;1;1932;Generacion Silenciosa;95820;Badajoz;0,915;50;1;266;
CLI2192;M;Si;52;No;Otros;+20annos;Alto;4;1972;Generacion X;24499;Melilla;0,681;30;0;293;
CLI2193;M;No;32;Si;Otros;10-20annos;Bajo;3;1992;Millennials;25621;Lugo;0,732;30;1;218;
CLI2194;F;No;39;Si;Artista;10-20annos;Bajo;3;1985;Millennials;31504;Caceres;1,721;30;1;383;3
CLI2195;M;Si;44;Si;Artista;+20annos;Bajo;2;1980;Generacion X;69146;Valladolid;1,468;50;0;352;0,5
CLI2196;M;No;39;No;Funcionario;10-20annos;Bajo;1;1985;Millennials;18554;Gerona;2,043;30;0;276;
CLI2197;M;No;22;No;Funcionario;<10annos;Bajo;3;2002;Generacion Z;19915;ivila;2,685;30;0;102;
CLI2198;M;No;47;Si;Otros;+20annos;Bajo;2;1977;Generacion X;51932;Tarragona;1,561;50;0;151;
CLI2199;M;Si;62;No;Ejecutivo;+20annos;Bajo;1;1962;Generacion X;128689;Guipiºzcoa;11,305;120;1;319;0,5
CLI2200;F;Si;58;Si;Artista;+20annos;Bajo;1;1966;Generacion X;79127;Malaga;1,306;50;0;100;
CLI2201;M;Si;24;No;Ejecutivo;<10annos;Alto;3;2000;Generacion Z;13587;Orense;2,375;30;0;88;
CLI2202;M;Si;35;No;Funcionario;10-20annos;Alto;4;1989;Millennials;23588;Gerona;1,399;30;1;221;
CLI2203;M;Si;56;No;Ejecutivo;+20annos;Alto;5;1968;Generacion X;81304;Zamora;0,642;30;0;339;0,5
CLI2204;F;No;45;No;Negocios/empresa;+20annos;Bajo;1;1979;Generacion X;121030;Malaga;1,123;120;0;292;
CLI2205;M;Si;41;No;Medico;10-20annos;Medio;4;1983;Millennials;94451;Alicante;1,008;30;0;329;0,5
CLI2206;M;Si;61;Si;Artista;+20annos;Medio;4;1963;Generacion X;66090;Murcia;0,818;80;0;591;4
CLI2207;M;No;46;Si;Otros;+20annos;Bajo;2;1978;Generacion X;58718;Burgos;1,189;50;1;222;
CLI2208;M;No;22;No;Funcionario;<10annos;Bajo;5;2002;Generacion Z;23716;Zaragoza;0,995;30;1;180;
CLI2209;F;No;46;Si;Artista;+20annos;Bajo;2;1978;Generacion X;61307;Huelva;11,305;50;1;329;0,5
CLI2210;F;Si;42;No;Ingeniero;+20annos;Alto;5;1982;Millennials;31762;La Rioja;1,468;30;0;162;
CLI2211;F;No;57;Si;Ingeniero;+20annos;Bajo;1;1967;Generacion X;105576;Teruel;1,404;50;1;190;
CLI2212;F;Si;53;Si;Negocios/empresa;+20annos;Bajo;1;1971;Generacion X;86735;Vizcaya;1,072;50;1;117;
CLI2213;M;Si;41;Si;Otros;10-20annos;Medio;2;1983;Millennials;47051;Zamora;1,422;50;0;370;3
CLI2214;M;No;30;No;Medico;<10annos;Bajo;3;1994;Millennials;19196;Gerona;1,192;30;0;539;4
CLI2215;M;Si;53;No;Artista;+20annos;Medio;4;1971;Generacion X;44524;Baleares;1,365;30;0;543;4
CLI2216;F;No;28;Si;Negocios/empresa;<10annos;Bajo;2;1996;Millennials;25665;Tarragona;1,616;30;0;551;4
CLI2217;F;No;62;Si;Medico;+20annos;Bajo;1;1962;Generacion X;76118;Huesca;1,502;50;1;138;
CLI2218;F;Si;75;No;Servicios;+20annos;Bajo;1;1949;Generacion X;25149;Guipiºzcoa;1,678;30;1;383;3
CLI2219;M;No;23;No;Funcionario;<10annos;Bajo;4;2001;Generacion Z;22257;Huelva;12,015;30;0;84;
CLI2220;F;;79;No;Servicios;+20annos;Medio;2;1945;Generacion Silenciosa;117824;Ceuta;0,876;120;0;470;3
CLI2221;M;No;47;Si;Artista;+20annos;Bajo;2;1977;Generacion X;30481;Pontevedra;1,424;30;0;275;
CLI2222;M;Si;57;Si;Servicios;+20annos;Alto;2;1967;Generacion X;23905;La Corui±a;0,583;30;0;102;
CLI2223;M;Si;55;No;Ejecutivo;+20annos;Medio;5;1969;Generacion X;99358;Orense;1,561;30;0;585;4
CLI2224;M;No;45;Si;Otros;+20annos;Bajo;1;1979;Generacion X;120710;Zamora;0,985;50;0;469;3
CLI2225;M;Si;44;Si;Otros;+20annos;Medio;2;1980;Generacion X;29016;Murcia;1,169;30;0;398;3
CLI2226;M;No;35;Si;Funcionario;10-20annos;Bajo;2;1989;Millennials;21048;Las Palmas;1,997;30;1;159;
CLI2227;M;Si;63;Si;Construccion;+20annos;Alto;2;1961;Generacion X;102749;Granada;0,994;50;0;219;
CLI2228;F;No;28;Si;Artista;<10annos;Bajo;2;1996;Millennials;24739;ilava;2,616;30;0;465;3
CLI2229;M;Si;81;No;Servicios;+20annos;Alto;2;1943;Generacion Silenciosa;67499;Malaga;1,639;30;0;91;
CLI2230;M;No;42;Si;Otros;+20annos;Bajo;4;1982;Millennials;129746;Malaga;1,146;200;0;430;3
CLI2231;F;Si;51;Si;Artista;+20annos;Medio;2;1973;Generacion X;78011;Castellon;1,052;50;0;98;
CLI2232;F;No;55;Si;Artista;+20annos;Bajo;1;1969;Generacion X;72334;Soria;0,603;50;0;236;
CLI2233;M;Si;55;Si;Artista;+20annos;Medio;2;1969;Generacion X;106106;Cadiz;1,404;50;0;66;
CLI2234;F;Si;76;Si;Servicios;+20annos;Alto;2;1948;Generacion X;35563;Teruel;1,209;50;0;425;3
CLI2235;M;No;32;Si;Artista;10-20annos;Bajo;1;1992;Millennials;23658;Vizcaya;1,813;30;0;440;3
CLI2236;M;Si;92;Si;Servicios;+20annos;Alto;3;1932;Generacion Silenciosa;56043;Alicante;0,681;80;1;258;
CLI2237;M;Si;80;No;Ejecutivo;+20annos;Bajo;1;1944;Generacion Silenciosa;32886;Murcia;0,603;30;0;536;4
CLI2238;M;Si;42;No;Ejecutivo;+20annos;Alto;5;1982;Millennials;86275;Gerona;0,732;30;1;228;
CLI2239;F;Si;90;No;Servicios;+20annos;Bajo;1;1934;Generacion Silenciosa;25665;Granada;1,033;30;0;385;3
CLI2240;M;Si;78;No;Servicios;+20annos;Alto;1;1946;Generacion X;87405;Baleares;1,267;120;0;286;
CLI2241;F;Si;55;No;Ingeniero;+20annos;Bajo;3;1969;Generacion X;101250;Burgos;1,639;30;0;329;0,5
CLI2242;M;Si;62;Si;Artista;+20annos;Alto;2;1962;Generacion X;115345;Ceuta;1,365;50;0;217;
CLI2243;M;No;21;No;Funcionario;<10annos;Bajo;3;2003;Generacion Z;15464;ivila;2,099;30;0;204;
CLI2244;M;Si;32;No;Ejecutivo;10-20annos;Bajo;3;1992;Millennials;30622;Almeri­a;1,859;30;0;596;4
CLI2245;M;No;29;Si;Medico;<10annos;Bajo;3;1995;Millennials;21365;Huesca;2,237;30;0;68;
CLI2246;F;No;34;No;Medico;10-20annos;Bajo;5;1990;Millennials;28881;Sevilla;2,066;30;0;482;3
CLI2247;M;Si;46;Si;Artista;+20annos;Medio;2;1978;Generacion X;61803;Albacete;1,189;50;1;346;0,5
CLI2248;F;No;36;Si;Medico;10-20annos;Bajo;1;1988;Millennials;18716;Murcia;1,56;30;0;480;1
CLI2249;M;Si;39;No;Funcionario;10-20annos;Bajo;5;1985;Millennials;27102;ivila;0,87;30;1;223;
CLI2250;F;Si;51;No;Ingeniero;+20annos;Alto;3;1973;Generacion X;124225;Malaga;1,111;200;0;85;
CLI2251;F;No;74;Si;Artista;+20annos;Bajo;2;1950;Generacion X;23673;Santa Cruz de Tenerife;1,541;30;0;168;
CLI2252;F;No;39;No;Artista;10-20annos;Bajo;2;1985;Millennials;18421;Orense;1,468;30;0;303;0,5
CLI2253;M;No;31;No;Medico;<10annos;Bajo;3;1993;Millennials;29722;Cuenca;2,02;30;0;546;4
CLI2254;F;No;47;No;Medico;+20annos;Bajo;1;1977;Generacion X;21512;Barcelona;11,305;30;0;520;4
CLI2255;F;Si;44;No;Artista;+20annos;Medio;1;1980;Generacion X;42238;Gerona;1,905;30;0;561;4
CLI2256;F;Si;80;Si;Artista;+20annos;Medio;3;1944;Generacion Silenciosa;33106;Navarra;1,385;30;0;315;0,5
CLI2257;F;No;23;No;Funcionario;<10annos;Bajo;4;2001;Generacion Z;22533;Madrid;1,512;30;0;119;
CLI2258;F;No;35;No;Medico;10-20annos;Bajo;3;1989;Millennials;29504;ilava;1,1;30;0;168;
CLI2259;F;No;40;No;Servicios;10-20annos;Bajo;1;1984;Millennials;99501;Madrid;1,123;120;0;469;3
CLI2260;M;No;35;Si;Artista;10-20annos;Bajo;3;1989;Millennials;26157;ivila;1,79;30;0;437;3
CLI2261;M;No;28;No;Construccion;<10annos;Bajo;3;1996;Millennials;21774;Soria;1,616;30;1;191;
CLI2262;F;No;44;Si;Artista;+20annos;Bajo;1;1980;Generacion X;102785;Cuenca;0,663;50;0;435;3
CLI2263;F;No;21;No;Funcionario;<10annos;Bajo;3;2003;Generacion Z;14729;Jaen;1,374;30;1;325;0,5
CLI2264;M;Si;53;Si;Ejecutivo;+20annos;Alto;5;1971;Generacion X;80316;Teruel;1,248;30;0;284;
CLI2265;F;No;40;Si;Artista;10-20annos;Bajo;3;1984;Millennials;108924;Teruel;0,686;30;0;265;
CLI2266;M;No;30;No;Funcionario;<10annos;Bajo;3;1994;Millennials;29362;La Corui±a;0,916;30;0;314;0,5
CLI2267;F;Si;90;No;Otros;+20annos;Alto;2;1934;Generacion Silenciosa;58621;Melilla;1,639;30;1;133;
CLI2268;M;No;25;No;Funcionario;<10annos;Bajo;4;1999;Generacion Z;29021;Castellon;2,961;30;0;69;
CLI2269;M;No;33;Si;Otros;10-20annos;Bajo;3;1991;Millennials;26065;Cadiz;1,215;30;0;563;4
CLI2270;M;No;33;Si;Otros;10-20annos;Bajo;4;1991;Millennials;22541;ilava;0,824;30;0;151;
CLI2271;M;No;33;Si;Funcionario;10-20annos;Bajo;3;1991;Millennials;30153;Madrid;0,916;30;0;537;4
CLI2272;M;No;31;Si;Otros;<10annos;Bajo;5;1993;Millennials;24154;Teruel;1,031;30;0;104;
CLI2273;M;Si;66;Si;Artista;+20annos;Bajo;2;1958;Generacion X;33715;Zamora;1,267;30;1;309;0,5
CLI2274;F;Si;57;Si;Artista;+20annos;Medio;2;1967;Generacion X;125161;Soria;1,424;50;0;586;4
CLI2275;F;No;21;No;Funcionario;<10annos;Bajo;1;2003;Generacion Z;22205;Guipiºzcoa;12,705;30;0;463;3
CLI2276;F;No;21;No;Funcionario;<10annos;Bajo;2;2003;Generacion Z;17575;Malaga;1,374;30;1;265;
CLI2277;M;Si;44;No;Ejecutivo;+20annos;Bajo;5;1980;Generacion X;84666;Navarra;0,847;30;0;480;3
CLI2278;M;No;42;Si;Otros;+20annos;Bajo;1;1982;Millennials;110067;Orense;1,974;50;0;123;
CLI2279;F;Si;78;Si;Otros;+20annos;Medio;2;1946;Generacion X;129948;Caceres;0,779;50;0;302;0,5
CLI2280;F;No;44;Si;Ingeniero;+20annos;Bajo;3;1980;Generacion X;57263;Cordoba;1,445;30;0;385;1
CLI2281;M;Si;75;Si;Artista;+20annos;Alto;2;1949;Generacion X;120328;Valencia;1,052;50;1;123;
CLI2282;M;Si;55;Si;Otros;+20annos;Bajo;4;1969;Generacion X;44242;Toledo;1,091;30;0;364;0,5
CLI2283;M;No;23;No;Funcionario;<10annos;Bajo;4;2001;Generacion Z;23520;Vizcaya;1,685;30;0;141;
CLI2284;M;No;32;Si;Funcionario;10-20annos;Bajo;3;1992;Millennials;20463;Guipiºzcoa;0,755;30;0;329;0,5
CLI2285;F;;32;Si;Otros;10-20annos;Alto;1;1992;Millennials;22137;Orense;1,031;30;0;386;3
CLI2286;F;Si;43;No;Ingeniero;+20annos;Medio;4;1981;Millennials;82380;Almeri­a;1,307;30;0;399;3
CLI2287;M;Si;45;Si;Ejecutivo;+20annos;Bajo;4;1979;Generacion X;46201;Badajoz;1,284;30;0;428;1
CLI2288;M;No;31;No;Medico;<10annos;Bajo;1;1993;Millennials;23565;Segovia;1,767;30;1;218;
CLI2289;F;No;24;No;Funcionario;<10annos;Bajo;3;2000;Generacion Z;14681;Burgos;1,995;30;0;555;4
CLI2290;M;No;39;Si;Artista;10-20annos;Bajo;1;1985;Millennials;31970;Pontevedra;1,399;30;0;539;1
CLI2291;F;Si;54;Si;Artista;+20annos;Bajo;2;1970;Generacion X;46346;Lugo;1,541;50;1;375;3
CLI2292;F;Si;29;Si;Funcionario;<10annos;Bajo;2;1995;Millennials;20023;Granada;2,237;30;0;60;
CLI2293;F;No;36;No;Funcionario;10-20annos;Bajo;1;1988;Millennials;27034;Gerona;1,514;30;0;514;4
CLI2294;F;No;30;No;Ingeniero;<10annos;Bajo;2;1994;Millennials;27017;Palencia;1,422;30;0;54;
CLI2295;F;No;55;No;Otros;+20annos;Bajo;2;1969;Generacion X;40595;Ceuta;0,622;30;1;109;
CLI2296;F;Si;41;Si;Construccion;10-20annos;Bajo;2;1983;Millennials;67144;Zaragoza;1,123;50;1;322;0,5
CLI2297;M;No;47;Si;Negocios/empresa;+20annos;Bajo;2;1977;Generacion X;122750;Navarra;15,215;50;0;237;
CLI2298;M;No;39;Si;Otros;10-20annos;Bajo;1;1985;Millennials;26156;Ciudad Real;1,376;30;1;224;
CLI2299;F;Si;55;Si;Artista;+20annos;Bajo;1;1969;Generacion X;27028;Jaen;11,305;30;1;210;
CLI2300;M;No;34;Si;Artista;10-20annos;Bajo;1;1990;Millennials;29201;Gerona;0,755;30;0;363;0,5
CLI2301;F;Si;32;No;Ingeniero;10-20annos;Alto;2;1992;Millennials;27206;Lugo;1,031;30;0;591;4
CLI2302;F;No;22;No;Funcionario;<10annos;Bajo;2;2002;Generacion Z;22214;ivila;0,995;30;0;308;0,5
CLI2303;M;Si;73;Si;Otros;+20annos;Medio;2;1951;Generacion X;39625;Navarra;1,111;50;0;487;3
CLI2304;M;Si;41;Si;Funcionario;10-20annos;Medio;2;1983;Millennials;43488;Guipiºzcoa;1,928;50;0;600;4
CLI2305;M;Si;57;Si;Artista;+20annos;Medio;2;1967;Generacion X;42824;Leon;0,564;50;0;573;4
CLI2306;M;Si;50;Si;Ejecutivo;+20annos;Alto;5;1974;Generacion X;21622;Navarra;0,974;30;0;486;3
CLI2307;F;No;30;Si;Funcionario;<10annos;Bajo;6;1994;Millennials;18934;Albacete;1,859;30;0;86;
CLI2308;F;Si;51;Si;Artista;+20annos;Alto;4;1973;Generacion X;127842;ivila;1,306;80;0;327;0,5
CLI2309;F;Si;47;No;Medico;+20annos;Bajo;1;1977;Generacion X;116531;Cordoba;1,756;120;0;245;
CLI2310;F;No;35;No;Medico;10-20annos;Bajo;6;1989;Millennials;31307;Soria;0,962;30;0;146;
CLI2311;M;Si;96;Si;Servicios;+20annos;Bajo;4;1928;Generacion Silenciosa;64455;Albacete;0,818;80;1;136;
CLI2312;F;Si;44;Si;Ingeniero;+20annos;Medio;5;1980;Generacion X;51186;Barcelona;1,077;30;1;146;
CLI2313;M;No;65;Si;Artista;+20annos;Bajo;2;1959;Generacion X;99301;ilava;1,619;50;0;459;1
CLI2314;M;Si;69;Si;Artista;+20annos;Medio;3;1955;Generacion X;70845;Caceres;1,756;80;0;118;
CLI2315;M;No;25;No;Servicios;<10annos;Bajo;8;1999;Generacion Z;30042;Granada;2,754;30;0;187;
CLI2316;F;Si;72;No;Servicios;+20annos;Alto;2;1952;Generacion X;49243;Soria;0,974;30;0;122;
CLI2317;M;No;52;Si;Artista;+20annos;Bajo;1;1972;Generacion X;54232;Malaga;1,052;50;1;261;
CLI2318;F;Si;50;Si;Artista;+20annos;Bajo;2;1974;Generacion X;115168;Toledo;1,404;50;1;338;0,5
CLI2319;M;Si;87;No;Servicios;+20annos;Bajo;1;1937;Generacion Silenciosa;114506;ilava;1,424;120;0;294;
CLI2320;M;Si;72;No;Otros;+20annos;Alto;2;1952;Generacion X;68914;Murcia;1,58;30;0;166;
CLI2321;F;No;42;Si;Funcionario;+20annos;Bajo;2;1982;Millennials;67598;Alicante;0,663;50;0;223;
CLI2322;F;Si;31;Si;Funcionario;<10annos;Bajo;2;1993;Millennials;31383;Valladolid;1,077;30;0;389;3
CLI2323;M;No;22;No;Funcionario;<10annos;Bajo;3;2002;Generacion Z;12889;Castellon;2,927;30;0;356;0,5
CLI2324;F;Si;40;Si;Artista;10-20annos;Bajo;2;1984;Millennials;72345;Santa Cruz de Tenerife;1,491;50;1;149;
CLI2325;M;No;24;No;Funcionario;<10annos;Bajo;4;2000;Generacion Z;12877;Valladolid;2,133;30;0;406;3
CLI2326;M;Si;62;No;Funcionario;+20annos;Alto;4;1962;Generacion X;92594;Zaragoza;15,215;30;0;51;
CLI2327;F;No;35;Si;Medico;10-20annos;Bajo;3;1989;Millennials;27305;Valladolid;1,077;30;0;175;
CLI2328;F;No;36;Si;Funcionario;10-20annos;Bajo;1;1988;Millennials;19148;Castellon;0,916;30;0;586;4
CLI2329;F;Si;75;Si;Artista;+20annos;Alto;2;1949;Generacion X;107134;Madrid;1,228;50;0;188;
CLI2330;M;Si;58;Si;Artista;+20annos;Medio;3;1966;Generacion X;95528;Madrid;1,15;80;1;102;
CLI2331;F;Si;42;Si;Artista;+20annos;Medio;3;1982;Millennials;44069;La Corui±a;1,951;30;0;271;
CLI2332;M;No;24;No;Funcionario;<10annos;Bajo;5;2000;Generacion Z;21180;Castellon;2,202;30;0;476;3
CLI2333;F;Si;54;Si;Artista;+20annos;Alto;4;1970;Generacion X;106281;Soria;0,837;80;0;404;3
CLI2334;M;Si;47;Si;Artista;+20annos;Bajo;2;1977;Generacion X;91759;Vizcaya;15,215;50;0;321;0,5
CLI2335;F;No;36;No;Medico;10-20annos;Bajo;1;1988;Millennials;30395;Segovia;1,422;30;1;335;0,5
CLI2336;F;Si;63;Si;Artista;+20annos;Alto;2;1961;Generacion X;51058;Lugo;0,72;50;0;498;3
CLI2337;F;Si;72;Si;Servicios;+20annos;Bajo;6;1952;Generacion X;80945;Melilla;0,896;30;0;58;
CLI2338;F;;55;Si;Artista;+20annos;Alto;1;1969;Generacion X;28522;Santa Cruz de Tenerife;1,502;30;0;500;1
CLI2339;M;Si;40;Si;Otros;10-20annos;Medio;2;1984;Millennials;56728;Lugo;1,238;50;0;503;4
CLI2340;F;Si;47;No;Ingeniero;+20annos;Medio;7;1977;Generacion X;99207;Palencia;0,564;30;0;50;
CLI2341;F;No;20;No;Otros;<10annos;Bajo;5;2004;Generacion Z;17436;ivila;1,616;30;1;211;
CLI2342;F;Si;47;No;Ingeniero;+20annos;Medio;2;1977;Generacion X;106421;Valencia;0,994;120;0;346;0,5
CLI2343;M;Si;83;Si;Servicios;+20annos;Bajo;1;1941;Generacion Silenciosa;52562;Albacete;0,72;50;0;92;
CLI2344;F;Si;30;No;Negocios/empresa;<10annos;Alto;4;1994;Millennials;20736;Palencia;1,629;30;0;472;3
CLI2345;M;Si;43;Si;Funcionario;+20annos;Medio;2;1981;Millennials;33032;Malaga;1,077;30;1;127;
CLI2346;M;Si;67;Si;Artista;+20annos;Bajo;2;1957;Generacion X;63987;La Rioja;1,561;50;1;215;
CLI2347;F;Si;80;Si;Servicios;+20annos;Bajo;5;1944;Generacion Silenciosa;83702;Guipiºzcoa;1,717;30;0;54;
CLI2348;M;No;29;Si;Ingeniero;<10annos;Bajo;5;1995;Millennials;28161;Madrid;2,306;30;0;151;
CLI2349;M;Si;57;Si;Artista;+20annos;Medio;4;1967;Generacion X;44213;Las Palmas;1,561;30;0;259;
CLI2350;M;Si;55;Si;Artista;+20annos;Bajo;1;1969;Generacion X;30312;Madrid;1,346;30;0;343;0,5
CLI2351;F;No;56;Si;Artista;+20annos;Bajo;1;1968;Generacion X;89742;Santa Cruz de Tenerife;0,642;50;0;380;3
CLI2352;M;Si;55;No;Artista;+20annos;Medio;3;1969;Generacion X;42513;Baleares;1,482;30;0;140;
CLI2353;M;Si;58;Si;Ejecutivo;+20annos;Alto;5;1966;Generacion X;107857;ivila;1,541;30;0;327;0,5
CLI2354;M;Si;44;No;Ejecutivo;+20annos;Bajo;4;1980;Generacion X;92809;Leon;1,813;30;0;370;3
CLI2355;F;Si;95;No;Servicios;+20annos;Bajo;1;1929;Generacion Silenciosa;69862;Guadalajara;1,697;30;0;258;
CLI2356;F;No;29;No;Funcionario;<10annos;Bajo;3;1995;Millennials;24452;Orense;2,237;30;0;267;
CLI2357;M;No;35;No;Otros;10-20annos;Bajo;4;1989;Millennials;22417;Salamanca;1,169;30;0;399;3
CLI2358;F;No;24;No;Funcionario;<10annos;Bajo;3;2000;Generacion Z;22809;Jaen;3,03;30;0;493;3
CLI2359;F;Si;40;Si;Artista;10-20annos;Medio;4;1984;Millennials;92391;Valencia;1,261;30;1;374;3
CLI2360;F;;68;Si;Artista;+20annos;Medio;3;1956;Generacion X;87363;Cuenca;1,502;80;1;152;
CLI2361;F;Si;76;No;Medico;+20annos;Bajo;1;1948;Generacion X;112078;Guadalajara;0,955;120;1;172;
CLI2362;F;No;43;Si;Otros;+20annos;Bajo;2;1981;Millennials;84092;Huelva;0,709;50;1;336;0,5
CLI2363;F;Si;89;No;Medico;+20annos;Alto;2;1935;Generacion Silenciosa;122041;Burgos;0,915;120;1;361;0,5
CLI2364;F;No;31;No;Funcionario;<10annos;Bajo;2;1993;Millennials;27344;Zaragoza;0,962;30;0;175;
CLI2365;M;No;31;Si;Funcionario;<10annos;Bajo;5;1993;Millennials;27296;Toledo;0,962;30;0;122;
CLI2366;M;No;57;Si;Otros;+20annos;Bajo;5;1967;Generacion X;64637;Zamora;1,267;30;1;283;
CLI2367;F;Si;44;Si;Artista;+20annos;Medio;5;1980;Generacion X;123189;Ciudad Real;1,997;200;0;96;
CLI2368;M;No;75;Si;Servicios;+20annos;Bajo;1;1949;Generacion X;101103;Cordoba;1,326;50;0;526;1
CLI2369;F;Si;41;No;Artista;10-20annos;Medio;2;1983;Millennials;106792;La Rioja;1,192;120;1;176;
CLI2370;M;No;29;No;Negocios/empresa;<10annos;Bajo;5;1995;Millennials;27532;Melilla;1,65;30;0;555;4
CLI2371;F;No;34;No;Construccion;10-20annos;Bajo;1;1990;Millennials;26538;Melilla;1,238;30;1;172;
CLI2372;F;Si;75;Si;Servicios;+20annos;Bajo;2;1949;Generacion X;109062;Badajoz;1,697;50;0;466;1
CLI2373;M;Si;46;Si;Artista;+20annos;Medio;3;1978;Generacion X;109368;Palencia;1,033;80;0;393;3
CLI2374;F;Si;62;Si;Artista;+20annos;Medio;6;1962;Generacion X;39363;Badajoz;1,561;30;0;256;
CLI2375;M;Si;41;No;Otros;10-20annos;Bajo;2;1983;Millennials;40142;Zaragoza;1,675;30;0;544;4
CLI2376;M;Si;64;Si;Artista;+20annos;Bajo;1;1960;Generacion X;53727;Murcia;1,365;50;0;49;
CLI2377;M;No;36;Si;Artista;10-20annos;Bajo;1;1988;Millennials;18719;Sevilla;1,514;30;0;526;1
CLI2378;F;No;34;No;Construccion;10-20annos;Bajo;1;1990;Millennials;28542;Jaen;0,801;30;1;263;
CLI2379;F;No;30;Si;Funcionario;<10annos;Bajo;3;1994;Millennials;24387;Granada;0,778;30;0;114;
CLI2380;M;No;28;No;Funcionario;<10annos;Bajo;4;1996;Millennials;29260;ilava;2,202;30;0;501;4
CLI2381;M;Si;56;Si;Otros;+20annos;Medio;2;1968;Generacion X;123012;Guipiºzcoa;1,385;50;0;184;
CLI2382;M;Si;41;No;Ingeniero;10-20annos;Medio;3;1983;Millennials;124112;Guipiºzcoa;1,422;200;1;353;0,5
CLI2383;M;Si;76;Si;Ejecutivo;+20annos;Medio;4;1948;Generacion X;53407;Cadiz;1,346;30;0;226;
CLI2384;F;Si;50;No;Medico;+20annos;Bajo;1;1974;Generacion X;86655;Orense;1,639;120;0;291;
CLI2385;M;Si;42;Si;Artista;+20annos;Bajo;2;1982;Millennials;93235;Barcelona;1,399;50;0;44;
CLI2386;M;Si;56;Si;Artista;+20annos;Medio;4;1968;Generacion X;47970;Zamora;1,737;30;0;143;
CLI2387;F;No;21;No;Funcionario;<10annos;Bajo;4;2003;Generacion Z;21057;LLeida;1,65;30;0;150;
CLI2388;F;No;35;Si;Funcionario;10-20annos;Bajo;3;1989;Millennials;23815;Leon;1,951;30;1;126;
CLI2389;M;No;34;Si;Artista;10-20annos;Bajo;5;1990;Millennials;25487;Pontevedra;1,146;30;1;323;0,5
CLI2390;M;No;21;No;Funcionario;<10annos;Bajo;3;2003;Generacion Z;12685;ivila;2,513;30;1;110;
CLI2391;M;Si;45;Si;Otros;+20annos;Medio;3;1979;Generacion X;40422;ilava;1,997;30;1;232;
CLI2392;F;No;43;No;Otros;+20annos;Bajo;6;1981;Millennials;45705;Melilla;1,169;30;0;433;3
CLI2393;M;No;23;No;Funcionario;<10annos;Bajo;4;2001;Generacion Z;18344;Valladolid;2,168;30;0;33;
CLI2394;F;No;33;No;Funcionario;10-20annos;Bajo;1;1991;Millennials;20464;Guadalajara;2,043;30;0;426;3
CLI2395;M;No;25;No;Funcionario;<10annos;Bajo;6;1999;Generacion Z;23195;Huelva;12,705;30;0;222;
CLI2396;M;Si;72;No;Otros;+20annos;Medio;2;1952;Generacion X;31409;Badajoz;0,955;30;0;263;
CLI2397;M;No;34;No;Ejecutivo;10-20annos;Bajo;5;1990;Millennials;26185;Ceuta;1,169;30;1;345;0,5
CLI2398;F;Si;81;Si;Servicios;+20annos;Bajo;1;1943;Generacion Silenciosa;79330;Alicante;1,326;50;0;508;1
CLI2399;F;Si;80;No;Artista;+20annos;Alto;2;1944;Generacion Silenciosa;50157;Huelva;0,681;30;0;503;4
CLI2400;M;Si;46;Si;Medico;+20annos;Bajo;2;1978;Generacion X;25243;Guipiºzcoa;1,6;30;1;236;
CLI2401;M;No;52;Si;Artista;+20annos;Bajo;1;1972;Generacion X;100523;Toledo;1,365;50;1;301;0,5
CLI2402;F;No;21;No;Funcionario;<10annos;Bajo;5;2003;Generacion Z;19194;Pontevedra;2,892;30;0;359;0,5
CLI2403;M;Si;50;No;Ejecutivo;+20annos;Bajo;9;1974;Generacion X;56120;Baleares;1,756;30;0;515;4
CLI2404;F;No;28;No;Negocios/empresa;<10annos;Bajo;7;1996;Millennials;26538;Gerona;3,099;30;0;412;3
CLI2405;F;No;31;Si;Otros;<10annos;Bajo;3;1993;Millennials;26544;Orense;1,56;30;0;63;
CLI2406;F;Si;44;Si;Artista;+20annos;Medio;2;1980;Generacion X;96424;Gerona;1,905;50;1;189;
CLI2407;F;;44;No;Ingeniero;+20annos;Bajo;4;1980;Generacion X;63431;Cordoba;0,755;30;1;345;0,5
CLI2408;F;No;33;Si;Medico;10-20annos;Bajo;1;1991;Millennials;21472;ilava;1,031;30;0;462;3
CLI2409;F;Si;55;Si;Ingeniero;+20annos;Medio;4;1969;Generacion X;52940;Lugo;0,564;30;0;322;0,5
CLI2410;M;No;29;Si;Funcionario;<10annos;Bajo;2;1995;Millennials;28904;Guipiºzcoa;3,065;30;0;49;
CLI2411;M;Si;90;Si;Servicios;+20annos;Bajo;1;1934;Generacion Silenciosa;63084;Gerona;0,74;50;0;306;0,5
CLI2412;M;Si;36;Si;Funcionario;10-20annos;Bajo;2;1988;Millennials;23399;La Corui±a;0,939;30;0;370;3
CLI2413;M;No;55;No;Negocios/empresa;+20annos;Bajo;2;1969;Generacion X;67691;Ciudad Real;1,6;30;0;146;
CLI2414;M;Si;91;No;Servicios;+20annos;Bajo;1;1933;Generacion Silenciosa;116273;Pontevedra;0,681;120;1;214;
CLI2415;F;No;41;Si;Artista;10-20annos;Bajo;1;1983;Millennials;39225;Jaen;1,882;50;0;366;1
CLI2416;M;Si;41;Si;Artista;10-20annos;Medio;2;1983;Millennials;37727;Murcia;0,755;50;0;434;3
CLI2417;M;Si;61;No;Servicios;+20annos;Alto;3;1963;Generacion X;24128;Cordoba;1,091;30;0;519;4
CLI2418;M;Si;67;Si;Artista;+20annos;Bajo;2;1957;Generacion X;39212;Zamora;1,639;50;0;445;1
CLI2419;F;Si;43;Si;Artista;+20annos;Bajo;1;1981;Millennials;24428;Navarra;1,353;30;0;400;1
CLI2420;M;Si;44;Si;Artista;+20annos;Bajo;2;1980;Generacion X;30265;Lugo;1,376;30;0;156;
CLI2421;M;Si;61;Si;Artista;+20annos;Bajo;1;1963;Generacion X;46091;Barcelona;0,798;50;0;131;
CLI2422;M;Si;55;Si;Funcionario;+20annos;Medio;1;1969;Generacion X;85117;Navarra;0,681;50;1;380;3
CLI2423;M;No;29;Si;Medico;<10annos;Bajo;3;1995;Millennials;24781;Ceuta;1,892;30;0;580;4
CLI2424;F;No;58;Si;Artista;+20annos;Bajo;1;1966;Generacion X;36359;ilava;0,896;50;1;272;
CLI2425;F;No;31;Si;Funcionario;<10annos;Bajo;5;1993;Millennials;25143;Melilla;1,468;30;0;456;3
CLI2426;F;No;35;Si;Artista;10-20annos;Bajo;3;1989;Millennials;24361;Madrid;1,031;30;0;543;4
CLI2427;F;No;34;Si;Negocios/empresa;10-20annos;Bajo;1;1990;Millennials;22668;Soria;1,399;30;0;152;
CLI2428;M;No;33;No;Funcionario;10-20annos;Bajo;4;1991;Millennials;18785;Las Palmas;1,675;30;0;167;
CLI2429;F;No;34;Si;Medico;10-20annos;Bajo;4;1990;Millennials;25373;Pontevedra;1,192;30;0;220;
CLI2430;M;Si;52;Si;Artista;+20annos;Bajo;1;1972;Generacion X;108285;Huesca;1,658;50;0;330;0,5
CLI2431;M;Si;54;Si;Artista;+20annos;Medio;2;1970;Generacion X;66133;Badajoz;1,639;50;1;184;
CLI2432;M;Si;41;Si;Ejecutivo;10-20annos;Alto;3;1983;Millennials;91567;Badajoz;0,893;30;0;173;
CLI2433;M;Si;52;Si;Artista;+20annos;Medio;4;1972;Generacion X;127862;Madrid;0,74;80;1;301;0,5
CLI2434;M;Si;57;Si;Ejecutivo;+20annos;Alto;2;1967;Generacion X;72399;Valladolid;1,287;50;0;470;1
CLI2435;F;No;22;No;Otros;<10annos;Bajo;7;2002;Generacion Z;12276;La Rioja;2,409;30;1;115;
CLI2436;M;Si;87;No;Servicios;+20annos;Alto;2;1937;Generacion Silenciosa;59031;Gerona;1,385;30;0;259;
CLI2437;M;Si;52;No;Ejecutivo;+20annos;Alto;6;1972;Generacion X;43801;LLeida;1,189;30;0;317;0,5
CLI2438;F;No;22;;Funcionario;<10annos;Bajo;4;2002;Generacion Z;14710;Navarra;1,029;30;0;75;
CLI2439;M;No;25;No;Funcionario;<10annos;Bajo;4;1999;Generacion Z;28971;Ciudad Real;2,03;30;0;363;0,5
CLI2440;F;No;32;No;Ingeniero;10-20annos;Bajo;4;1992;Millennials;21150;La Corui±a;1,215;30;0;586;4
CLI2441;F;No;36;Si;Ingeniero;10-20annos;Bajo;1;1988;Millennials;23241;La Corui±a;1,583;30;0;288;
CLI2442;M;No;23;No;Funcionario;<10annos;Bajo;4;2001;Generacion Z;22232;ivila;10,635;30;0;505;4
CLI2443;M;No;20;No;Funcionario;<10annos;Bajo;4;2004;Generacion Z;22275;Sevilla;2,271;30;0;490;3
CLI2444;M;Si;77;Si;Servicios;+20annos;Alto;2;1947;Generacion X;51648;Cadiz;0,955;50;1;193;
CLI2445;F;Si;62;Si;Artista;+20annos;Medio;2;1962;Generacion X;53110;Salamanca;0,857;50;0;594;4
CLI2446;M;Si;46;Si;Artista;+20annos;Medio;2;1978;Generacion X;53937;Jaen;0,72;50;0;187;
CLI2447;F;No;31;No;Funcionario;<10annos;Bajo;2;1993;Millennials;25822;Segovia;1,1;30;0;347;0,5
CLI2448;M;Si;45;Si;Ejecutivo;+20annos;Alto;4;1979;Generacion X;45652;Huelva;1,215;30;1;397;3
CLI2449;M;Si;89;Si;Servicios;+20annos;Bajo;1;1935;Generacion Silenciosa;70774;Orense;1,6;50;0;330;0,5
CLI2450;M;No;33;Si;Artista;10-20annos;Bajo;2;1991;Millennials;21422;Zamora;1,997;30;0;366;3
CLI2451;M;Si;58;No;Servicios;+20annos;Bajo;2;1966;Generacion X;67847;Jaen;0,896;30;0;447;3
CLI2452;M;No;29;Si;Ejecutivo;<10annos;Bajo;4;1995;Millennials;29051;Palencia;1,995;30;0;567;4
CLI2453;M;Si;56;Si;Artista;+20annos;Bajo;3;1968;Generacion X;128924;Ceuta;1,502;80;0;266;
CLI2454;M;No;21;No;Artista;<10annos;Bajo;7;2003;Generacion Z;23186;Cadiz;2,616;30;0;37;
CLI2455;M;Si;83;Si;Servicios;+20annos;Alto;2;1941;Generacion Silenciosa;82623;Melilla;0,876;50;1;355;0,5
CLI2456;F;Si;56;Si;Ingeniero;+20annos;Bajo;1;1968;Generacion X;107923;Albacete;0,7;50;0;255;
CLI2457;F;Si;77;Si;Construccion;+20annos;Bajo;2;1947;Generacion X;47692;Toledo;1,072;50;0;195;
CLI2458;F;No;42;Si;Medico;+20annos;Bajo;1;1982;Millennials;33538;Leon;0,663;30;1;299;
CLI2459;F;No;23;No;Funcionario;<10annos;Bajo;4;2001;Generacion Z;20061;Leon;1,236;30;0;600;4
CLI2460;M;Si;88;No;Servicios;+20annos;Bajo;1;1936;Generacion Silenciosa;55867;Guipiºzcoa;1,424;30;1;276;
CLI2461;F;Si;21;No;Artista;<10annos;Alto;2;2003;Generacion Z;22168;Valencia;2,616;30;1;189;
CLI2462;M;No;36;No;Otros;10-20annos;Bajo;1;1988;Millennials;26041;La Rioja;1,813;30;1;226;
CLI2463;M;Si;53;Si;Otros;+20annos;Medio;6;1971;Generacion X;26365;Las Palmas;1,619;30;0;401;3
CLI2464;F;No;36;No;Funcionario;10-20annos;Bajo;3;1988;Millennials;18103;Leon;1,261;30;0;523;4
CLI2465;F;No;36;Si;Ingeniero;10-20annos;Bajo;3;1988;Millennials;26450;Granada;0,893;30;0;538;4
CLI2466;F;No;34;No;Funcionario;10-20annos;Bajo;4;1990;Millennials;18322;Malaga;1,629;30;0;148;
CLI2467;F;Si;53;Si;Artista;+20annos;Medio;2;1971;Generacion X;60718;Tarragona;1,424;50;0;73;
CLI2468;M;Si;54;No;Ingeniero;+20annos;Medio;8;1970;Generacion X;108275;Murcia;1,737;30;0;576;4
CLI2469;F;Si;42;No;Artista;+20annos;Bajo;1;1982;Millennials;114495;La Corui±a;1,813;120;0;215;
CLI2470;F;No;43;Si;Artista;+20annos;Bajo;1;1981;Millennials;92032;La Corui±a;0,709;50;0;593;4
CLI2471;F;Si;51;Si;Otros;+20annos;Medio;2;1973;Generacion X;53521;Albacete;1,17;50;1;346;0,5
CLI2472;M;Si;45;Si;Artista;+20annos;Medio;2;1979;Generacion X;67910;Sevilla;1,882;50;0;392;3
CLI2473;F;Si;34;No;Artista;10-20annos;Alto;3;1990;Millennials;27009;Albacete;0,847;30;1;172;
CLI2474;M;Si;41;Si;Otros;10-20annos;Medio;2;1983;Millennials;42746;Guipiºzcoa;1,813;50;0;114;
CLI2475;F;Si;64;No;Ingeniero;+20annos;Bajo;1;1960;Generacion X;30689;Alicante;1,58;30;0;75;
CLI2476;F;Si;54;Si;Ingeniero;+20annos;Medio;2;1970;Generacion X;111978;Vizcaya;0,583;50;0;455;3
CLI2477;F;Si;52;No;Negocios/empresa;+20annos;Bajo;1;1972;Generacion X;64995;Malaga;1,287;30;0;396;3
CLI2478;M;No;33;Si;Funcionario;10-20annos;Bajo;4;1991;Millennials;30300;Vizcaya;1,445;30;0;241;
CLI2479;M;No;45;;Otros;+20annos;Bajo;1;1979;Generacion X;82321;Baleares;1,077;120;0;199;
CLI2480;F;Si;36;Si;Medico;10-20annos;Bajo;2;1988;Millennials;23231;Almeri­a;1,974;30;0;192;
CLI2481;M;No;36;No;Funcionario;10-20annos;Bajo;4;1988;Millennials;23673;Malaga;1,514;30;0;228;
CLI2482;M;No;30;Si;Funcionario;<10annos;Bajo;1;1994;Millennials;31245;Sevilla;1,1;30;0;51;
CLI2483;M;Si;50;No;Medico;+20annos;Bajo;2;1974;Generacion X;31993;Guadalajara;0,896;30;0;345;0,5
CLI2484;F;Si;50;Si;Construccion;+20annos;Bajo;1;1974;Generacion X;54083;La Rioja;0,661;50;1;221;
CLI2485;F;No;39;No;Negocios/empresa;10-20annos;Bajo;1;1985;Millennials;20053;Barcelona;0,985;30;0;200;
CLI2486;F;No;23;No;Otros;<10annos;Bajo;4;2001;Generacion Z;14956;Ciudad Real;1,305;30;0;576;4
CLI2487;F;No;40;Si;Artista;10-20annos;Bajo;2;1984;Millennials;95665;Santa Cruz de Tenerife;2,066;50;0;36;
CLI2488;F;Si;62;No;Servicios;+20annos;Bajo;1;1962;Generacion X;61006;Cuenca;0,935;30;1;329;0,5
CLI2489;F;No;31;No;Artista;<10annos;Bajo;5;1993;Millennials;25018;Tarragona;1,307;30;0;284;
CLI2490;F;Si;98;No;Servicios;+20annos;Alto;2;1926;Generacion Silenciosa;45655;ivila;1,482;30;1;372;3
CLI2491;M;Si;53;Si;Ejecutivo;+20annos;Alto;4;1971;Generacion X;23456;Malaga;0,583;30;0;360;0,5
CLI2492;M;Si;52;No;Otros;+20annos;Alto;5;1972;Generacion X;62984;Albacete;1,306;30;0;595;4
CLI2493;M;No;25;No;Funcionario;<10annos;Bajo;3;1999;Generacion Z;29489;Cuenca;2,616;30;0;194;
CLI2494;F;No;20;No;Funcionario;<10annos;Bajo;4;2004;Generacion Z;16508;Tarragona;2,547;30;0;82;
CLI2495;M;Si;64;Si;Servicios;+20annos;Alto;2;1960;Generacion X;84498;Zaragoza;1,091;50;0;466;3
CLI2496;M;Si;46;No;Otros;+20annos;Medio;3;1978;Generacion X;95377;Jaen;1,346;30;1;218;
CLI2497;M;No;24;No;Funcionario;<10annos;Bajo;3;2000;Generacion Z;17345;Vizcaya;2,202;30;1;338;0,5
CLI2498;F;Si;55;Si;Artista;+20annos;Bajo;1;1969;Generacion X;119603;Cordoba;1,013;50;0;367;3
CLI2499;F;Si;44;Si;Otros;+20annos;Bajo;2;1980;Generacion X;116586;Burgos;1,905;50;0;516;1
CLI2500;M;Si;80;No;Ejecutivo;+20annos;Alto;2;1944;Generacion Silenciosa;40578;Valencia;1,228;30;0;490;3
CLI2501;F;No;30;No;Artista;<10annos;Bajo;1;1994;Millennials;20278;Murcia;1,721;30;0;461;3
CLI2502;M;Si;44;Si;Artista;+20annos;Medio;3;1980;Generacion X;93551;Melilla;1,905;30;0;451;3
CLI2503;F;Si;89;No;Servicios;+20annos;Bajo;1;1935;Generacion Silenciosa;81538;Toledo;1,033;120;0;465;3
CLI2504;M;;41;Si;Artista;10-20annos;Medio;3;1983;Millennials;50248;Tarragona;1,054;30;0;167;
CLI2505;F;Si;43;No;Medico;+20annos;Bajo;2;1981;Millennials;68264;La Rioja;0,709;30;0;232;
CLI2506;M;Si;91;No;Servicios;+20annos;Alto;3;1933;Generacion Silenciosa;97276;Cadiz;0,798;30;0;567;4
CLI2507;M;Si;61;Si;Artista;+20annos;Bajo;1;1963;Generacion X;70407;Baleares;1,717;50;0;61;
CLI2508;M;Si;56;Si;Medico;+20annos;Bajo;3;1968;Generacion X;55683;Malaga;1,111;80;0;318;0,5
CLI2509;M;Si;46;No;Ingeniero;+20annos;Medio;4;1978;Generacion X;34418;Pontevedra;0,642;30;0;386;3
CLI2510;M;Si;30;Si;Artista;<10annos;Bajo;4;1994;Millennials;18924;Guadalajara;0,985;30;0;534;4
CLI2511;M;Si;58;Si;Ejecutivo;+20annos;Alto;2;1966;Generacion X;25412;Valencia;0,876;30;1;152;
CLI2512;F;Si;44;Si;Ingeniero;+20annos;Medio;7;1980;Generacion X;62101;ilava;0,87;30;0;402;3
CLI2513;M;Si;68;Si;Artista;+20annos;Medio;9;1956;Generacion X;61432;Burgos;1,502;30;0;416;3
CLI2514;M;No;23;No;Funcionario;<10annos;Bajo;5;2001;Generacion Z;18056;Guadalajara;1,374;30;0;591;4
CLI2515;M;Si;44;Si;Otros;+20annos;Medio;2;1980;Generacion X;64039;Melilla;1,836;50;0;136;
CLI2516;M;No;30;No;Funcionario;<10annos;Bajo;3;1994;Millennials;27884;Santa Cruz de Tenerife;1,376;30;0;410;3
CLI2517;F;Si;92;No;Servicios;+20annos;Alto;2;1932;Generacion Silenciosa;103378;Las Palmas;0,896;120;0;276;
CLI2518;M;No;29;No;Medico;<10annos;Bajo;1;1995;Millennials;23482;Guadalajara;1,167;30;0;338;0,5
CLI2519;M;No;29;No;Artista;<10annos;Bajo;4;1995;Millennials;29207;Palencia;3,03;30;0;458;3
CLI2520;M;No;36;Si;Otros;10-20annos;Bajo;1;1988;Millennials;26564;Murcia;1,951;30;0;143;
CLI2521;M;No;30;Si;Artista;<10annos;Bajo;1;1994;Millennials;30972;Gerona;1,79;30;0;65;
CLI2522;F;Si;51;No;Otros;+20annos;Medio;5;1973;Generacion X;66090;ilava;0,603;30;0;291;
CLI2523;F;No;31;No;Medico;<10annos;Bajo;5;1993;Millennials;20087;Valladolid;0,778;30;0;95;
CLI2524;F;No;28;No;Funcionario;<10annos;Bajo;3;1996;Millennials;21833;ivila;2,789;30;0;368;3
CLI2525;F;Si;52;Si;Negocios/empresa;+20annos;Medio;3;1972;Generacion X;57016;Badajoz;0,974;80;0;266;
CLI2526;F;No;35;No;Artista;10-20annos;Bajo;4;1989;Millennials;18705;Barcelona;0,962;30;0;257;
CLI2527;F;No;23;No;Funcionario;<10annos;Bajo;4;2001;Generacion Z;13500;Teruel;2,306;30;1;389;3
CLI2528;M;Si;80;Si;Servicios;+20annos;Alto;4;1944;Generacion Silenciosa;94738;Orense;1,697;80;0;519;1
CLI2529;M;Si;39;Si;Artista;10-20annos;Medio;2;1985;Millennials;22634;Guipiºzcoa;1,376;30;0;69;
CLI2530;M;No;57;Si;Artista;+20annos;Bajo;1;1967;Generacion X;49054;Sevilla;0,955;50;0;285;
CLI2531;M;Si;44;Si;Artista;+20annos;Bajo;2;1980;Generacion X;32963;Albacete;0,985;30;1;391;3
CLI2532;M;No;34;Si;Funcionario;10-20annos;Bajo;1;1990;Millennials;19449;Lugo;0,939;30;1;363;0,5
CLI2533;F;Si;97;Si;Servicios;+20annos;Alto;2;1927;Generacion Silenciosa;123295;Caceres;0,74;50;0;556;4
CLI2534;F;No;43;No;Servicios;+20annos;Bajo;1;1981;Millennials;122199;Segovia;1,307;120;1;322;0,5
CLI2535;F;No;45;Si;Artista;+20annos;Bajo;2;1979;Generacion X;91808;Cadiz;1,215;50;0;342;0,5
CLI2536;F;Si;80;Si;Artista;+20annos;Medio;2;1944;Generacion Silenciosa;101514;ivila;1,346;50;1;311;0,5
CLI2537;M;Si;50;Si;Artista;+20annos;Medio;5;1974;Generacion X;26576;Guadalajara;0,955;30;0;345;0,5
CLI2538;M;Si;45;No;Otros;+20annos;Bajo;4;1979;Generacion X;107513;La Corui±a;1,284;30;0;576;4
CLI2539;M;Si;83;Si;Servicios;+20annos;Alto;2;1941;Generacion Silenciosa;31392;Cadiz;0,955;30;0;459;3
CLI2540;M;No;43;Si;Otros;+20annos;Bajo;2;1981;Millennials;39086;Navarra;0,709;50;0;433;3
CLI2541;F;Si;98;No;Servicios;+20annos;Alto;2;1926;Generacion Silenciosa;97393;Huesca;1,756;120;0;375;3
CLI2542;M;Si;50;Si;Medico;+20annos;Bajo;1;1974;Generacion X;128573;Huesca;0,661;50;1;195;
CLI2543;F;Si;55;Si;Artista;+20annos;Medio;2;1969;Generacion X;63087;Toledo;1,756;50;1;236;
CLI2544;M;Si;47;No;Funcionario;+20annos;Alto;2;1977;Generacion X;21880;Murcia;1,072;30;0;547;4
CLI2545;M;Si;55;Si;Ejecutivo;+20annos;Medio;4;1969;Generacion X;22923;Sevilla;1,385;30;1;280;
CLI2546;F;No;58;No;Otros;+20annos;Bajo;1;1966;Generacion X;53664;Murcia;1,267;30;0;458;3
CLI2547;F;;41;No;Ingeniero;10-20annos;Medio;3;1983;Millennials;117100;Granada;1,077;30;1;170;
CLI2548;M;No;44;;Artista;+20annos;Bajo;2;1980;Generacion X;113823;Segovia;1,008;120;0;523;4
CLI2549;M;Si;84;Si;Servicios;+20annos;Bajo;1;1940;Generacion Silenciosa;40317;Teruel;1,737;50;0;211;
CLI2550;F;Si;30;Si;Construccion;<10annos;Medio;2;1994;Millennials;30598;LLeida;1,054;30;1;168;
CLI2551;M;Si;45;Si;Artista;+20annos;Bajo;2;1979;Generacion X;118011;Toledo;1,537;50;1;302;0,5
CLI2552;M;Si;55;Si;Otros;+20annos;Bajo;2;1969;Generacion X;45889;Albacete;1,658;50;0;61;
CLI2553;M;Si;62;Si;Ejecutivo;+20annos;Alto;5;1962;Generacion X;40044;La Rioja;1,15;30;1;179;
CLI2554;M;Si;31;No;Otros;<10annos;Medio;2;1993;Millennials;18828;Baleares;0,893;30;1;162;
CLI2555;F;No;51;Si;Negocios/empresa;+20annos;Bajo;1;1973;Generacion X;111765;Navarra;1,326;50;1;179;
CLI2556;F;Si;79;Si;Medico;+20annos;Medio;2;1945;Generacion Silenciosa;58330;Albacete;1,326;50;0;43;
CLI2557;F;Si;45;No;Medico;+20annos;Bajo;1;1979;Generacion X;94884;Barcelona;1,445;120;0;183;
CLI2558;M;No;31;No;Artista;<10annos;Bajo;2;1993;Millennials;19456;Tarragona;1,261;30;1;258;
CLI2559;F;Si;30;Si;Artista;<10annos;Medio;2;1994;Millennials;24055;Teruel;2,043;30;0;466;3
CLI2560;F;No;35;No;Funcionario;10-20annos;Bajo;4;1989;Millennials;31204;Zamora;0,87;30;0;275;
CLI2561;F;No;22;No;Medico;<10annos;Bajo;4;2002;Generacion Z;23612;Castellon;1,788;30;1;226;
CLI2562;M;Si;50;Si;Ejecutivo;+20annos;Bajo;5;1974;Generacion X;45199;Madrid;0,622;30;0;584;4
CLI2563;M;No;65;Si;Artista;+20annos;Bajo;2;1959;Generacion X;100813;Barcelona;0,994;50;0;35;
CLI2564;F;No;51;Si;Negocios/empresa;+20annos;Bajo;1;1973;Generacion X;125979;Caceres;1,326;50;0;186;
CLI2565;M;Si;51;Si;Artista;+20annos;Medio;3;1973;Generacion X;22432;Palencia;0,935;30;0;107;
CLI2566;M;No;45;Si;Artista;+20annos;Bajo;2;1979;Generacion X;127370;Jaen;1,008;50;0;45;
CLI2567;M;Si;77;Si;Servicios;+20annos;Alto;2;1947;Generacion X;112893;Pontevedra;1,561;50;0;273;
CLI2568;F;;28;Si;Construccion;<10annos;Bajo;1;1996;Millennials;19099;Burgos;1,098;30;1;146;
CLI2569;M;Si;46;Si;Artista;+20annos;Medio;3;1978;Generacion X;95938;Jaen;0,603;80;0;282;
CLI2570;F;Si;66;No;Ingeniero;+20annos;Alto;9;1958;Generacion X;112542;Cuenca;1,639;30;1;323;0,5
CLI2571;M;No;41;Si;Ingeniero;10-20annos;Bajo;1;1983;Millennials;51406;Caceres;1,882;50;1;183;
CLI2572;M;No;20;No;Funcionario;<10annos;Bajo;7;2004;Generacion Z;14211;Melilla;11,325;30;0;231;
CLI2573;M;Si;57;Si;Artista;+20annos;Medio;3;1967;Generacion X;57864;Cadiz;1,678;80;0;203;
CLI2574;F;No;35;No;Artista;10-20annos;Bajo;4;1989;Millennials;18631;Segovia;0,755;30;0;292;
CLI2575;M;Si;81;No;Servicios;+20annos;Bajo;1;1943;Generacion Silenciosa;98352;Vizcaya;1,482;120;0;470;3
CLI2576;M;Si;32;Si;Funcionario;10-20annos;Medio;2;1992;Millennials;28475;Badajoz;1,491;30;1;319;0,5
CLI2577;M;Si;41;Si;Otros;10-20annos;Medio;3;1983;Millennials;89926;Cuenca;0,801;30;1;335;0,5
CLI2578;M;Si;50;No;Otros;+20annos;Medio;3;1974;Generacion X;111676;Murcia;0,74;30;0;595;4
CLI2579;M;No;24;No;Funcionario;<10annos;Bajo;4;2000;Generacion Z;15327;Alicante;1,305;30;0;361;0,5
CLI2580;F;Si;66;Si;Ingeniero;+20annos;Bajo;1;1958;Generacion X;96595;Alicante;0,955;50;0;326;0,5
CLI2581;F;Si;56;Si;Artista;+20annos;Medio;2;1968;Generacion X;75310;Las Palmas;0,74;50;0;478;3
CLI2582;M;Si;65;Si;Artista;+20annos;Medio;2;1959;Generacion X;56109;Las Palmas;1,678;50;1;215;
CLI2583;M;Si;61;Si;Artista;+20annos;Medio;2;1963;Generacion X;80727;Zaragoza;1,6;50;0;241;
CLI2584;M;No;24;No;Funcionario;<10annos;Bajo;3;2000;Generacion Z;17197;Granada;0,995;30;0;422;3
CLI2585;M;No;20;No;Artista;<10annos;Bajo;4;2004;Generacion Z;17710;Jaen;2,685;30;0;111;
CLI2586;F;Si;92;No;Servicios;+20annos;Alto;2;1932;Generacion Silenciosa;31581;Huesca;1,541;30;1;237;
CLI2587;M;No;39;Si;Artista;10-20annos;Bajo;1;1985;Millennials;19887;Vizcaya;1,721;30;0;307;0,5
CLI2588;M;Si;55;Si;Otros;+20annos;Medio;3;1969;Generacion X;104056;Tarragona;1,072;80;1;340;0,5
CLI2589;M;Si;80;Si;Artista;+20annos;Alto;3;1944;Generacion Silenciosa;106002;Caceres;0,74;80;1;363;0,5
CLI2590;F;No;25;No;Ingeniero;<10annos;Bajo;4;1999;Generacion Z;25164;Pontevedra;11,325;30;0;237;
CLI2591;M;No;33;Si;Otros;10-20annos;Bajo;5;1991;Millennials;23754;Murcia;0,801;30;0;70;
CLI2592;F;No;23;Si;Funcionario;<10annos;Bajo;5;2001;Generacion Z;23140;Almeri­a;1,961;30;0;402;3
CLI2593;M;No;20;No;Funcionario;<10annos;Bajo;4;2004;Generacion Z;13424;Orense;2,237;30;0;60;
CLI2594;M;Si;51;Si;Artista;+20annos;Medio;3;1973;Generacion X;60900;Leon;1,111;80;0;186;
CLI2595;M;No;35;Si;Otros;10-20annos;Bajo;2;1989;Millennials;27374;Valencia;1,514;30;0;354;0,5
CLI2596;F;No;40;Si;Funcionario;10-20annos;Bajo;3;1984;Millennials;70570;Guadalajara;2,02;30;0;491;1
CLI2597;M;Si;41;No;Medico;10-20annos;Bajo;2;1983;Millennials;72616;Castellon;1,514;30;0;211;
CLI2598;M;No;46;Si;Otros;+20annos;Bajo;1;1978;Generacion X;25813;Guipiºzcoa;1,463;30;0;469;1
CLI2599;M;Si;39;Si;Medico;10-20annos;Bajo;1;1985;Millennials;26256;Huesca;1,307;30;0;478;1
CLI2600;F;Si;46;Si;Funcionario;+20annos;Medio;2;1978;Generacion X;120369;ivila;1,756;50;0;418;3
CLI2601;F;No;36;No;Construccion;10-20annos;Bajo;1;1988;Millennials;27322;Guadalajara;1,698;30;0;513;4
CLI2602;F;Si;39;No;Ingeniero;10-20annos;Alto;2;1985;Millennials;26828;Castellon;0,755;30;0;541;4
CLI2603;F;Si;65;Si;Artista;+20annos;Medio;5;1959;Generacion X;37977;Cuenca;1,228;30;0;210;
CLI2604;M;Si;77;Si;Artista;+20annos;Bajo;1;1947;Generacion X;69204;Zamora;0,7;50;0;425;3
CLI2605;M;Si;58;No;Otros;+20annos;Bajo;1;1966;Generacion X;82546;Lugo;1,541;120;0;119;
CLI2606;F;Si;88;No;Servicios;+20annos;Alto;2;1936;Generacion Silenciosa;23423;Badajoz;1,717;30;0;227;
CLI2607;M;Si;62;No;Ejecutivo;+20annos;Alto;3;1962;Generacion X;50191;ivila;1,678;30;0;459;3
CLI2608;M;Si;43;Si;Artista;+20annos;Medio;2;1981;Millennials;38942;Toledo;1,56;50;0;301;0,5
CLI2609;F;Si;80;Si;Artista;+20annos;Medio;3;1944;Generacion Silenciosa;98964;Barcelona;1,287;80;0;109;
CLI2610;F;Si;64;Si;Artista;+20annos;Medio;5;1960;Generacion X;79106;Burgos;1,248;30;1;242;
CLI2611;F;No;33;No;Construccion;10-20annos;Bajo;9;1991;Millennials;31425;Cordoba;1,997;30;0;129;
CLI2612;F;No;25;No;Funcionario;<10annos;Bajo;3;1999;Generacion Z;19429;Barcelona;1,961;30;0;361;0,5
CLI2613;M;Si;65;Si;Artista;+20annos;Medio;4;1959;Generacion X;87235;Valladolid;0,74;80;0;174;
CLI2614;F;Si;62;Si;Medico;+20annos;Bajo;2;1962;Generacion X;116999;Pontevedra;1,482;50;0;134;
CLI2615;F;Si;44;Si;Artista;+20annos;Bajo;1;1980;Generacion X;41894;Leon;1,721;50;1;142;
CLI2616;F;Si;75;Si;Artista;+20annos;Bajo;2;1949;Generacion X;46073;Zamora;0,622;50;0;150;
CLI2617;M;No;32;Si;Artista;10-20annos;Bajo;6;1992;Millennials;31593;Santa Cruz de Tenerife;2,066;30;1;363;0,5
CLI2618;F;Si;61;Si;Artista;+20annos;Medio;3;1963;Generacion X;123667;Ceuta;0,622;80;0;243;
CLI2619;M;No;23;No;Funcionario;<10annos;Bajo;4;2001;Generacion Z;12131;Almeri­a;2,133;30;0;281;
CLI2620;F;No;21;No;Ingeniero;<10annos;Bajo;4;2003;Generacion Z;15595;Gerona;2,513;30;0;271;
CLI2621;F;Si;45;No;Funcionario;+20annos;Medio;4;1979;Generacion X;72209;Gerona;1,192;30;0;224;
CLI2622;M;No;45;Si;Artista;+20annos;Bajo;1;1979;Generacion X;50498;Toledo;0,663;50;0;130;
CLI2623;M;No;36;No;Medico;10-20annos;Bajo;2;1988;Millennials;21173;Soria;1,008;30;0;45;
CLI2624;M;Si;34;No;Artista;10-20annos;Medio;2;1990;Millennials;28007;Toledo;1,031;30;1;164;
CLI2625;M;No;45;Si;Artista;+20annos;Bajo;1;1979;Generacion X;117249;Valladolid;1,031;50;0;79;
CLI2626;M;Si;39;Si;Ejecutivo;10-20annos;Alto;4;1985;Millennials;27927;Jaen;0,686;30;0;368;3
CLI2627;M;Si;45;Si;Otros;+20annos;Medio;2;1979;Generacion X;117047;Castellon;1,054;50;1;216;
CLI2628;M;Si;89;Si;Servicios;+20annos;Alto;2;1935;Generacion Silenciosa;104985;Alicante;1,326;50;1;167;
CLI2629;M;No;29;No;Funcionario;<10annos;Bajo;3;1995;Millennials;20428;Vizcaya;0,995;30;0;411;3
CLI2630;M;Si;46;No;Ejecutivo;+20annos;Alto;5;1978;Generacion X;78677;Palencia;0,974;30;0;595;4
CLI2631;F;Si;58;Si;Artista;+20annos;Medio;2;1966;Generacion X;89062;Baleares;0,974;50;1;280;
CLI2632;F;Si;36;Si;Otros;10-20annos;Medio;3;1988;Millennials;23745;Guadalajara;1,905;30;0;264;
CLI2633;M;Si;43;Si;Artista;+20annos;Bajo;2;1981;Millennials;51827;LLeida;1,698;50;0;38;
CLI2634;M;Si;91;Si;Ejecutivo;+20annos;Alto;2;1933;Generacion Silenciosa;107759;Granada;0,681;50;0;354;0,5
CLI2635;F;No;28;No;Artista;<10annos;Bajo;3;1996;Millennials;31580;Almeri­a;2,996;30;1;312;0,5
CLI2636;M;No;44;Si;Otros;+20annos;Bajo;2;1980;Generacion X;32889;Segovia;1,33;30;0;567;1
CLI2637;F;No;24;No;Funcionario;<10annos;Bajo;4;2000;Generacion Z;23274;Zamora;0,995;30;0;566;4
CLI2638;F;Si;41;Si;Artista;10-20annos;Medio;2;1983;Millennials;61340;Castellon;1,399;50;0;395;3
CLI2639;F;Si;72;Si;Artista;+20annos;Bajo;2;1952;Generacion X;87786;Huelva;1,306;50;0;506;1
CLI2640;M;Si;54;Si;Artista;+20annos;Medio;2;1970;Generacion X;129522;Huelva;0,72;50;1;209;
CLI2641;F;Si;42;Si;Ingeniero;+20annos;Bajo;2;1982;Millennials;62671;Guipiºzcoa;1,215;50;1;307;0,5
CLI2642;F;Si;72;Si;Artista;+20annos;Medio;2;1952;Generacion X;108546;ivila;1,561;50;0;135;
CLI2643;F;Si;53;No;Ingeniero;+20annos;Medio;5;1971;Generacion X;107116;Almeri­a;1,678;30;0;420;3
CLI2644;M;Si;57;Si;Otros;+20annos;Bajo;4;1967;Generacion X;65351;Almeri­a;0,935;80;1;244;
CLI2645;M;Si;80;Si;Servicios;+20annos;Bajo;1;1944;Generacion Silenciosa;129414;Valencia;1,248;50;0;492;1
CLI2646;F;No;53;Si;Ingeniero;+20annos;Bajo;1;1971;Generacion X;81949;Santa Cruz de Tenerife;0,583;50;1;239;
CLI2647;M;No;28;Si;Medico;<10annos;Bajo;2;1996;Millennials;22313;Pontevedra;2,513;30;1;230;
CLI2648;M;No;34;Si;Funcionario;10-20annos;Bajo;3;1990;Millennials;29117;Cadiz;1,813;30;0;277;
CLI2649;M;No;28;No;Otros;<10annos;Bajo;9;1996;Millennials;18028;Cadiz;3,099;30;0;487;3
CLI2650;M;No;23;No;Medico;<10annos;Bajo;1;2001;Generacion Z;19202;Huesca;3,065;30;0;582;4
CLI2651;M;No;22;No;Funcionario;<10annos;Bajo;4;2002;Generacion Z;18722;Murcia;14,085;30;0;126;
CLI2652;M;No;28;No;Ejecutivo;<10annos;Bajo;3;1996;Millennials;18324;Huelva;1,512;30;0;595;4
CLI2653;M;Si;28;Si;Artista;<10annos;Bajo;2;1996;Millennials;26675;Cordoba;2,616;30;0;95;
CLI2654;M;No;32;No;Otros;10-20annos;Bajo;3;1992;Millennials;31934;Madrid;1,1;30;0;213;
CLI2655;F;Si;79;No;Otros;+20annos;Medio;3;1945;Generacion Silenciosa;96233;Cuenca;1,091;30;0;208;
CLI2656;M;Si;53;Si;Artista;+20annos;Alto;2;1971;Generacion X;79268;Melilla;0,72;50;0;408;3
CLI2657;M;No;31;No;Medico;<10annos;Bajo;5;1993;Millennials;20470;Badajoz;1,077;30;0;579;4
CLI2658;F;Si;46;Si;Artista;+20annos;Alto;3;1978;Generacion X;58017;Ceuta;0,779;80;1;153;
CLI2659;F;Si;35;Si;Artista;10-20annos;Bajo;3;1989;Millennials;18241;Almeri­a;1,146;30;0;193;
CLI2660;M;Si;54;Si;Artista;+20annos;Bajo;1;1970;Generacion X;40387;Ceuta;1,287;50;1;379;3
CLI2661;F;Si;61;Si;Artista;+20annos;Medio;2;1963;Generacion X;105539;Almeri­a;0,974;50;1;107;
CLI2662;F;Si;44;Si;Artista;+20annos;Medio;3;1980;Generacion X;58726;Zamora;1,468;30;0;397;3
CLI2663;F;No;41;Si;Medico;10-20annos;Bajo;3;1983;Millennials;47268;Cuenca;0,985;30;0;371;3
CLI2664;M;No;30;No;Funcionario;<10annos;Bajo;4;1994;Millennials;25527;La Rioja;1,79;30;0;106;
CLI2665;F;Si;35;Si;Construccion;10-20annos;Alto;2;1989;Millennials;24241;ivila;1,008;30;0;531;4
CLI2666;M;Si;40;No;Ejecutivo;10-20annos;Alto;4;1984;Millennials;72526;Navarra;1,008;30;0;277;
CLI2667;F;No;31;Si;Construccion;<10annos;Bajo;1;1993;Millennials;27273;Guadalajara;1,629;30;1;276;
CLI2668;M;Si;79;No;Otros;+20annos;Medio;1;1945;Generacion Silenciosa;62339;Vizcaya;1,228;30;0;167;
CLI2669;M;No;20;No;Otros;<10annos;Bajo;4;2004;Generacion Z;23994;Pontevedra;2,961;30;0;33;
CLI2670;F;No;40;Si;Artista;10-20annos;Bajo;1;1984;Millennials;35939;Tarragona;1,284;50;0;581;1
CLI2671;F;Si;32;No;Construccion;10-20annos;Alto;3;1992;Millennials;23004;Teruel;0,824;30;0;167;
CLI2672;F;Si;97;Si;Servicios;+20annos;Alto;2;1927;Generacion Silenciosa;60286;Vizcaya;1,111;50;1;345;0,5
CLI2673;F;No;42;Si;Ingeniero;+20annos;Bajo;1;1982;Millennials;66411;Melilla;1,56;50;0;546;1
CLI2674;M;Si;96;Si;Servicios;+20annos;Bajo;1;1928;Generacion Silenciosa;99698;Guipiºzcoa;1,209;50;0;241;
CLI2675;M;Si;56;Si;Artista;+20annos;Bajo;3;1968;Generacion X;33534;Granada;0,681;30;0;179;
CLI2676;M;Si;56;Si;Otros;+20annos;Medio;4;1968;Generacion X;113828;Las Palmas;0,935;80;1;316;0,5
CLI2677;M;No;34;No;Artista;10-20annos;Bajo;2;1990;Millennials;21348;Burgos;2,043;30;0;225;
CLI2678;F;Si;52;Si;Artista;+20annos;Medio;3;1972;Generacion X;34457;La Rioja;0,642;30;0;270;
CLI2679;F;Si;77;No;Artista;+20annos;Alto;2;1947;Generacion X;40347;Teruel;15,215;30;1;331;0,5
CLI2680;M;No;34;No;Funcionario;10-20annos;Bajo;4;1990;Millennials;19684;Albacete;1,077;30;1;187;
CLI2681;M;No;32;Si;Funcionario;10-20annos;Bajo;6;1992;Millennials;27074;Cuenca;0,824;30;0;76;
CLI2682;F;No;22;No;Funcionario;<10annos;Bajo;1;2002;Generacion Z;23545;Castellon;2,789;30;0;182;
CLI2683;F;No;45;Si;Artista;+20annos;Bajo;1;1979;Generacion X;56305;Melilla;0,732;50;0;332;0,5
CLI2684;M;Si;75;No;Otros;+20annos;Medio;2;1949;Generacion X;97487;Teruel;1,482;120;0;565;4
CLI2685;M;Si;31;Si;Artista;<10annos;Bajo;2;1993;Millennials;28676;Alicante;1,376;30;0;419;3
CLI2686;M;No;35;Si;Medico;10-20annos;Bajo;4;1989;Millennials;22068;Burgos;0,939;30;0;48;
CLI2687;M;Si;83;Si;Servicios;+20annos;Bajo;1;1941;Generacion Silenciosa;43930;La Corui±a;1,541;50;0;107;
CLI2688;F;No;43;Si;Funcionario;+20annos;Bajo;1;1981;Millennials;61348;Gerona;1,422;50;0;210;
CLI2689;M;No;20;No;Funcionario;<10annos;Bajo;3;2004;Generacion Z;19680;Barcelona;2,34;30;0;406;3
CLI2690;F;Si;46;Si;Artista;+20annos;Medio;2;1978;Generacion X;97260;Santa Cruz de Tenerife;1,482;50;1;361;0,5
CLI2691;M;Si;53;Si;Ejecutivo;+20annos;Medio;4;1971;Generacion X;23398;Castellon;1,365;30;1;214;
CLI2692;F;Si;77;Si;Artista;+20annos;Alto;2;1947;Generacion X;38962;Caceres;1,737;50;0;462;1
CLI2693;M;Si;50;Si;Artista;+20annos;Medio;2;1974;Generacion X;126515;Jaen;1,052;50;0;317;0,5
CLI2694;F;No;32;Si;Funcionario;10-20annos;Bajo;4;1992;Millennials;18295;Castellon;2,066;30;0;481;3
CLI2695;M;Si;55;Si;Otros;+20annos;Medio;3;1969;Generacion X;56502;Murcia;1,678;80;0;290;
CLI2696;F;No;24;No;Funcionario;<10annos;Bajo;6;2000;Generacion Z;16481;Toledo;1,926;30;0;342;0,5
CLI2697;M;Si;51;Si;Artista;+20annos;Bajo;2;1973;Generacion X;45467;Vizcaya;1,639;50;0;216;
CLI2698;M;Si;43;No;Artista;+20annos;Bajo;2;1981;Millennials;24490;Soria;1,79;30;0;560;4
CLI2699;F;Si;89;Si;Servicios;+20annos;Alto;2;1935;Generacion Silenciosa;96536;Salamanca;1,111;50;0;531;4
CLI2700;F;Si;54;Si;Artista;+20annos;Medio;3;1970;Generacion X;83324;Alicante;1,306;80;0;559;4
CLI2701;M;No;47;Si;Medico;+20annos;Bajo;1;1977;Generacion X;113853;Albacete;1,482;50;0;548;1
CLI2702;M;Si;73;Si;Artista;+20annos;Alto;2;1951;Generacion X;98421;ivila;0,896;50;0;569;4
CLI2703;F;No;58;Si;Artista;+20annos;Bajo;2;1966;Generacion X;122564;Valladolid;0,876;50;1;152;
CLI2704;F;No;32;Si;Artista;10-20annos;Bajo;1;1992;Millennials;27005;Huelva;1,997;30;0;266;
CLI2705;F;Si;95;Si;Servicios;+20annos;Alto;2;1929;Generacion Silenciosa;65788;Caceres;1,385;50;0;227;
CLI2706;M;Si;77;Si;Artista;+20annos;Medio;3;1947;Generacion X;102150;Guipiºzcoa;1,287;80;1;157;
CLI2707;F;Si;40;Si;Artista;10-20annos;Medio;2;1984;Millennials;87553;Ciudad Real;0,847;50;0;333;0,5
CLI2708;M;No;39;Si;Artista;10-20annos;Bajo;2;1985;Millennials;29873;Caceres;1,652;30;0;208;
CLI2709;F;Si;46;Si;Artista;+20annos;Alto;2;1978;Generacion X;66650;Huesca;1,6;50;1;238;
CLI2710;F;Si;54;Si;Medico;+20annos;Alto;3;1970;Generacion X;21810;Sevilla;0,564;30;1;224;
CLI2711;F;No;22;No;Artista;<10annos;Bajo;3;2002;Generacion Z;19566;Cuenca;2,685;30;0;357;0,5
CLI2712;F;Si;30;No;Ingeniero;<10annos;Medio;9;1994;Millennials;30255;Valladolid;1,33;30;0;220;
CLI2713;M;Si;62;Si;Artista;+20annos;Bajo;1;1962;Generacion X;78587;Almeri­a;0,896;50;0;386;3
CLI2714;M;Si;74;No;Artista;+20annos;Bajo;1;1950;Generacion X;83459;Madrid;1,111;120;0;151;
CLI2715;F;Si;56;Si;Artista;+20annos;Bajo;1;1968;Generacion X;34802;Cordoba;0,857;30;0;367;3
CLI2716;M;Si;54;Si;Artista;+20annos;Medio;3;1970;Generacion X;103510;Murcia;1,756;80;1;191;
CLI2717;M;Si;56;No;Artista;+20annos;Bajo;3;1968;Generacion X;123881;Soria;1,756;200;1;285;
CLI2718;F;No;29;Si;Artista;<10annos;Bajo;9;1995;Millennials;23601;Albacete;2,927;30;0;557;4
CLI2719;M;No;65;Si;Otros;+20annos;Bajo;3;1959;Generacion X;118386;Valladolid;1,424;80;0;537;1
CLI2720;F;Si;34;Si;Otros;10-20annos;Bajo;1;1990;Millennials;26526;Guipiºzcoa;1,008;30;0;415;3
CLI2721;M;Si;47;No;Ejecutivo;+20annos;Alto;3;1977;Generacion X;42204;Madrid;0,935;30;0;466;3
CLI2722;M;Si;65;No;Ejecutivo;+20annos;Medio;5;1959;Generacion X;127094;Lugo;0,974;200;1;352;0,5
CLI2723;F;No;39;Si;Ingeniero;10-20annos;Bajo;1;1985;Millennials;23032;Tarragona;1,813;30;1;330;0,5
CLI2724;M;No;20;No;Funcionario;<10annos;Bajo;1;2004;Generacion Z;13706;Baleares;2,72;30;0;125;
CLI2725;F;No;53;Si;Otros;+20annos;Bajo;2;1971;Generacion X;28560;ilava;1,287;30;0;246;
CLI2726;F;Si;97;Si;Servicios;+20annos;Alto;2;1927;Generacion Silenciosa;79193;Palencia;1,619;50;1;239;
CLI2727;F;No;33;Si;Funcionario;10-20annos;Bajo;6;1991;Millennials;29078;Gerona;1,629;30;1;378;3
CLI2728;F;No;24;No;Funcionario;<10annos;Bajo;3;2000;Generacion Z;21143;Madrid;3,065;30;0;59;
CLI2729;M;Si;73;Si;Artista;+20annos;Alto;2;1951;Generacion X;75910;ivila;0,583;50;1;280;
CLI2730;F;Si;89;No;Ingeniero;+20annos;Alto;2;1935;Generacion Silenciosa;127887;Murcia;1,346;120;0;138;
CLI2731;F;Si;40;No;Medico;10-20annos;Medio;2;1984;Millennials;34380;Baleares;1,951;30;0;340;0,5
CLI2732;M;Si;33;No;Medico;10-20annos;Medio;2;1991;Millennials;24940;Granada;1,031;30;1;275;
CLI2733;F;No;55;Si;Ingeniero;+20annos;Bajo;1;1969;Generacion X;90949;Vizcaya;1,756;50;1;118;
CLI2734;M;Si;56;Si;Artista;+20annos;Bajo;2;1968;Generacion X;49859;ivila;1,697;50;0;281;
CLI2735;M;Si;73;Si;Servicios;+20annos;Alto;3;1951;Generacion X;22906;Lugo;1,619;30;0;33;
CLI2736;F;Si;43;Si;Ingeniero;+20annos;Medio;2;1981;Millennials;37335;Guipiºzcoa;1,606;50;1;151;
CLI2737;F;No;31;No;Otros;<10annos;Bajo;5;1993;Millennials;18179;ilava;1,606;30;0;136;
CLI2738;M;Si;39;Si;Ejecutivo;10-20annos;Medio;3;1985;Millennials;28916;Valladolid;0,824;30;0;450;3
CLI2739;F;Si;55;Si;Artista;+20annos;Bajo;1;1969;Generacion X;74614;Palencia;1,052;50;0;361;0,5
CLI2740;M;No;30;Si;Otros;<10annos;Bajo;2;1994;Millennials;29006;La Corui±a;1,836;30;0;470;3
CLI2741;M;Si;66;Si;Negocios/empresa;+20annos;Alto;5;1958;Generacion X;95296;Guipiºzcoa;0,974;30;0;599;4
CLI2742;M;Si;57;No;Otros;+20annos;Medio;4;1967;Generacion X;31842;Zamora;1,111;30;0;538;4
CLI2743;M;Si;35;No;Negocios/empresa;10-20annos;Bajo;3;1989;Millennials;29545;Cadiz;1,928;30;1;262;
CLI2744;F;Si;46;Si;Medico;+20annos;Bajo;1;1978;Generacion X;47680;Cuenca;0,896;50;1;213;
CLI2745;M;No;53;Si;Otros;+20annos;Bajo;2;1971;Generacion X;80064;Pontevedra;0,72;50;0;305;0,5
CLI2746;M;Si;83;Si;Servicios;+20annos;Alto;2;1941;Generacion Silenciosa;33015;Melilla;1,228;30;0;172;
CLI2747;M;No;29;Si;Construccion;<10annos;Bajo;2;1995;Millennials;19378;Baleares;2,306;30;1;252;
CLI2748;F;No;23;No;Funcionario;<10annos;Bajo;7;2001;Generacion Z;17910;Segovia;1,029;30;1;174;
CLI2749;F;No;58;No;Artista;+20annos;Bajo;1;1966;Generacion X;33302;Jaen;1,658;30;1;171;
CLI2750;M;No;35;Si;Medico;10-20annos;Bajo;3;1989;Millennials;21633;Salamanca;1,629;30;0;479;3
CLI2751;F;Si;62;Si;Medico;+20annos;Medio;2;1962;Generacion X;103335;Alicante;0,661;50;1;205;
CLI2752;F;No;40;Si;Artista;10-20annos;Bajo;4;1984;Millennials;91809;Alicante;1,468;30;0;129;
CLI2753;M;Si;91;Si;Servicios;+20annos;Bajo;2;1933;Generacion Silenciosa;58092;Badajoz;0,661;50;1;233;
CLI2754;M;Si;46;Si;Ejecutivo;+20annos;Bajo;2;1978;Generacion X;119608;Guipiºzcoa;1,717;50;0;547;1
CLI2755;F;Si;73;No;Servicios;+20annos;Alto;2;1951;Generacion X;113222;LLeida;1,639;120;1;181;
CLI2756;M;Si;68;Si;Ejecutivo;+20annos;Alto;2;1956;Generacion X;43305;Melilla;1,463;50;1;303;0,5
CLI2757;M;Si;44;No;Ejecutivo;+20annos;Bajo;4;1980;Generacion X;112120;Leon;1,974;30;0;592;4
CLI2758;M;No;42;Si;Artista;+20annos;Bajo;1;1982;Millennials;83218;Jaen;0,939;50;0;589;4
CLI2759;M;No;20;No;Funcionario;<10annos;Bajo;5;2004;Generacion Z;15048;Leon;1,754;30;1;117;
CLI2760;F;Si;68;Si;Artista;+20annos;Bajo;2;1956;Generacion X;115699;Barcelona;15,215;50;1;146;
CLI2761;M;No;25;No;Funcionario;<10annos;Bajo;4;1999;Generacion Z;24175;Barcelona;2,478;30;0;278;
CLI2762;F;Si;62;Si;Servicios;+20annos;Medio;2;1962;Generacion X;94411;Huelva;1,033;50;0;434;3
CLI2763;M;No;46;Si;Artista;+20annos;Bajo;1;1978;Generacion X;121571;Palencia;0,837;50;0;191;
CLI2764;F;No;35;No;Negocios/empresa;10-20annos;Bajo;4;1989;Millennials;26848;Guadalajara;1,836;30;0;326;0,5
CLI2765;F;No;31;No;Negocios/empresa;<10annos;Bajo;5;1993;Millennials;29988;Baleares;1,606;30;0;283;
CLI2766;M;Si;85;No;Servicios;+20annos;Bajo;1;1939;Generacion Silenciosa;81386;Cordoba;0,837;120;0;357;0,5
CLI2767;M;Si;39;Si;Ejecutivo;10-20annos;Alto;4;1985;Millennials;28620;Cordoba;1,146;30;0;183;
CLI2768;F;No;33;Si;Funcionario;10-20annos;Bajo;1;1991;Millennials;23946;Huesca;1,192;30;0;389;3
CLI2769;F;No;58;Si;Ingeniero;+20annos;Bajo;2;1966;Generacion X;75688;Leon;1,091;50;0;88;
CLI2770;F;No;30;Si;Servicios;<10annos;Bajo;1;1994;Millennials;22260;Vizcaya;1,882;30;0;97;
CLI2771;F;;58;Si;Otros;+20annos;Medio;4;1966;Generacion X;37181;Barcelona;1,228;30;0;116;
CLI2772;M;Si;57;Si;Ejecutivo;+20annos;Alto;4;1967;Generacion X;49867;Leon;0,583;30;1;127;
CLI2773;M;No;32;Si;Medico;10-20annos;Bajo;3;1992;Millennials;25278;Tarragona;1,307;30;0;420;3
CLI2774;M;No;40;Si;Artista;10-20annos;Bajo;3;1984;Millennials;41668;Vizcaya;1,261;30;1;174;
CLI2775;F;No;45;Si;Artista;+20annos;Bajo;1;1979;Generacion X;116184;Almeri­a;1,468;50;0;50;
CLI2776;M;Si;79;Si;Ejecutivo;+20annos;Alto;4;1945;Generacion Silenciosa;126076;Teruel;0,955;80;0;364;0,5
CLI2777;F;Si;55;Si;Ingeniero;+20annos;Bajo;2;1969;Generacion X;65695;Granada;1,091;50;0;479;3
CLI2778;F;Si;87;Si;Servicios;+20annos;Alto;2;1937;Generacion Silenciosa;74496;Zaragoza;1,287;50;1;276;
CLI2779;F;No;25;No;Negocios/empresa;<10annos;Bajo;4;1999;Generacion Z;26985;Albacete;14,085;30;0;418;3
CLI2780;F;No;28;Si;Funcionario;<10annos;Bajo;1;1996;Millennials;21985;Zaragoza;1,719;30;0;214;
CLI2781;F;No;44;Si;Medico;+20annos;Bajo;1;1980;Generacion X;65394;Burgos;1,238;50;0;207;
CLI2782;M;Si;30;Si;Funcionario;<10annos;Medio;2;1994;Millennials;19046;Leon;0,847;30;1;348;0,5
CLI2783;F;Si;68;Si;Artista;+20annos;Medio;7;1956;Generacion X;63737;Jaen;0,935;30;1;319;0,5
CLI2784;M;Si;32;Si;Funcionario;10-20annos;Medio;2;1992;Millennials;30896;Zamora;1,261;30;0;553;4
CLI2785;F;No;34;No;Medico;10-20annos;Bajo;2;1990;Millennials;18641;Malaga;1,767;30;0;419;3
CLI2786;M;Si;41;No;Ingeniero;10-20annos;Medio;2;1983;Millennials;59260;Caceres;1,514;30;0;484;3
CLI2787;M;No;31;Si;Funcionario;<10annos;Bajo;4;1993;Millennials;18542;ilava;1,146;30;0;537;4
CLI2788;F;No;29;Si;Artista;<10annos;Bajo;5;1995;Millennials;21463;Baleares;2,858;30;1;190;
CLI2789;F;No;36;No;Funcionario;10-20annos;Bajo;3;1988;Millennials;18557;Pontevedra;1,767;30;1;248;
CLI2790;M;Si;65;Si;Artista;+20annos;Bajo;4;1959;Generacion X;27441;Gerona;1,111;30;0;263;
CLI2791;M;Si;63;Si;Artista;+20annos;Medio;2;1961;Generacion X;91952;Barcelona;1,365;50;0;148;
CLI2792;F;No;47;Si;Negocios/empresa;+20annos;Bajo;1;1977;Generacion X;30283;Orense;1,091;30;0;485;3
CLI2793;F;Si;55;Si;Otros;+20annos;Medio;4;1969;Generacion X;123996;Ceuta;1,15;80;0;353;0,5
CLI2794;F;No;32;Si;Artista;10-20annos;Bajo;2;1992;Millennials;28460;Salamanca;1,399;30;0;500;
CLI2795;M;No;32;No;Ingeniero;10-20annos;Bajo;5;1992;Millennials;20389;Palencia;1,468;30;0;370;3
CLI2796;F;;31;Si;Medico;<10annos;Alto;8;1993;Millennials;18688;Sevilla;1,031;30;1;222;
CLI2797;F;Si;41;Si;Artista;10-20annos;Bajo;2;1983;Millennials;45103;Madrid;1,376;50;0;523;1
CLI2798;F;Si;83;Si;Servicios;+20annos;Alto;4;1941;Generacion Silenciosa;46431;Segovia;1,228;30;0;236;
CLI2799;M;No;21;No;Otros;<10annos;Bajo;6;2003;Generacion Z;17294;ilava;3,065;30;0;204;
CLI2800;F;No;46;Si;Artista;+20annos;Bajo;1;1978;Generacion X;116344;Albacete;0,974;50;1;348;0,5
CLI2801;M;No;24;No;Funcionario;<10annos;Bajo;5;2000;Generacion Z;18942;Burgos;1,995;30;0;558;4
CLI2802;F;Si;31;Si;Medico;<10annos;Medio;2;1993;Millennials;24552;Palencia;1,606;30;0;124;
CLI2803;M;Si;50;Si;Artista;+20annos;Medio;4;1974;Generacion X;41136;Ceuta;0,564;30;0;583;4
CLI2804;M;Si;56;Si;Otros;+20annos;Bajo;3;1968;Generacion X;114005;Palencia;0,603;80;0;319;0,5
CLI2805;M;No;44;No;Otros;+20annos;Bajo;1;1980;Generacion X;94739;Las Palmas;1,399;120;1;198;
CLI2806;M;No;46;Si;Artista;+20annos;Bajo;1;1978;Generacion X;117241;Valencia;0,915;50;0;271;
CLI2807;F;No;54;Si;Artista;+20annos;Bajo;1;1970;Generacion X;41104;Segovia;1,072;50;0;135;
CLI2808;F;Si;51;Si;Servicios;+20annos;Medio;3;1973;Generacion X;23986;Caceres;1,17;30;1;259;
CLI2809;M;Si;51;No;Otros;+20annos;Bajo;2;1973;Generacion X;60605;La Corui±a;0,994;30;0;120;
CLI2810;M;Si;32;Si;Artista;10-20annos;Medio;3;1992;Millennials;18062;Cadiz;1,169;30;0;369;3
CLI2811;F;Si;79;Si;Servicios;+20annos;Alto;2;1945;Generacion Silenciosa;110853;Baleares;1,756;50;1;128;
CLI2812;M;No;29;Si;Funcionario;<10annos;Bajo;3;1995;Millennials;27415;Malaga;1,65;30;1;140;
CLI2813;F;Si;55;Si;Ingeniero;+20annos;Medio;3;1969;Generacion X;61476;Santa Cruz de Tenerife;1,209;80;0;233;
CLI2814;M;No;36;Si;Medico;10-20annos;Bajo;3;1988;Millennials;21471;Madrid;1,1;30;0;42;
CLI2815;M;Si;63;Si;Medico;+20annos;Bajo;1;1961;Generacion X;93521;Orense;1,561;50;0;447;1
CLI2816;F;Si;39;Si;Artista;10-20annos;Medio;2;1985;Millennials;22496;Albacete;1,284;30;0;194;
CLI2817;F;Si;56;Si;Artista;+20annos;Medio;6;1968;Generacion X;97829;Badajoz;0,681;30;0;553;4
CLI2818;M;Si;57;Si;Otros;+20annos;Medio;6;1967;Generacion X;103600;Soria;0,896;30;1;130;
CLI2819;M;No;22;No;Otros;<10annos;Bajo;2;2002;Generacion Z;18070;Soria;1,374;30;0;544;4
CLI2820;M;No;36;No;Negocios/empresa;10-20annos;Bajo;6;1988;Millennials;19458;Navarra;0,663;30;0;219;
CLI2821;M;Si;64;Si;Artista;+20annos;Medio;3;1960;Generacion X;63815;Murcia;0,661;80;1;342;0,5
CLI2822;F;No;41;No;Artista;10-20annos;Bajo;1;1983;Millennials;23348;Teruel;2,066;30;0;56;
CLI2823;F;Si;42;Si;Medico;+20annos;Bajo;4;1982;Millennials;66793;Huesca;0,663;30;0;454;3
CLI2824;F;No;30;No;Funcionario;<10annos;Bajo;1;1994;Millennials;19016;La Rioja;1,606;30;0;134;
CLI2825;M;Si;47;Si;Otros;+20annos;Bajo;2;1977;Generacion X;28422;Alicante;1,443;30;0;356;0,5
CLI2826;F;No;20;No;Funcionario;<10annos;Bajo;5;2004;Generacion Z;20303;Malaga;2,064;30;0;381;3
CLI2827;F;No;32;No;Funcionario;10-20annos;Bajo;3;1992;Millennials;19706;LLeida;1,284;30;0;244;
CLI2828;M;Si;95;No;Servicios;+20annos;Medio;2;1929;Generacion Silenciosa;102388;Vizcaya;1,306;120;0;102;
CLI2829;M;No;35;No;Funcionario;10-20annos;Bajo;5;1989;Millennials;20915;Granada;1,422;30;0;572;4
CLI2830;F;Si;57;No;Ingeniero;+20annos;Bajo;6;1967;Generacion X;33946;Pontevedra;15,215;30;0;311;0,5
CLI2831;M;Si;58;Si;Artista;+20annos;Medio;4;1966;Generacion X;51734;Segovia;1,346;30;0;395;3
CLI2832;M;No;32;No;Funcionario;10-20annos;Bajo;3;1992;Millennials;23841;LLeida;1,79;30;1;300;
CLI2833;M;Si;64;Si;Artista;+20annos;Bajo;1;1960;Generacion X;94109;Valencia;0,72;50;0;143;
CLI2834;M;No;24;No;Funcionario;<10annos;Bajo;5;2000;Generacion Z;14170;ilava;1,685;30;0;193;
CLI2835;M;;79;;Servicios;+20annos;Alto;1;1945;Generacion Silenciosa;97281;Vizcaya;0,974;120;0;457;3
CLI2836;F;Si;43;Si;Artista;+20annos;Medio;4;1981;Millennials;55752;Santa Cruz de Tenerife;1,123;30;1;215;
CLI2837;M;Si;44;Si;Ingeniero;+20annos;Medio;3;1980;Generacion X;24485;Salamanca;0,778;30;0;185;
CLI2838;F;No;25;No;Funcionario;<10annos;Bajo;5;1999;Generacion Z;19184;Cadiz;1,029;30;1;285;
CLI2839;F;Si;87;Si;Servicios;+20annos;Alto;3;1937;Generacion Silenciosa;106398;Zaragoza;0,837;80;0;367;3
CLI2840;F;Si;77;Si;Servicios;+20annos;Alto;2;1947;Generacion X;101149;Salamanca;1,424;50;1;157;
CLI2841;F;No;30;No;Artista;<10annos;Bajo;6;1994;Millennials;22829;Granada;1,261;30;0;163;
CLI2842;M;Si;52;No;Ejecutivo;+20annos;Alto;2;1972;Generacion X;23400;Caceres;1,17;30;0;322;0,5
CLI2843;M;Si;64;Si;Ejecutivo;+20annos;Medio;4;1960;Generacion X;56008;Segovia;0,681;80;0;188;
CLI2844;M;Si;29;No;Otros;<10annos;Alto;6;1995;Millennials;22827;Las Palmas;1,581;30;1;294;
CLI2845;M;Si;44;No;Ingeniero;+20annos;Medio;5;1980;Generacion X;112775;Guadalajara;1,261;30;0;145;
CLI2846;M;Si;39;Si;Ejecutivo;10-20annos;Medio;2;1985;Millennials;22510;Malaga;1,399;30;0;570;4
CLI2847;M;Si;34;Si;Funcionario;10-20annos;Bajo;2;1990;Millennials;30493;Valencia;1,261;30;1;231;
CLI2848;F;Si;47;Si;Artista;+20annos;Alto;4;1977;Generacion X;102094;Ceuta;0,759;80;1;259;
CLI2849;M;No;23;No;Medico;<10annos;Bajo;3;2001;Generacion Z;23831;Alicante;2,478;30;0;102;
CLI2850;F;No;32;Si;Artista;10-20annos;Bajo;3;1992;Millennials;29923;Granada;0,962;30;1;238;
CLI2851;F;No;20;No;Funcionario;<10annos;Bajo;3;2004;Generacion Z;12226;Sevilla;14,775;30;0;386;3
CLI2852;M;No;31;Si;Artista;<10annos;Bajo;3;1993;Millennials;30588;ilava;0,755;30;0;562;4
CLI2853;F;No;30;Si;Funcionario;<10annos;Bajo;4;1994;Millennials;25879;ilava;1,79;30;0;325;0,5
CLI2854;F;Si;52;Si;Medico;+20annos;Medio;2;1972;Generacion X;114132;Sevilla;0,779;50;0;229;
CLI2855;M;Si;57;Si;Negocios/empresa;+20annos;Alto;4;1967;Generacion X;65684;Vizcaya;1,15;80;0;409;3
CLI2856;F;No;46;No;Negocios/empresa;+20annos;Bajo;2;1978;Generacion X;31592;Alicante;0,974;30;0;67;
CLI2857;F;Si;63;Si;Artista;+20annos;Alto;3;1961;Generacion X;81588;La Rioja;1,58;80;1;341;0,5
CLI2858;M;Si;67;Si;Ejecutivo;+20annos;Alto;2;1957;Generacion X;98112;Badajoz;0,876;50;0;520;4
CLI2859;M;No;36;Si;Artista;10-20annos;Bajo;3;1988;Millennials;21868;Caceres;1,077;30;1;179;
CLI2860;F;Si;45;Si;Artista;+20annos;Medio;4;1979;Generacion X;60735;Castellon;1,767;30;1;303;0,5
CLI2861;F;No;43;Si;Medico;+20annos;Bajo;3;1981;Millennials;102541;Cadiz;2,066;30;0;95;
CLI2862;M;No;44;Si;Medico;+20annos;Bajo;2;1980;Generacion X;34724;Barcelona;1,514;30;0;56;
CLI2863;F;Si;57;Si;Artista;+20annos;Bajo;3;1967;Generacion X;99999;Valladolid;1,346;80;1;179;
CLI2864;F;Si;53;Si;Artista;+20annos;Medio;2;1971;Generacion X;59789;Barcelona;1,267;50;0;219;
CLI2865;F;No;36;Si;Medico;10-20annos;Bajo;3;1988;Millennials;27185;Baleares;0,916;30;1;248;
CLI2866;M;No;47;Si;Artista;+20annos;Bajo;1;1977;Generacion X;114302;Cordoba;1,6;50;0;530;1
CLI2867;F;No;56;Si;Artista;+20annos;Bajo;1;1968;Generacion X;114863;Toledo;1,306;50;0;558;1
CLI2868;F;Si;40;Si;Otros;10-20annos;Bajo;2;1984;Millennials;73809;Las Palmas;1,583;50;0;399;1
CLI2869;M;Si;42;Si;Otros;+20annos;Bajo;2;1982;Millennials;114557;Teruel;1,445;50;0;315;0,5
CLI2870;F;No;33;Si;Artista;10-20annos;Bajo;5;1991;Millennials;26918;Gerona;0,916;30;0;444;3
CLI2871;M;No;43;Si;Negocios/empresa;+20annos;Bajo;4;1981;Millennials;29840;Salamanca;1,79;30;0;429;1
CLI2872;F;No;51;Si;Otros;+20annos;Bajo;2;1973;Generacion X;38805;Santa Cruz de Tenerife;1,326;50;0;316;0,5
CLI2873;M;Si;47;No;Ejecutivo;+20annos;Alto;4;1977;Generacion X;25732;Tarragona;0,915;30;0;38;
CLI2874;M;Si;77;Si;Servicios;+20annos;Alto;2;1947;Generacion X;31717;Caceres;1,365;30;0;37;
CLI2875;F;Si;45;Si;Otros;+20annos;Bajo;1;1979;Generacion X;26387;Vizcaya;1,146;30;1;340;0,5
CLI2876;F;Si;43;Si;Ingeniero;+20annos;Bajo;1;1981;Millennials;86836;Toledo;0,732;50;0;113;
CLI2877;F;No;56;Si;Artista;+20annos;Bajo;2;1968;Generacion X;64690;Gerona;11,305;50;0;417;1
CLI2878;M;No;22;No;Funcionario;<10annos;Bajo;4;2002;Generacion Z;22712;ilava;2,099;30;1;115;
CLI2879;F;Si;33;Si;Medico;10-20annos;Medio;2;1991;Millennials;25022;Salamanca;1,054;30;0;179;
CLI2880;M;No;29;Si;Negocios/empresa;<10annos;Bajo;1;1995;Millennials;23948;Leon;2,34;30;0;423;3
CLI2881;M;No;34;No;Negocios/empresa;10-20annos;Bajo;1;1990;Millennials;25525;Palencia;0,962;30;0;447;3
CLI2882;F;No;36;Si;Funcionario;10-20annos;Bajo;3;1988;Millennials;25348;Caceres;1,307;30;0;406;1
CLI2883;F;No;23;No;Medico;<10annos;Bajo;1;2001;Generacion Z;15781;Orense;11,325;30;0;284;
CLI2884;M;Si;91;No;Servicios;+20annos;Alto;2;1933;Generacion Silenciosa;78588;Toledo;1,287;120;1;385;3
CLI2885;F;Si;77;Si;Ingeniero;+20annos;Alto;2;1947;Generacion X;48119;ivila;0,642;50;0;503;4
CLI2886;F;Si;66;No;Artista;+20annos;Medio;3;1958;Generacion X;51712;Albacete;1,072;30;0;65;
CLI2887;M;No;36;Si;Funcionario;10-20annos;Bajo;1;1988;Millennials;19969;Sevilla;1,997;30;0;400;1
CLI2888;F;No;78;No;Ingeniero;+20annos;Bajo;1;1946;Generacion X;46721;Lugo;1,756;30;1;213;
CLI2889;M;Si;32;Si;Ingeniero;10-20annos;Bajo;2;1992;Millennials;25433;Santa Cruz de Tenerife;0,755;30;0;336;0,5
CLI2890;F;No;45;No;Negocios/empresa;+20annos;Bajo;1;1979;Generacion X;44548;Alicante;1,238;30;0;318;0,5
CLI2891;M;Si;61;Si;Artista;+20annos;Medio;2;1963;Generacion X;89406;Guadalajara;0,642;50;0;596;4
CLI2892;M;No;32;No;Otros;10-20annos;Bajo;4;1992;Millennials;25230;Gerona;1,836;30;0;193;
CLI2893;M;Si;84;Si;Servicios;+20annos;Bajo;1;1940;Generacion Silenciosa;65983;Sevilla;0,642;50;0;314;0,5
CLI2894;F;No;25;No;Funcionario;<10annos;Bajo;1;1999;Generacion Z;23417;La Rioja;2,789;30;0;584;4
CLI2895;F;No;20;No;Funcionario;<10annos;Bajo;3;2004;Generacion Z;21152;LLeida;2,651;30;0;183;
CLI2896;F;Si;54;Si;Ingeniero;+20annos;Bajo;3;1970;Generacion X;59682;LLeida;1,111;80;0;407;3
CLI2897;M;No;21;No;Funcionario;<10annos;Bajo;5;2003;Generacion Z;22195;Palencia;2,03;30;0;247;
CLI2898;M;Si;89;Si;Ejecutivo;+20annos;Alto;3;1935;Generacion Silenciosa;32240;Burgos;0,837;30;0;223;
CLI2899;F;No;39;Si;Artista;10-20annos;Bajo;1;1985;Millennials;26787;Ciudad Real;1,1;30;0;166;
CLI2900;M;Si;65;No;Medico;+20annos;Medio;2;1959;Generacion X;96112;Cuenca;1,482;120;0;443;3
CLI2901;F;No;35;No;Funcionario;10-20annos;Bajo;5;1989;Millennials;20773;Ceuta;1,698;30;1;329;0,5
CLI2902;M;Si;39;Si;Artista;10-20annos;Medio;4;1985;Millennials;29266;Lugo;1,974;30;1;354;0,5
CLI2903;F;Si;62;No;Servicios;+20annos;Medio;3;1962;Generacion X;105466;Guipiºzcoa;1,737;30;0;374;3
CLI2904;F;Si;69;Si;Artista;+20annos;Bajo;1;1955;Generacion X;100960;Malaga;11,305;50;0;164;
CLI2905;F;No;23;No;Funcionario;<10annos;Bajo;3;2001;Generacion Z;18468;ivila;0,995;30;0;309;0,5
CLI2906;F;Si;85;No;Servicios;+20annos;Alto;3;1939;Generacion Silenciosa;96616;Soria;1,737;30;0;445;3
CLI2907;M;No;40;Si;Artista;10-20annos;Bajo;1;1984;Millennials;34026;Cadiz;0,962;30;0;92;
CLI2908;F;No;24;No;Funcionario;<10annos;Bajo;5;2000;Generacion Z;19026;Santa Cruz de Tenerife;2,409;30;0;98;
CLI2909;M;Si;29;No;Ejecutivo;<10annos;Alto;4;1995;Millennials;26277;Huelva;12,705;30;0;371;3
CLI2910;M;Si;90;Si;Servicios;+20annos;Bajo;1;1934;Generacion Silenciosa;47810;La Rioja;1,658;50;0;348;0,5
CLI2911;M;No;20;No;Funcionario;<10annos;Bajo;4;2004;Generacion Z;15509;Orense;2,961;30;0;92;
CLI2912;M;Si;39;Si;Artista;10-20annos;Medio;2;1985;Millennials;23244;Tarragona;1,675;30;0;154;
CLI2913;M;Si;40;No;Medico;10-20annos;Medio;2;1984;Millennials;47163;Alicante;1,376;30;0;365;
CLI2914;M;Si;65;Si;Artista;+20annos;Bajo;2;1959;Generacion X;27617;LLeida;0,994;30;0;292;
CLI2915;M;Si;67;No;Artista;+20annos;Medio;2;1957;Generacion X;128644;Madrid;1,404;120;1;367;3
CLI2916;F;No;41;Si;Otros;10-20annos;Bajo;1;1983;Millennials;75503;Segovia;0,824;50;1;169;
CLI2917;F;No;28;No;Funcionario;<10annos;Bajo;5;1996;Millennials;18560;Jaen;0,995;30;0;444;3
CLI2918;F;No;31;No;Funcionario;<10annos;Bajo;4;1993;Millennials;24708;Vizcaya;1,146;30;1;370;3
CLI2919;F;Si;62;Si;Artista;+20annos;Bajo;2;1962;Generacion X;129163;Albacete;0,603;50;0;588;4
CLI2920;M;No;32;Si;Funcionario;10-20annos;Bajo;4;1992;Millennials;26618;Lugo;1,008;30;0;241;
CLI2921;F;Si;95;Si;Servicios;+20annos;Alto;2;1929;Generacion Silenciosa;49071;Tarragona;1,15;50;0;452;3
CLI2922;M;No;50;Si;Artista;+20annos;Bajo;2;1974;Generacion X;97869;Pontevedra;15,215;50;0;593;1
CLI2923;F;No;36;No;Construccion;10-20annos;Bajo;1;1988;Millennials;28449;ivila;1,261;30;0;477;3
CLI2924;M;No;22;No;Funcionario;<10annos;Bajo;4;2002;Generacion Z;19405;Las Palmas;2,685;30;0;450;3
CLI2925;F;No;28;Si;Artista;<10annos;Bajo;5;1996;Millennials;31063;Guipiºzcoa;1,926;30;1;321;0,5
CLI2926;M;Si;65;Si;Artista;+20annos;Medio;3;1959;Generacion X;30724;Caceres;1,385;30;1;138;
CLI2927;F;;56;No;Ingeniero;+20annos;Medio;4;1968;Generacion X;31477;Leon;0,798;30;0;77;
CLI2928;F;No;22;No;Funcionario;<10annos;Bajo;3;2002;Generacion Z;15311;Orense;2,064;30;1;186;
CLI2929;F;Si;68;;Artista;+20annos;Medio;3;1956;Generacion X;34350;Guadalajara;1,502;30;1;310;0,5
CLI2930;M;Si;83;No;Servicios;+20annos;Bajo;1;1941;Generacion Silenciosa;25708;Lugo;1,326;30;0;417;3
CLI2931;M;No;52;Si;Otros;+20annos;Bajo;1;1972;Generacion X;90670;Valladolid;1,385;50;1;300;
CLI2932;F;No;35;No;Construccion;10-20annos;Bajo;1;1989;Millennials;28506;Zamora;1,376;30;1;111;
CLI2933;M;Si;68;;Otros;+20annos;Medio;4;1956;Generacion X;54089;ivila;0,72;30;0;185;
CLI2934;F;No;47;Si;Artista;+20annos;Bajo;1;1977;Generacion X;29419;Huelva;0,564;30;0;88;
CLI2935;M;Si;76;Si;Servicios;+20annos;Bajo;1;1948;Generacion X;115378;Murcia;0,661;50;1;108;
CLI2936;M;Si;42;No;Otros;+20annos;Bajo;3;1982;Millennials;53859;Sevilla;1,606;30;0;541;4
CLI2937;F;No;32;No;Ingeniero;10-20annos;Bajo;4;1992;Millennials;21644;Toledo;1,836;30;1;181;
CLI2938;M;Si;62;Si;Artista;+20annos;Bajo;1;1962;Generacion X;62794;Granada;0,661;50;0;151;
CLI2939;F;Si;56;No;Ingeniero;+20annos;Medio;3;1968;Generacion X;61842;Albacete;1,17;30;1;381;3
CLI2940;M;Si;58;Si;Ejecutivo;+20annos;Bajo;1;1966;Generacion X;68816;Cordoba;1,678;50;0;435;1
CLI2941;F;No;41;Si;Artista;10-20annos;Bajo;1;1983;Millennials;31969;ivila;0,985;30;0;189;
CLI2942;M;Si;31;No;Ejecutivo;<10annos;Alto;5;1993;Millennials;25160;Huelva;1,675;30;0;423;3
CLI2943;F;Si;53;Si;Artista;+20annos;Medio;3;1971;Generacion X;106087;Madrid;1,013;80;0;98;
CLI2944;F;Si;81;Si;Artista;+20annos;Medio;2;1943;Generacion Silenciosa;112724;Granada;1,287;50;0;273;
CLI2945;M;Si;56;Si;Otros;+20annos;Medio;4;1968;Generacion X;72571;Leon;1,756;80;0;486;3
CLI2946;F;Si;97;Si;Servicios;+20annos;Bajo;1;1927;Generacion Silenciosa;29733;Barcelona;0,896;30;0;109;
CLI2947;F;Si;55;Si;Artista;+20annos;Medio;2;1969;Generacion X;41956;Valladolid;0,642;50;0;176;
CLI2948;M;No;21;No;Funcionario;<10annos;Bajo;7;2003;Generacion Z;18851;Teruel;14,085;30;0;111;
CLI2949;F;No;31;Si;Funcionario;<10annos;Bajo;1;1993;Millennials;30736;Granada;1,997;30;0;453;3
CLI2950;F;No;35;Si;Artista;10-20annos;Bajo;1;1989;Millennials;24177;Jaen;1,767;30;0;237;
CLI2951;F;Si;50;Si;Ejecutivo;+20annos;Alto;3;1974;Generacion X;40262;Almeri­a;1,17;30;0;147;
CLI2952;M;Si;62;Si;Funcionario;+20annos;Alto;3;1962;Generacion X;127552;Gerona;0,876;80;0;555;4
CLI2953;F;No;36;Si;Artista;10-20annos;Bajo;2;1988;Millennials;23674;Cordoba;1,077;30;0;574;4
CLI2954;M;No;32;Si;Artista;10-20annos;Bajo;3;1992;Millennials;26077;Murcia;0,778;30;0;275;
CLI2955;M;Si;58;Si;Ejecutivo;+20annos;Alto;4;1966;Generacion X;58696;Salamanca;0,798;80;1;299;
CLI2956;F;No;20;No;Funcionario;<10annos;Bajo;3;2004;Generacion Z;21279;Guipiºzcoa;1,098;30;1;238;
CLI2957;M;No;50;Si;Otros;+20annos;Bajo;1;1974;Generacion X;58363;Zaragoza;1,404;50;0;77;
CLI2958;M;Si;95;Si;Artista;+20annos;Bajo;1;1929;Generacion Silenciosa;89637;Palencia;1,756;50;1;290;
CLI2959;F;No;29;Si;Medico;<10annos;Bajo;4;1995;Millennials;28143;Malaga;2,582;30;0;79;
CLI2960;M;Si;51;Si;Medico;+20annos;Medio;2;1973;Generacion X;42705;Soria;0,779;50;0;47;
CLI2961;M;Si;39;Si;Funcionario;10-20annos;Medio;2;1985;Millennials;29295;Ceuta;1,077;30;0;195;
CLI2962;F;No;35;Si;Negocios/empresa;10-20annos;Bajo;6;1989;Millennials;27199;Cordoba;0,686;30;0;355;0,5
CLI2963;M;Si;40;Si;Artista;10-20annos;Medio;2;1984;Millennials;128483;Valencia;1,353;50;0;589;4
CLI2964;F;Si;28;Si;Artista;<10annos;Medio;2;1996;Millennials;26419;Barcelona;2,823;30;0;39;
CLI2965;F;Si;69;Si;Artista;+20annos;Medio;4;1955;Generacion X;50520;Leon;1,111;30;0;461;3
CLI2966;F;No;25;No;Funcionario;<10annos;Bajo;4;1999;Generacion Z;21799;Segovia;1,374;30;1;207;
CLI2967;F;No;29;Si;Ingeniero;<10annos;Bajo;8;1995;Millennials;29359;Cuenca;2,202;30;0;478;3
CLI2968;F;Si;51;Si;Artista;+20annos;Alto;3;1973;Generacion X;118287;Badajoz;0,876;80;1;387;3
CLI2969;M;Si;77;No;Ingeniero;+20annos;Medio;2;1947;Generacion X;109591;Albacete;1,091;120;1;249;
CLI2970;F;Si;44;Si;Ingeniero;+20annos;Medio;4;1980;Generacion X;117379;Cuenca;2,043;30;1;301;0,5
CLI2971;M;No;36;Si;Otros;10-20annos;Bajo;1;1988;Millennials;20209;Santa Cruz de Tenerife;0,709;30;0;125;
CLI2972;M;Si;53;Si;Construccion;+20annos;Bajo;3;1971;Generacion X;100326;Valencia;0,915;80;0;77;
CLI2973;M;No;43;Si;Otros;+20annos;Bajo;2;1981;Millennials;73989;Leon;0,962;50;0;521;4
CLI2974;F;Si;50;Si;Artista;+20annos;Medio;2;1974;Generacion X;76729;Tarragona;1,404;50;1;122;
CLI2975;M;Si;67;Si;Artista;+20annos;Medio;3;1957;Generacion X;72135;Caceres;0,72;80;1;286;
CLI2976;M;Si;57;Si;Negocios/empresa;+20annos;Bajo;3;1967;Generacion X;31335;La Rioja;1,15;30;0;385;3
CLI2977;F;Si;29;No;Otros;<10annos;Medio;2;1995;Millennials;27700;Zamora;3,03;30;1;123;
CLI2978;F;Si;50;Si;Construccion;+20annos;Bajo;1;1974;Generacion X;88141;Valencia;1,443;50;0;382;1
CLI2979;F;Si;44;No;Ingeniero;+20annos;Bajo;2;1980;Generacion X;89019;Jaen;0,801;120;0;422;3
CLI2980;M;No;46;Si;Negocios/empresa;+20annos;Bajo;1;1978;Generacion X;35893;Soria;1,287;50;0;587;1
CLI2981;M;No;21;No;Funcionario;<10annos;Bajo;1;2003;Generacion Z;15948;La Corui±a;3,099;30;1;355;0,5
CLI2982;F;No;42;Si;Artista;+20annos;Bajo;1;1982;Millennials;60989;Badajoz;1,767;50;0;81;
CLI2983;F;Si;80;Si;Artista;+20annos;Alto;2;1944;Generacion Silenciosa;70921;Zamora;1,404;50;1;188;
CLI2984;F;No;32;Si;Medico;10-20annos;Bajo;5;1992;Millennials;22879;Segovia;1,767;30;0;188;
CLI2985;M;Si;39;Si;Construccion;10-20annos;Medio;4;1985;Millennials;28298;Valencia;1,859;30;0;374;3
CLI2986;F;No;29;Si;Artista;<10annos;Bajo;4;1995;Millennials;22391;La Rioja;1,098;30;1;260;
CLI2987;F;No;43;No;Funcionario;+20annos;Bajo;3;1981;Millennials;110113;Teruel;1,33;30;0;503;4
CLI2988;M;No;31;Si;Funcionario;<10annos;Bajo;5;1993;Millennials;28508;Melilla;1,192;30;0;567;4
CLI2989;F;No;41;Si;Artista;10-20annos;Bajo;2;1983;Millennials;67543;Baleares;1,905;50;0;35;
CLI2990;F;Si;40;Si;Construccion;10-20annos;Medio;2;1984;Millennials;98355;Caceres;1,79;50;0;358;0,5
CLI2991;M;Si;45;No;Ejecutivo;+20annos;Bajo;3;1979;Generacion X;34471;Orense;0,939;30;1;396;3
CLI2992;F;No;43;Si;Ingeniero;+20annos;Bajo;1;1981;Millennials;41730;Gerona;0,939;50;0;306;0,5
CLI2993;M;Si;81;Si;Servicios;+20annos;Bajo;1;1943;Generacion Silenciosa;87657;Zaragoza;1,326;50;0;572;1
CLI2994;F;No;25;No;Funcionario;<10annos;Bajo;3;1999;Generacion Z;26776;Albacete;1,305;30;1;393;3
CLI2995;M;No;28;No;Funcionario;<10annos;Bajo;5;1996;Millennials;29573;Murcia;12,015;30;0;567;4
CLI2996;F;Si;55;No;Artista;+20annos;Medio;5;1969;Generacion X;125642;Segovia;1,619;200;0;144;
CLI2997;F;Si;74;No;Servicios;+20annos;Alto;2;1950;Generacion X;121869;Toledo;0,661;120;1;153;
CLI2998;F;No;33;Si;Funcionario;10-20annos;Bajo;3;1991;Millennials;21236;Navarra;1,353;30;1;183;
CLI2999;M;Si;73;No;Otros;+20annos;Medio;2;1951;Generacion X;26802;Madrid;1,541;30;1;217;
CLI3000;M;Si;32;Si;Otros;10-20annos;Bajo;2;1992;Millennials;22146;ilava;1,376;30;1;228;
CLI3001;F;Si;47;No;Artista;+20annos;Bajo;1;1977;Generacion X;87891;La Corui±a;11,305;120;0;510;4
CLI3002;F;Si;62;Si;Artista;+20annos;Bajo;1;1962;Generacion X;73612;Guadalajara;1,424;50;0;354;0,5
CLI3003;F;Si;46;Si;Ingeniero;+20annos;Alto;3;1978;Generacion X;24366;Toledo;0,681;30;1;354;0,5
CLI3004;F;No;43;Si;Artista;+20annos;Bajo;1;1981;Millennials;57957;Leon;1,675;50;0;145;
CLI3005;F;No;44;Si;Ingeniero;+20annos;Bajo;1;1980;Generacion X;109091;Gerona;1,537;50;1;138;
CLI3006;M;No;29;Si;Funcionario;<10annos;Bajo;1;1995;Millennials;18851;Sevilla;2,099;30;0;379;3
CLI3007;F;Si;43;Si;Artista;+20annos;Bajo;1;1981;Millennials;98162;Guadalajara;0,985;50;0;544;4
CLI3008;F;No;51;Si;Ingeniero;+20annos;Bajo;2;1973;Generacion X;93990;Palencia;0,642;50;0;475;3
CLI3009;F;Si;44;Si;Artista;+20annos;Alto;3;1980;Generacion X;74590;Orense;0,801;30;0;338;0,5
CLI3010;F;Si;86;No;Servicios;+20annos;Alto;2;1938;Generacion Silenciosa;98053;Valencia;0,935;120;0;459;3
CLI3011;F;Si;50;Si;Construccion;+20annos;Alto;4;1974;Generacion X;33234;Zaragoza;0,74;30;0;226;
CLI3012;M;Si;64;Si;Artista;+20annos;Medio;2;1960;Generacion X;101532;Melilla;1,424;50;1;208;
CLI3013;F;No;34;Si;Otros;10-20annos;Bajo;4;1990;Millennials;30782;Guadalajara;1,077;30;0;162;
CLI3014;F;Si;63;Si;Ingeniero;+20annos;Bajo;4;1961;Generacion X;92084;Murcia;0,876;80;1;121;
CLI3015;M;No;35;Si;Funcionario;10-20annos;Bajo;4;1989;Millennials;26368;Castellon;1,675;30;1;174;
CLI3016;M;Si;30;No;Otros;<10annos;Bajo;4;1994;Millennials;21662;Tarragona;1,468;30;0;343;0,5
CLI3017;M;No;30;No;Otros;<10annos;Bajo;4;1994;Millennials;19095;Navarra;0,824;30;0;280;
CLI3018;M;No;28;Si;Funcionario;<10annos;Bajo;4;1996;Millennials;29241;Barcelona;3,065;30;0;337;0,5
CLI3019;M;Si;63;No;Ejecutivo;+20annos;Bajo;2;1961;Generacion X;37554;Malaga;1,385;30;0;361;0,5
CLI3020;M;No;20;No;Funcionario;<10annos;Bajo;1;2004;Generacion Z;17553;Valladolid;2,685;30;0;569;4
CLI3021;F;Si;76;Si;Artista;+20annos;Bajo;2;1948;Generacion X;99515;Granada;1,209;50;0;561;4
CLI3022;M;Si;65;No;Ingeniero;+20annos;Bajo;2;1959;Generacion X;118237;Palencia;1,248;120;0;261;
CLI3023;F;Si;40;Si;Otros;10-20annos;Medio;2;1984;Millennials;88712;Albacete;1,468;50;1;334;0,5
CLI3024;M;No;21;No;Funcionario;<10annos;Bajo;3;2003;Generacion Z;12534;Segovia;2,582;30;0;590;4
CLI3025;F;Si;44;Si;Artista;+20annos;Bajo;2;1980;Generacion X;46695;ilava;0,755;50;1;372;3
CLI3026;F;No;22;No;Ingeniero;<10annos;Bajo;5;2002;Generacion Z;22161;Baleares;3,03;30;0;522;4
CLI3027;F;Si;69;Si;Artista;+20annos;Medio;3;1955;Generacion X;87257;Cadiz;1,482;80;0;298;
CLI3028;F;No;46;Si;Construccion;+20annos;Bajo;1;1978;Generacion X;81921;Pontevedra;1,658;50;0;402;1
CLI3029;M;Si;46;Si;Otros;+20annos;Medio;4;1978;Generacion X;68921;Burgos;1,482;80;1;116;
CLI3030;M;Si;33;Si;Otros;10-20annos;Medio;3;1991;Millennials;24383;Palencia;1,836;30;1;304;0,5
CLI3031;F;Si;28;No;Ingeniero;<10annos;Medio;2;1996;Millennials;20100;Navarra;2,927;30;0;325;0,5
CLI3032;M;Si;53;No;Ejecutivo;+20annos;Medio;4;1971;Generacion X;75423;Gerona;1,072;30;0;469;3
CLI3033;F;Si;57;Si;Artista;+20annos;Bajo;3;1967;Generacion X;57040;Tarragona;0,583;80;1;385;3
CLI3034;M;Si;39;Si;Artista;10-20annos;Medio;2;1985;Millennials;28757;Las Palmas;0,755;30;0;554;4
CLI3035;F;Si;81;No;Servicios;+20annos;Bajo;1;1943;Generacion Silenciosa;39681;Valencia;0,876;30;0;269;
CLI3036;F;Si;36;No;Construccion;10-20annos;Medio;4;1988;Millennials;23531;Santa Cruz de Tenerife;0,87;30;1;276;
CLI3037;M;Si;50;No;Ejecutivo;+20annos;Alto;9;1974;Generacion X;91029;Toledo;1,737;30;1;186;
CLI3038;M;Si;54;No;Artista;+20annos;Bajo;1;1970;Generacion X;125488;Navarra;1,463;120;0;593;4
CLI3039;M;Si;41;Si;Medico;10-20annos;Medio;2;1983;Millennials;77723;Valencia;1,284;50;0;278;
CLI3040;F;Si;44;No;Ingeniero;+20annos;Bajo;5;1980;Generacion X;36929;ilava;1,836;30;1;236;
CLI3041;F;No;32;No;Artista;10-20annos;Bajo;3;1992;Millennials;30814;Orense;1,1;30;0;101;
CLI3042;M;Si;79;No;Ejecutivo;+20annos;Alto;7;1945;Generacion Silenciosa;109506;Santa Cruz de Tenerife;0,935;30;0;573;4
CLI3043;F;Si;54;Si;Construccion;+20annos;Medio;4;1970;Generacion X;110870;Madrid;1,052;80;0;156;
CLI3044;M;No;29;No;Funcionario;<10annos;Bajo;1;1995;Millennials;22269;Tarragona;2,409;30;0;586;4
CLI3045;M;Si;61;Si;Otros;+20annos;Medio;4;1963;Generacion X;56741;Jaen;1,052;80;0;315;0,5
CLI3046;M;No;31;Si;Otros;<10annos;Bajo;2;1993;Millennials;21319;Castellon;1,192;30;0;156;
CLI3047;M;No;57;Si;Otros;+20annos;Bajo;1;1967;Generacion X;39101;Pontevedra;1,052;50;1;203;
CLI3048;F;Si;65;No;Construccion;+20annos;Alto;2;1959;Generacion X;62423;Ciudad Real;1,209;30;1;152;
CLI3049;M;No;21;No;Funcionario;<10annos;Bajo;1;2003;Generacion Z;13924;Segovia;2,444;30;0;150;
CLI3050;M;Si;57;Si;Artista;+20annos;Medio;3;1967;Generacion X;70242;Segovia;1,404;80;1;332;0,5
CLI3051;F;No;45;No;Artista;+20annos;Bajo;1;1979;Generacion X;78562;Madrid;1,192;120;1;132;
CLI3052;M;;24;No;Funcionario;<10annos;Alto;6;2000;Generacion Z;19106;Cadiz;1,719;30;0;509;4
CLI3053;F;Si;62;Si;Ingeniero;+20annos;Alto;2;1962;Generacion X;36882;Vizcaya;1,111;50;1;192;
CLI3054;F;Si;56;Si;Negocios/empresa;+20annos;Medio;1;1968;Generacion X;96884;Orense;0,876;50;0;476;3
CLI3055;M;Si;63;Si;Otros;+20annos;Bajo;2;1961;Generacion X;72578;Teruel;1,17;50;0;42;
CLI3056;M;Si;66;Si;Otros;+20annos;Bajo;4;1958;Generacion X;24153;Leon;1,6;30;0;83;
CLI3057;M;No;30;No;Otros;<10annos;Bajo;3;1994;Millennials;25093;Melilla;0,847;30;1;316;0,5
CLI3058;M;Si;55;Si;Medico;+20annos;Medio;3;1969;Generacion X;122004;Salamanca;1,6;80;0;400;3
CLI3059;F;No;44;Si;Artista;+20annos;Bajo;1;1980;Generacion X;115687;Cordoba;1,307;50;0;492;1
CLI3060;F;Si;76;Si;Artista;+20annos;Alto;2;1948;Generacion X;116899;Navarra;0,583;50;1;252;
CLI3061;F;No;45;Si;Negocios/empresa;+20annos;Bajo;1;1979;Generacion X;45667;Burgos;1,33;50;0;55;
CLI3062;M;Si;77;No;Otros;+20annos;Bajo;1;1947;Generacion X;98142;Lugo;1,346;120;0;370;3
CLI3063;M;No;35;Si;Otros;10-20annos;Bajo;1;1989;Millennials;26717;Zamora;1,974;30;1;346;0,5
CLI3064;F;No;22;No;Negocios/empresa;<10annos;Bajo;4;2002;Generacion Z;23326;Melilla;2,961;30;1;144;
CLI3065;F;No;80;Si;Servicios;+20annos;Bajo;1;1944;Generacion Silenciosa;76936;Leon;1,326;50;0;585;1
CLI3066;M;No;21;No;Ingeniero;<10annos;Bajo;5;2003;Generacion Z;17157;Valencia;2,823;30;1;324;0,5
CLI3067;M;Si;77;No;Artista;+20annos;Medio;2;1947;Generacion X;75300;Alicante;1,248;120;0;516;4
CLI3068;M;Si;36;Si;Medico;10-20annos;Medio;2;1988;Millennials;29990;Toledo;1,077;30;0;363;0,5
CLI3069;F;Si;54;Si;Artista;+20annos;Medio;5;1970;Generacion X;37661;Las Palmas;0,583;30;0;417;3
CLI3070;F;Si;98;Si;Servicios;+20annos;Alto;3;1926;Generacion Silenciosa;48081;Baleares;0,837;30;0;446;3
CLI3071;M;No;28;No;Medico;<10annos;Bajo;1;1996;Millennials;22976;Ceuta;1,236;30;0;143;
CLI3072;F;Si;39;Si;Ingeniero;10-20annos;Bajo;2;1985;Millennials;31561;Barcelona;1,399;30;0;329;0,5
CLI3073;F;;43;Si;Medico;+20annos;Bajo;1;1981;Millennials;99133;Santa Cruz de Tenerife;1,997;50;0;447;1
CLI3074;M;Si;52;Si;Artista;+20annos;Medio;2;1972;Generacion X;51723;LLeida;1,228;50;0;479;3
CLI3075;F;No;53;Si;Artista;+20annos;Bajo;1;1971;Generacion X;64052;ilava;1,111;50;0;118;
CLI3076;M;Si;50;Si;Ingeniero;+20annos;Medio;5;1974;Generacion X;79146;Badajoz;0,603;30;1;323;0,5
CLI3077;M;No;22;No;Funcionario;<10annos;Bajo;1;2002;Generacion Z;13917;Palencia;1,65;30;0;482;3
CLI3078;F;Si;51;Si;Artista;+20annos;Bajo;2;1973;Generacion X;71648;La Rioja;0,603;50;0;298;
CLI3079;M;Si;92;;Servicios;+20annos;Bajo;1;1932;Generacion Silenciosa;110188;La Rioja;0,876;120;0;54;
CLI3080;F;No;29;No;Ingeniero;<10annos;Bajo;2;1995;Millennials;31602;Soria;1,65;30;0;59;
CLI3081;F;No;34;Si;Artista;10-20annos;Bajo;1;1990;Millennials;19678;Santa Cruz de Tenerife;1,721;30;0;423;3
CLI3082;M;Si;56;Si;Otros;+20annos;Alto;5;1968;Generacion X;95658;Melilla;1,306;30;0;343;0,5
CLI3083;M;Si;57;No;Ejecutivo;+20annos;Medio;4;1967;Generacion X;46931;Lugo;0,915;30;1;192;
CLI3084;M;Si;58;Si;Ejecutivo;+20annos;Bajo;1;1966;Generacion X;103517;ivila;1,443;50;0;287;
CLI3085;M;No;46;Si;Artista;+20annos;Bajo;2;1978;Generacion X;76866;Ciudad Real;1,404;50;0;233;
CLI3086;F;No;52;Si;Construccion;+20annos;Bajo;3;1972;Generacion X;125761;Granada;0,876;80;0;45;
CLI3087;F;Si;45;Si;Artista;+20annos;Bajo;3;1979;Generacion X;55825;Navarra;1,56;30;1;100;
CLI3088;M;Si;57;Si;Artista;+20annos;Medio;4;1967;Generacion X;58503;Valencia;1,658;80;0;86;
CLI3089;F;No;33;Si;Medico;10-20annos;Bajo;5;1991;Millennials;25612;Soria;0,755;30;0;462;3
CLI3090;M;Si;52;No;Artista;+20annos;Bajo;2;1972;Generacion X;44669;ivila;11,305;30;0;456;3
CLI3091;M;Si;67;No;Ingeniero;+20annos;Bajo;4;1957;Generacion X;60374;Segovia;1,756;30;0;61;
CLI3092;M;No;36;No;Funcionario;10-20annos;Bajo;2;1988;Millennials;24281;Cordoba;1,744;30;0;320;0,5
CLI3093;M;Si;34;No;Ejecutivo;10-20annos;Medio;2;1990;Millennials;23027;Almeri­a;1,905;30;0;488;3
CLI3094;F;Si;34;No;Otros;10-20annos;Medio;1;1990;Millennials;31749;LLeida;1,675;30;0;251;
CLI3095;M;Si;52;Si;Artista;+20annos;Medio;3;1972;Generacion X;122810;Guipiºzcoa;1,365;80;0;576;4
CLI3096;F;Si;95;Si;Servicios;+20annos;Alto;2;1929;Generacion Silenciosa;76517;Tarragona;0,798;50;1;233;
CLI3097;M;Si;34;Si;Otros;10-20annos;Medio;2;1990;Millennials;30366;Toledo;0,847;30;0;422;3
CLI3098;M;No;33;No;Medico;10-20annos;Bajo;5;1991;Millennials;27706;LLeida;1,169;30;0;512;4
CLI3099;F;No;35;Si;Negocios/empresa;10-20annos;Bajo;3;1989;Millennials;31551;Zaragoza;1,951;30;0;382;3
CLI3100;M;Si;45;Si;Artista;+20annos;Alto;2;1979;Generacion X;22603;Jaen;1,261;30;1;225;
CLI3101;F;Si;41;No;Ingeniero;10-20annos;Alto;2;1983;Millennials;96857;Valladolid;0,778;120;0;429;3
CLI3102;F;No;56;No;Otros;+20annos;Bajo;1;1968;Generacion X;82729;Burgos;1,678;120;0;235;
CLI3103;M;Si;51;Si;Artista;+20annos;Medio;4;1973;Generacion X;77882;Murcia;1,287;80;1;185;
CLI3104;M;Si;72;No;Ejecutivo;+20annos;Alto;2;1952;Generacion X;96387;Navarra;0,876;120;0;410;3
CLI3105;M;No;42;Si;Funcionario;+20annos;Bajo;1;1982;Millennials;126615;Jaen;1,882;50;0;138;
CLI3106;F;;42;Si;Ejecutivo;+20annos;Alto;1;1982;Millennials;118383;Madrid;1,813;50;0;444;1
CLI3107;F;No;23;No;Funcionario;<10annos;Bajo;5;2001;Generacion Z;22771;Melilla;2,133;30;0;429;3
CLI3108;M;No;23;No;Funcionario;<10annos;Bajo;5;2001;Generacion Z;16918;Orense;2,823;30;0;594;4
CLI3109;F;Si;83;Si;Servicios;+20annos;Alto;2;1941;Generacion Silenciosa;55817;Santa Cruz de Tenerife;0,818;50;1;302;0,5
CLI3110;M;Si;75;No;Ejecutivo;+20annos;Alto;2;1949;Generacion X;92295;Orense;0,857;120;0;169;
CLI3111;F;No;24;No;Medico;<10annos;Bajo;5;2000;Generacion Z;20654;Almeri­a;2,72;30;1;148;
CLI3112;F;No;39;Si;Funcionario;10-20annos;Bajo;1;1985;Millennials;28694;Castellon;1,836;30;1;348;0,5
CLI3113;M;Si;39;Si;Artista;10-20annos;Medio;4;1985;Millennials;27722;Teruel;1,675;30;0;255;
CLI3114;M;Si;79;Si;Artista;+20annos;Medio;2;1945;Generacion Silenciosa;37928;Barcelona;0,74;50;1;302;0,5
CLI3115;M;Si;75;Si;Artista;+20annos;Bajo;1;1949;Generacion X;65285;Guadalajara;1,619;50;0;384;1
CLI3116;M;No;30;No;Medico;<10annos;Bajo;3;1994;Millennials;27577;Salamanca;1,307;30;0;117;
CLI3117;F;No;36;No;Otros;10-20annos;Bajo;1;1988;Millennials;27435;Albacete;1,1;30;1;238;
CLI3118;F;Si;76;Si;Otros;+20annos;Alto;2;1948;Generacion X;111191;Badajoz;0,661;50;0;48;
CLI3119;M;No;24;No;Funcionario;<10annos;Bajo;5;2000;Generacion Z;17854;Las Palmas;1,098;30;0;395;3
CLI3120;M;Si;52;No;Otros;+20annos;Bajo;2;1972;Generacion X;72737;Baleares;1,091;30;0;435;3
CLI3121;M;Si;58;Si;Artista;+20annos;Bajo;1;1966;Generacion X;35941;Cuenca;1,404;50;0;333;0,5
CLI3122;M;Si;69;;Servicios;+20annos;Medio;2;1955;Generacion X;56118;Lugo;1,6;30;0;404;3
CLI3123;F;Si;35;No;Servicios;10-20annos;Bajo;1;1989;Millennials;20648;Madrid;1,675;30;0;97;
CLI3124;F;Si;45;Si;Otros;+20annos;Alto;1;1979;Generacion X;69931;Alicante;1,583;50;1;161;
CLI3125;M;Si;42;Si;Otros;+20annos;Bajo;2;1982;Millennials;52880;Valladolid;0,732;50;0;519;4
CLI3126;F;No;28;No;Medico;<10annos;Bajo;3;1996;Millennials;18859;Gerona;2,237;30;0;140;
CLI3127;M;Si;63;Si;Artista;+20annos;Medio;2;1961;Generacion X;74903;ivila;0,642;50;1;247;
CLI3128;M;No;41;Si;Medico;10-20annos;Bajo;1;1983;Millennials;74522;ilava;1,238;50;0;396;1
CLI3129;F;Si;36;Si;Otros;10-20annos;Bajo;5;1988;Millennials;21267;Gerona;1,008;30;1;192;
CLI3130;F;Si;53;Si;Otros;+20annos;Medio;4;1971;Generacion X;126324;Cadiz;0,603;80;0;398;3
CLI3131;F;No;24;No;Funcionario;<10annos;Bajo;6;2000;Generacion Z;15738;Zaragoza;1,236;30;0;274;
CLI3132;M;Si;75;No;Ejecutivo;+20annos;Alto;2;1949;Generacion X;41520;Almeri­a;1,424;30;0;351;0,5
CLI3133;M;No;39;Si;Artista;10-20annos;Bajo;1;1985;Millennials;24549;Murcia;1,997;30;0;41;
CLI3134;M;No;30;No;Funcionario;<10annos;Bajo;4;1994;Millennials;31792;Almeri­a;1,445;30;0;400;3
CLI3135;M;Si;57;Si;Artista;+20annos;Bajo;4;1967;Generacion X;31843;Melilla;1,658;30;0;132;
CLI3136;M;Si;51;No;Otros;+20annos;Bajo;1;1973;Generacion X;97858;Almeri­a;0,857;120;0;77;
CLI3137;F;No;44;Si;Artista;+20annos;Bajo;4;1980;Generacion X;104583;Navarra;2,043;30;0;472;1
CLI3138;M;Si;51;Si;Otros;+20annos;Medio;4;1973;Generacion X;127831;La Rioja;0,564;80;1;287;
CLI3139;F;Si;68;Si;Construccion;+20annos;Bajo;1;1956;Generacion X;72163;Orense;15,215;50;1;209;
CLI3140;F;Si;47;Si;Otros;+20annos;Bajo;1;1977;Generacion X;76728;La Rioja;0,818;50;0;44;
CLI3141;M;Si;51;Si;Otros;+20annos;Bajo;1;1973;Generacion X;126620;Jaen;1,678;50;1;314;0,5
CLI3142;F;No;46;Si;Artista;+20annos;Bajo;1;1978;Generacion X;103971;Salamanca;0,798;50;0;364;0,5
CLI3143;F;No;34;Si;Funcionario;10-20annos;Bajo;4;1990;Millennials;30943;Segovia;0,847;30;1;105;
CLI3144;M;No;21;No;Otros;<10annos;Bajo;6;2003;Generacion Z;18605;Sevilla;2,651;30;0;93;
CLI3145;M;Si;40;Si;Artista;10-20annos;Medio;2;1984;Millennials;120063;Albacete;1,951;50;1;127;
CLI3146;M;Si;47;Si;Ingeniero;+20annos;Alto;2;1977;Generacion X;92837;ivila;1,658;50;0;399;1
CLI3147;M;No;35;No;Medico;10-20annos;Bajo;4;1989;Millennials;25216;Huelva;1,675;30;1;398;3
CLI3148;M;No;44;Si;Artista;+20annos;Bajo;2;1980;Generacion X;112619;Ceuta;0,778;50;0;448;3
CLI3149;F;Si;53;Si;Ingeniero;+20annos;Alto;2;1971;Generacion X;66799;Orense;0,955;50;0;86;
CLI3150;M;No;42;Si;Medico;+20annos;Bajo;1;1982;Millennials;101821;Soria;1,905;50;0;265;
CLI3151;M;Si;75;No;Servicios;+20annos;Bajo;3;1949;Generacion X;31126;Ciudad Real;0,896;30;0;226;
CLI3152;F;No;42;Si;Negocios/empresa;+20annos;Bajo;4;1982;Millennials;101840;Jaen;2,043;30;0;469;1
CLI3153;M;Si;39;Si;Artista;10-20annos;Bajo;3;1985;Millennials;25123;Toledo;1,928;30;0;396;1
CLI3154;F;No;57;Si;Artista;+20annos;Bajo;1;1967;Generacion X;103072;Badajoz;1,209;50;0;510;4
CLI3155;M;Si;66;Si;Artista;+20annos;Medio;2;1958;Generacion X;23540;ivila;0,935;30;0;220;
CLI3156;F;No;29;Si;Funcionario;<10annos;Bajo;5;1995;Millennials;23518;Caceres;12,705;30;0;540;4
CLI3157;F;No;31;Si;Artista;<10annos;Bajo;4;1993;Millennials;31603;Palencia;1,928;30;0;547;4
CLI3158;M;Si;83;No;Servicios;+20annos;Bajo;1;1941;Generacion Silenciosa;25448;Cuenca;0,622;30;0;293;
CLI3159;F;Si;28;No;Otros;<10annos;Bajo;2;1996;Millennials;26576;Toledo;1,926;30;0;582;4
CLI3160;F;Si;39;Si;Artista;10-20annos;Medio;2;1985;Millennials;30301;Granada;0,939;30;0;503;4
CLI3161;M;Si;62;Si;Medico;+20annos;Bajo;1;1962;Generacion X;51881;Tarragona;0,622;50;0;519;4
CLI3162;M;Si;45;Si;Otros;+20annos;Medio;2;1979;Generacion X;114484;Cadiz;1,514;50;0;338;0,5
CLI3163;M;No;41;Si;Negocios/empresa;10-20annos;Bajo;1;1983;Millennials;27965;Ciudad Real;0,985;30;1;279;
CLI3164;F;No;40;Si;Funcionario;10-20annos;Bajo;2;1984;Millennials;124530;Zaragoza;0,916;50;1;250;
CLI3165;F;No;34;Si;Artista;10-20annos;Bajo;2;1990;Millennials;27320;Granada;0,663;30;0;540;4
CLI3166;M;Si;75;No;Servicios;+20annos;Bajo;2;1949;Generacion X;48087;Ceuta;1,248;30;0;369;3
CLI3167;M;No;33;No;Funcionario;10-20annos;Bajo;4;1991;Millennials;25897;Ceuta;1,169;30;0;68;
CLI3168;M;Si;68;No;Artista;+20annos;Medio;2;1956;Generacion X;66961;Barcelona;1,013;30;0;381;3
CLI3169;F;No;43;Si;Construccion;+20annos;Bajo;1;1981;Millennials;63922;Tarragona;2,02;50;1;339;0,5
CLI3170;F;Si;79;No;Servicios;+20annos;Alto;7;1945;Generacion Silenciosa;125033;Jaen;1,443;200;1;286;
CLI3171;M;No;34;Si;Funcionario;10-20annos;Bajo;3;1990;Millennials;28988;Albacete;0,962;30;1;348;0,5
CLI3172;F;Si;72;Si;Artista;+20annos;Medio;4;1952;Generacion X;105301;Pontevedra;1,658;80;1;272;
CLI3173;M;Si;75;Si;Artista;+20annos;Bajo;1;1949;Generacion X;40758;Badajoz;1,561;50;0;319;0,5
CLI3174;M;Si;43;No;Otros;+20annos;Medio;4;1981;Millennials;107828;ilava;0,755;30;0;578;4
CLI3175;F;Si;57;Si;Otros;+20annos;Bajo;2;1967;Generacion X;118524;Burgos;1,052;50;0;347;0,5
CLI3176;F;No;31;No;Funcionario;<10annos;Bajo;4;1993;Millennials;20219;Zaragoza;1,905;30;0;119;
CLI3177;M;Si;47;Si;Artista;+20annos;Medio;2;1977;Generacion X;80557;Soria;0,857;50;0;319;0,5
CLI3178;M;Si;85;Si;Artista;+20annos;Alto;2;1939;Generacion Silenciosa;87136;Ceuta;1,326;50;1;251;
CLI3179;F;No;46;Si;Artista;+20annos;Bajo;1;1978;Generacion X;39270;Valencia;1,228;50;0;521;1
CLI3180;M;No;34;Si;Funcionario;10-20annos;Bajo;4;1990;Millennials;21799;Caceres;0,847;30;0;581;4
CLI3181;M;No;23;No;Medico;<10annos;Bajo;4;2001;Generacion Z;19264;Huesca;1,443;30;0;474;3
CLI3182;F;No;94;Si;Servicios;+20annos;Bajo;3;1930;Generacion Silenciosa;32422;Malaga;1,209;30;0;64;
CLI3183;M;No;29;Si;Artista;<10annos;Bajo;2;1995;Millennials;18226;Ceuta;1,374;30;0;294;
CLI3184;F;No;39;Si;Artista;10-20annos;Bajo;1;1985;Millennials;22253;Melilla;0,755;30;0;412;3
CLI3185;F;Si;84;Si;Artista;+20annos;Alto;2;1940;Generacion Silenciosa;46714;Caceres;0,603;50;1;395;3
CLI3186;F;No;41;No;Construccion;10-20annos;Bajo;1;1983;Millennials;113693;Almeri­a;1,123;120;0;227;
CLI3187;M;No;36;No;Medico;10-20annos;Bajo;4;1988;Millennials;21717;Madrid;0,824;30;0;152;
CLI3188;M;Si;57;No;Medico;+20annos;Medio;4;1967;Generacion X;123851;Granada;1,326;200;0;495;3
CLI3189;F;Si;44;Si;Artista;+20annos;Bajo;1;1980;Generacion X;90803;Teruel;1,445;50;0;507;1
CLI3190;M;No;87;No;Servicios;+20annos;Bajo;1;1937;Generacion Silenciosa;46005;Granada;1,267;30;0;521;4
CLI3191;M;No;52;Si;Ingeniero;+20annos;Bajo;3;1972;Generacion X;108686;ilava;1,306;80;0;270;
CLI3192;F;Si;86;No;Otros;+20annos;Medio;2;1938;Generacion Silenciosa;22669;Zamora;1,17;30;0;313;0,5
CLI3193;M;Si;55;Si;Ejecutivo;+20annos;Alto;4;1969;Generacion X;116362;Las Palmas;0,837;80;1;260;
CLI3194;F;Si;51;Si;Artista;+20annos;Medio;2;1973;Generacion X;65166;Ceuta;1,17;50;0;272;
CLI3195;M;Si;52;Si;Construccion;+20annos;Bajo;1;1972;Generacion X;39722;Gerona;0,681;50;0;342;0,5
CLI3196;F;No;41;No;Artista;10-20annos;Bajo;2;1983;Millennials;110710;Gerona;1,491;120;0;508;4
CLI3197;F;Si;39;No;Artista;10-20annos;Bajo;2;1985;Millennials;28131;Valladolid;1,652;30;1;245;
CLI3198;M;Si;56;No;Ejecutivo;+20annos;Medio;3;1968;Generacion X;120402;ilava;1,404;200;1;268;
CLI3199;F;No;56;Si;Artista;+20annos;Bajo;1;1968;Generacion X;76594;Granada;1,424;50;0;180;
CLI3200;F;Si;78;Si;Servicios;+20annos;Alto;2;1946;Generacion X;127154;Gerona;1,482;50;0;438;1
CLI3201;M;Si;88;No;Servicios;+20annos;Bajo;1;1936;Generacion Silenciosa;25262;Las Palmas;1,17;30;0;107;
CLI3202;M;Si;85;No;Servicios;+20annos;Bajo;1;1939;Generacion Silenciosa;68374;Jaen;0,818;30;1;295;
CLI3203;M;Si;66;Si;Artista;+20annos;Bajo;3;1958;Generacion X;102063;La Rioja;15,215;80;0;356;0,5
CLI3204;F;Si;58;Si;Artista;+20annos;Medio;3;1966;Generacion X;50542;ivila;15,215;30;0;227;
CLI3205;F;Si;47;Si;Medico;+20annos;Bajo;1;1977;Generacion X;110926;Melilla;0,603;50;0;334;0,5
CLI3206;F;Si;54;No;Servicios;+20annos;Bajo;2;1970;Generacion X;76280;Burgos;1,502;120;0;169;
CLI3207;M;No;33;No;Funcionario;10-20annos;Bajo;3;1991;Millennials;19584;La Rioja;1,859;30;0;583;4
CLI3208;M;Si;46;No;Ejecutivo;+20annos;Medio;2;1978;Generacion X;87657;Alicante;1,502;120;0;535;4
CLI3209;F;Si;68;Si;Artista;+20annos;Bajo;4;1956;Generacion X;64247;Zaragoza;1,658;80;0;443;1
CLI3210;M;;24;No;Funcionario;<10annos;Alto;1;2000;Generacion Z;14955;Toledo;1,685;30;0;433;3
CLI3211;F;Si;53;Si;Artista;+20annos;Medio;2;1971;Generacion X;36107;Zamora;1,189;50;0;311;0,5
CLI3212;M;Si;73;Si;Servicios;+20annos;Bajo;1;1951;Generacion X;113352;Ceuta;0,818;50;0;359;0,5
CLI3213;M;Si;28;No;Ejecutivo;<10annos;Alto;3;1996;Millennials;22593;ivila;2,306;30;0;368;3
CLI3214;M;No;29;Si;Funcionario;<10annos;Bajo;5;1995;Millennials;28614;Las Palmas;14,775;30;0;198;
CLI3215;M;Si;46;Si;Ejecutivo;+20annos;Alto;4;1978;Generacion X;84585;Cuenca;15,215;80;0;309;0,5
CLI3216;M;Si;57;Si;Funcionario;+20annos;Medio;4;1967;Generacion X;47920;Palencia;0,661;30;0;143;
CLI3217;F;No;20;No;Funcionario;<10annos;Bajo;4;2004;Generacion Z;16884;Pontevedra;1,098;30;1;216;
CLI3218;F;Si;64;Si;Artista;+20annos;Medio;2;1960;Generacion X;48078;Teruel;1,697;50;0;498;3
CLI3219;M;Si;41;Si;Servicios;10-20annos;Medio;4;1983;Millennials;41869;Granada;1,445;30;0;588;4
CLI3220;M;Si;43;No;Ejecutivo;+20annos;Alto;5;1981;Millennials;119148;Huesca;1,514;30;1;264;
CLI3221;M;Si;21;No;Ejecutivo;<10annos;Alto;3;2003;Generacion Z;13610;Burgos;2,789;30;1;111;
CLI3222;F;Si;51;No;Ingeniero;+20annos;Medio;1;1973;Generacion X;96921;Alicante;1,052;120;0;471;3
CLI3223;M;Si;75;Si;Servicios;+20annos;Alto;2;1949;Generacion X;108563;Las Palmas;1,619;50;1;377;3
CLI3224;M;Si;45;No;Artista;+20annos;Medio;2;1979;Generacion X;129591;Cuenca;1,744;120;0;280;
CLI3225;M;No;28;Si;Funcionario;<10annos;Bajo;1;1996;Millennials;29914;Segovia;2,202;30;1;177;
CLI3226;M;Si;55;No;Artista;+20annos;Medio;5;1969;Generacion X;102913;Granada;1,15;30;0;228;
CLI3227;F;Si;33;No;Artista;10-20annos;Medio;2;1991;Millennials;28995;ivila;1,445;30;1;215;
CLI3228;M;Si;65;Si;Artista;+20annos;Bajo;1;1959;Generacion X;71443;Melilla;1,6;50;0;595;1
CLI3229;F;Si;57;Si;Artista;+20annos;Medio;4;1967;Generacion X;122896;Zaragoza;0,974;80;1;142;
CLI3230;M;No;34;No;Medico;10-20annos;Bajo;7;1990;Millennials;31347;Caceres;0,939;30;0;358;0,5
CLI3231;M;Si;88;Si;Servicios;+20annos;Bajo;1;1936;Generacion Silenciosa;24815;Orense;1,561;30;0;38;
CLI3232;M;Si;56;Si;Artista;+20annos;Medio;4;1968;Generacion X;57196;ivila;0,583;80;0;183;
CLI3233;F;Si;43;Si;Artista;+20annos;Medio;4;1981;Millennials;71870;Palencia;0,801;30;0;241;
CLI3234;M;No;32;Si;Medico;10-20annos;Bajo;4;1992;Millennials;28813;Tarragona;1,859;30;0;181;
CLI3235;M;No;25;No;Funcionario;<10annos;Bajo;5;1999;Generacion Z;19842;LLeida;1,719;30;0;470;3
CLI3236;F;Si;58;Si;Artista;+20annos;Medio;5;1966;Generacion X;30840;Baleares;1,033;30;0;452;3
CLI3237;M;Si;36;Si;Ejecutivo;10-20annos;Alto;9;1988;Millennials;27722;Lugo;0,985;30;1;328;0,5
CLI3238;M;Si;76;Si;Servicios;+20annos;Alto;4;1948;Generacion X;65478;Segovia;1,033;80;1;277;
CLI3239;F;No;36;No;Medico;10-20annos;Bajo;3;1988;Millennials;21176;Cuenca;1,192;30;0;351;0,5
CLI3240;F;Si;57;Si;Ingeniero;+20annos;Medio;3;1967;Generacion X;42867;Baleares;0,994;30;0;419;3
CLI3241;F;Si;53;No;Ejecutivo;+20annos;Medio;3;1971;Generacion X;41063;Zamora;1,678;30;1;148;
CLI3242;M;Si;31;No;Medico;<10annos;Bajo;2;1993;Millennials;19781;Las Palmas;1,583;30;0;543;4
CLI3243;F;No;32;Si;Artista;10-20annos;Bajo;1;1992;Millennials;31473;Santa Cruz de Tenerife;0,916;30;1;213;
CLI3244;F;Si;52;Si;Artista;+20annos;Bajo;1;1972;Generacion X;87988;Tarragona;1,072;50;0;346;0,5
CLI3245;F;No;44;No;Medico;+20annos;Bajo;6;1980;Generacion X;36163;Sevilla;1,284;30;0;238;
CLI3246;M;Si;79;No;Servicios;+20annos;Alto;2;1945;Generacion Silenciosa;116522;Burgos;0,876;120;0;312;0,5
CLI3247;F;Si;69;No;Artista;+20annos;Medio;4;1955;Generacion X;83009;Cuenca;1,6;30;1;162;
CLI3248;M;No;30;Si;Otros;<10annos;Bajo;4;1994;Millennials;26717;La Corui±a;1,974;30;1;310;0,5
CLI3249;F;Si;42;No;Medico;+20annos;Medio;5;1982;Millennials;122641;Baleares;1,514;200;0;566;4
CLI3250;M;Si;65;Si;Artista;+20annos;Alto;4;1959;Generacion X;30898;Ceuta;0,955;30;0;310;0,5
CLI3251;M;Si;42;Si;Medico;+20annos;Medio;3;1982;Millennials;109385;Teruel;1,353;30;0;269;
CLI3252;F;No;24;No;Medico;<10annos;Bajo;4;2000;Generacion Z;15454;Gerona;1,443;30;0;432;3
CLI3253;F;No;28;No;Medico;<10annos;Bajo;4;1996;Millennials;30946;Zaragoza;2,409;30;1;376;3
CLI3254;M;Si;54;Si;Artista;+20annos;Bajo;1;1970;Generacion X;68127;Baleares;1,346;50;1;267;
CLI3255;M;Si;50;Si;Artista;+20annos;Medio;2;1974;Generacion X;53904;La Corui±a;0,935;50;0;235;
CLI3256;M;No;23;No;Negocios/empresa;<10annos;Bajo;3;2001;Generacion Z;19063;Almeri­a;1,581;30;0;441;3
CLI3257;F;No;29;No;Ingeniero;<10annos;Bajo;3;1995;Millennials;20200;Ceuta;2,03;30;1;125;
CLI3258;F;Si;57;Si;Artista;+20annos;Medio;4;1967;Generacion X;36838;Granada;0,896;30;0;240;
CLI3259;M;No;30;Si;Otros;<10annos;Bajo;5;1994;Millennials;21641;Valencia;1,284;30;0;334;0,5
CLI3260;M;No;35;No;Funcionario;10-20annos;Bajo;4;1989;Millennials;20933;Barcelona;1,261;30;0;279;
CLI3261;F;Si;98;Si;Servicios;+20annos;Alto;2;1926;Generacion Silenciosa;90477;Ceuta;1,756;50;0;214;
CLI3262;M;Si;43;Si;Artista;+20annos;Medio;2;1981;Millennials;60879;Teruel;1,1;50;0;361;0,5
CLI3263;F;Si;45;Si;Artista;+20annos;Medio;3;1979;Generacion X;110491;Navarra;1,307;30;1;262;
CLI3264;M;No;29;Si;Funcionario;<10annos;Bajo;3;1995;Millennials;22225;Valencia;2,892;30;0;582;4
CLI3265;M;Si;50;Si;Artista;+20annos;Bajo;2;1974;Generacion X;124972;Alicante;1,326;50;0;558;1
CLI3266;F;No;44;Si;Otros;+20annos;Bajo;1;1980;Generacion X;57768;Badajoz;1,307;50;0;259;
CLI3267;F;No;29;Si;Artista;<10annos;Bajo;2;1995;Millennials;20355;Toledo;2,133;30;1;394;3
CLI3268;F;No;69;Si;Funcionario;+20annos;Bajo;1;1955;Generacion X;104637;Madrid;0,955;50;0;495;3
CLI3269;F;No;44;No;Otros;+20annos;Bajo;4;1980;Generacion X;39572;Jaen;1,445;30;0;219;
CLI3270;M;No;58;Si;Otros;+20annos;Bajo;1;1966;Generacion X;58222;Caceres;1,267;50;0;323;0,5
CLI3271;F;No;45;Si;Medico;+20annos;Bajo;1;1979;Generacion X;33280;Cordoba;1,997;30;0;173;
CLI3272;F;Si;85;No;Servicios;+20annos;Alto;2;1939;Generacion Silenciosa;55784;Huelva;1,502;30;0;230;
CLI3273;F;No;35;No;Servicios;10-20annos;Bajo;4;1989;Millennials;22178;Ciudad Real;1,882;30;0;309;0,5
CLI3274;M;Si;33;Si;Artista;10-20annos;Bajo;1;1991;Millennials;23180;Huesca;1,859;30;1;109;
CLI3275;F;Si;66;Si;Ingeniero;+20annos;Medio;4;1958;Generacion X;128509;Almeri­a;0,915;80;0;563;4
CLI3276;F;Si;65;Si;Otros;+20annos;Medio;2;1959;Generacion X;79895;ivila;1,111;50;0;481;3
CLI3277;M;Si;79;No;Otros;+20annos;Medio;3;1945;Generacion Silenciosa;88121;La Corui±a;1,424;30;1;136;
CLI3278;M;No;69;Si;Artista;+20annos;Bajo;1;1955;Generacion X;99055;Cuenca;0,642;50;1;159;
CLI3279;F;No;46;Si;Artista;+20annos;Bajo;2;1978;Generacion X;28957;Huesca;1,619;30;0;544;1
CLI3280;M;Si;58;No;Ejecutivo;+20annos;Alto;2;1966;Generacion X;97127;Zamora;1,502;120;0;470;3
CLI3281;M;Si;89;No;Ejecutivo;+20annos;Alto;2;1935;Generacion Silenciosa;106665;Alicante;0,896;120;1;108;
CLI3282;F;Si;84;Si;Servicios;+20annos;Alto;3;1940;Generacion Silenciosa;112174;Caceres;1,6;80;0;527;1
CLI3283;F;No;44;Si;Otros;+20annos;Bajo;1;1980;Generacion X;107544;Caceres;1,675;50;0;192;
CLI3284;F;No;31;No;Funcionario;<10annos;Bajo;2;1993;Millennials;25485;Cordoba;1,1;30;0;180;
CLI3285;M;No;30;Si;Medico;<10annos;Bajo;2;1994;Millennials;23513;ivila;1,652;30;0;335;0,5
CLI3286;F;No;45;Si;Ingeniero;+20annos;Bajo;1;1979;Generacion X;70449;Zaragoza;1,215;50;0;383;3
CLI3287;M;No;32;Si;Otros;10-20annos;Bajo;1;1992;Millennials;27413;Valencia;1,928;30;0;332;0,5
CLI3288;M;No;47;Si;Artista;+20annos;Bajo;1;1977;Generacion X;118941;Albacete;1,072;50;0;471;3
CLI3289;M;Si;63;Si;Otros;+20annos;Medio;4;1961;Generacion X;67119;Lugo;1,697;80;0;540;4
CLI3290;F;No;34;No;Funcionario;10-20annos;Bajo;1;1990;Millennials;25380;La Corui±a;0,778;30;1;184;
CLI3291;M;No;75;Si;Servicios;+20annos;Bajo;1;1949;Generacion X;91929;Jaen;0,759;50;0;130;
CLI3292;M;Si;51;No;Ejecutivo;+20annos;Alto;4;1973;Generacion X;65742;Sevilla;0,583;30;0;523;4
CLI3293;M;No;35;No;Funcionario;10-20annos;Bajo;4;1989;Millennials;20755;Guipiºzcoa;0,893;30;0;586;4
CLI3294;M;Si;56;Si;Artista;+20annos;Medio;3;1968;Generacion X;50662;Guipiºzcoa;1,639;30;1;261;
CLI3295;M;No;21;No;Funcionario;<10annos;Bajo;4;2003;Generacion Z;16433;Palencia;2,03;30;0;515;4
CLI3296;F;No;29;;Funcionario;<10annos;Bajo;4;1995;Millennials;18458;Huesca;1,857;30;0;106;
CLI3297;F;No;35;Si;Funcionario;10-20annos;Bajo;5;1989;Millennials;21865;Jaen;1,859;30;1;111;
CLI3298;M;Si;68;Si;Medico;+20annos;Alto;2;1956;Generacion X;102175;Santa Cruz de Tenerife;1,209;50;1;255;
CLI3299;M;Si;52;Si;Artista;+20annos;Medio;2;1972;Generacion X;31763;Palencia;1,404;30;0;589;4
CLI3300;M;Si;31;Si;Construccion;<10annos;Medio;2;1993;Millennials;26779;Leon;1,399;30;0;83;
CLI3301;F;No;53;No;Otros;+20annos;Bajo;1;1971;Generacion X;50468;Navarra;1,58;30;1;170;
CLI3302;M;Si;67;Si;Otros;+20annos;Medio;2;1957;Generacion X;98252;Huesca;0,915;50;0;244;
CLI3303;F;No;28;No;Negocios/empresa;<10annos;Bajo;4;1996;Millennials;21228;Teruel;2,789;30;0;46;
CLI3304;M;Si;81;Si;Servicios;+20annos;Alto;2;1943;Generacion Silenciosa;108948;Almeri­a;0,935;50;1;108;
CLI3305;M;Si;42;No;Artista;+20annos;Bajo;2;1982;Millennials;128907;Toledo;1,583;120;0;297;
CLI3306;M;Si;31;Si;Funcionario;<10annos;Alto;2;1993;Millennials;23010;LLeida;1,215;30;0;436;3
CLI3307;F;;30;No;Ingeniero;<10annos;Bajo;1;1994;Millennials;22187;Burgos;1,215;30;0;110;
CLI3308;M;Si;62;Si;Ejecutivo;+20annos;Alto;4;1962;Generacion X;75986;Valencia;0,955;80;1;317;0,5
CLI3309;M;No;28;No;Negocios/empresa;<10annos;Bajo;3;1996;Millennials;31619;Segovia;0,995;30;1;284;
CLI3310;F;No;41;Si;Artista;10-20annos;Bajo;2;1983;Millennials;88631;Palencia;1,261;50;1;314;0,5
CLI3311;F;Si;55;Si;Medico;+20annos;Medio;2;1969;Generacion X;90044;Valencia;0,74;50;0;222;
CLI3312;F;Si;53;Si;Artista;+20annos;Bajo;1;1971;Generacion X;119381;Leon;1,287;50;0;579;1
CLI3313;M;No;53;Si;Artista;+20annos;Bajo;1;1971;Generacion X;97401;Baleares;0,915;50;0;251;
CLI3314;M;Si;53;Si;Artista;+20annos;Alto;4;1971;Generacion X;22887;Navarra;0,837;30;1;260;
CLI3315;M;Si;43;Si;Artista;+20annos;Medio;2;1981;Millennials;47985;Jaen;1,261;50;0;541;4
CLI3316;M;Si;40;Si;Artista;10-20annos;Medio;2;1984;Millennials;21049;Zaragoza;1,169;30;1;193;
CLI3317;M;Si;69;Si;Artista;+20annos;Bajo;1;1955;Generacion X;82782;LLeida;1,385;50;0;333;0,5
CLI3318;M;Si;40;Si;Artista;10-20annos;Medio;4;1984;Millennials;79979;Malaga;1,583;30;0;396;3
CLI3319;M;Si;41;Si;Artista;10-20annos;Bajo;2;1983;Millennials;53709;Caceres;1,721;50;0;288;
CLI3320;M;No;46;Si;Otros;+20annos;Bajo;3;1978;Generacion X;36230;Leon;1,737;30;1;219;
CLI3321;M;Si;43;No;Medico;+20annos;Alto;2;1981;Millennials;62302;Guipiºzcoa;1,169;30;0;96;
CLI3322;F;No;31;No;Ejecutivo;<10annos;Bajo;1;1993;Millennials;22492;ivila;0,732;30;1;260;
CLI3323;M;Si;44;Si;Funcionario;+20annos;Bajo;1;1980;Generacion X;111293;Lugo;1,744;50;0;337;0,5
CLI3324;F;Si;97;Si;Servicios;+20annos;Bajo;2;1927;Generacion Silenciosa;98897;LLeida;0,974;50;1;293;
CLI3325;M;Si;63;Si;Ejecutivo;+20annos;Alto;2;1961;Generacion X;33695;Salamanca;0,857;30;1;323;0,5
CLI3326;F;Si;56;Si;Artista;+20annos;Medio;3;1968;Generacion X;73124;Salamanca;0,857;80;0;507;4
CLI3327;F;;47;No;Ingeniero;+20annos;Medio;5;1977;Generacion X;89177;Orense;1,6;30;1;133;
CLI3328;F;No;31;No;Negocios/empresa;<10annos;Bajo;4;1993;Millennials;30379;Huelva;2,043;30;0;526;4
CLI3329;F;Si;46;No;Construccion;+20annos;Medio;4;1978;Generacion X;121125;Guipiºzcoa;0,955;200;0;465;3
CLI3330;M;No;20;No;Funcionario;<10annos;Bajo;7;2004;Generacion Z;18513;Santa Cruz de Tenerife;14,775;30;0;553;4
CLI3331;F;No;30;No;Ingeniero;<10annos;Bajo;2;1994;Millennials;20017;LLeida;0,962;30;0;181;
CLI3332;F;Si;68;Si;Artista;+20annos;Medio;3;1956;Generacion X;100783;Almeri­a;1,6;80;0;569;4
CLI3333;M;Si;75;No;Artista;+20annos;Bajo;1;1949;Generacion X;61907;Gerona;1,756;30;0;579;4
CLI3334;M;Si;46;Si;Otros;+20annos;Medio;2;1978;Generacion X;109963;Las Palmas;1,346;50;0;257;
CLI3335;M;No;20;No;Funcionario;<10annos;Bajo;4;2004;Generacion Z;23005;Palencia;2,409;30;0;403;3
CLI3336;M;Si;51;Si;Artista;+20annos;Bajo;2;1973;Generacion X;111549;Ceuta;0,564;50;1;304;0,5
CLI3337;F;Si;53;Si;Artista;+20annos;Alto;4;1971;Generacion X;32976;ivila;1,013;30;0;161;
CLI3338;M;Si;39;Si;Otros;10-20annos;Bajo;2;1985;Millennials;27669;Orense;0,985;30;0;171;
CLI3339;M;Si;62;Si;Otros;+20annos;Medio;2;1962;Generacion X;107374;Baleares;0,583;50;0;597;4
CLI3340;F;Si;97;Si;Servicios;+20annos;Bajo;1;1927;Generacion Silenciosa;123084;Burgos;1,189;50;0;269;
CLI3341;M;Si;28;No;Ingeniero;<10annos;Medio;3;1996;Millennials;31730;Cadiz;1,098;30;0;302;0,5
CLI3342;F;Si;47;Si;Medico;+20annos;Bajo;1;1977;Generacion X;112382;Huelva;1,209;50;0;492;3
CLI3343;M;No;28;No;Funcionario;<10annos;Bajo;4;1996;Millennials;28163;Malaga;1,616;30;1;101;
CLI3344;F;Si;86;No;Servicios;+20annos;Bajo;1;1938;Generacion Silenciosa;111919;Cuenca;0,583;120;0;110;
CLI3345;F;Si;58;Si;Artista;+20annos;Medio;6;1966;Generacion X;79736;Palencia;0,935;30;0;70;
CLI3346;M;Si;36;Si;Medico;10-20annos;Medio;2;1988;Millennials;31493;Valencia;1,376;30;0;210;
CLI3347;M;No;54;Si;Artista;+20annos;Bajo;1;1970;Generacion X;67079;Navarra;0,681;50;0;231;
CLI3348;F;No;34;Si;Funcionario;10-20annos;Bajo;4;1990;Millennials;20571;Barcelona;1,307;30;1;186;
CLI3349;M;Si;72;Si;Medico;+20annos;Bajo;1;1952;Generacion X;122150;Huelva;1,756;50;0;163;
CLI3350;M;Si;56;Si;Otros;+20annos;Medio;2;1968;Generacion X;84641;Navarra;1,267;50;1;377;3
CLI3351;M;No;21;No;Medico;<10annos;Bajo;2;2003;Generacion Z;14815;Ciudad Real;1,374;30;0;440;3
CLI3352;M;Si;45;Si;Artista;+20annos;Medio;3;1979;Generacion X;115888;Albacete;1,1;30;0;572;4
CLI3353;F;No;63;Si;Medico;+20annos;Bajo;2;1961;Generacion X;106524;Cuenca;1,17;50;0;384;3
CLI3354;F;Si;39;Si;Artista;10-20annos;Medio;2;1985;Millennials;31454;LLeida;1,238;30;1;289;
CLI3355;F;No;44;No;Ingeniero;+20annos;Bajo;1;1980;Generacion X;22689;Leon;2,066;30;0;345;0,5
CLI3356;M;No;29;Si;Funcionario;<10annos;Bajo;5;1995;Millennials;24630;Barcelona;1,167;30;0;182;
CLI3357;M;Si;95;Si;Servicios;+20annos;Bajo;2;1929;Generacion Silenciosa;65809;Burgos;1,248;50;0;514;1
CLI3358;M;Si;57;Si;Artista;+20annos;Medio;2;1967;Generacion X;28268;Jaen;1,326;30;0;249;
CLI3359;F;Si;55;Si;Ingeniero;+20annos;Medio;2;1969;Generacion X;86003;Salamanca;1,424;50;1;241;
CLI3360;M;Si;90;No;Servicios;+20annos;Alto;2;1934;Generacion Silenciosa;39883;Guipiºzcoa;0,857;30;1;140;
CLI3361;M;Si;45;Si;Artista;+20annos;Medio;2;1979;Generacion X;26422;Madrid;2,043;30;0;134;
CLI3362;M;Si;40;Si;Otros;10-20annos;Medio;2;1984;Millennials;79076;Guadalajara;1,215;50;0;584;4
CLI3363;M;Si;24;No;Medico;<10annos;Alto;9;2000;Generacion Z;18293;Granada;2,409;30;0;69;
CLI3364;F;;25;No;Funcionario;<10annos;Bajo;7;1999;Generacion Z;23520;Cordoba;2,651;30;0;464;3
CLI3365;F;No;30;No;Ingeniero;<10annos;Bajo;4;1994;Millennials;26476;Burgos;1,077;30;1;327;0,5
CLI3366;F;No;83;Si;Servicios;+20annos;Bajo;2;1941;Generacion Silenciosa;107014;ivila;0,642;50;1;195;
CLI3367;M;No;35;Si;Funcionario;10-20annos;Bajo;3;1989;Millennials;22501;Almeri­a;1,514;30;0;489;3
CLI3368;F;Si;56;Si;Artista;+20annos;Medio;2;1968;Generacion X;104235;Gerona;1,385;50;0;409;3
CLI3369;F;Si;64;Si;Artista;+20annos;Medio;4;1960;Generacion X;109945;Soria;0,583;80;1;214;
CLI3370;F;Si;55;Si;Artista;+20annos;Medio;2;1969;Generacion X;88729;Lugo;1,189;50;1;188;
CLI3371;M;Si;61;Si;Construccion;+20annos;Medio;4;1963;Generacion X;86601;Valladolid;0,779;80;1;296;
CLI3372;F;No;33;No;Ingeniero;10-20annos;Bajo;1;1991;Millennials;30220;Malaga;1,1;30;0;288;
CLI3373;M;No;32;Si;Artista;10-20annos;Bajo;1;1992;Millennials;28304;Valencia;1,422;30;1;118;
CLI3374;F;Si;76;Si;Artista;+20annos;Medio;2;1948;Generacion X;63057;Palencia;1,072;50;0;539;4
CLI3375;F;Si;45;No;Negocios/empresa;+20annos;Alto;5;1979;Generacion X;37042;Alicante;1,859;30;0;207;
CLI3376;M;Si;52;No;Ejecutivo;+20annos;Alto;5;1972;Generacion X;99928;Segovia;1,561;30;0;357;0,5
CLI3377;M;Si;84;Si;Servicios;+20annos;Bajo;1;1940;Generacion Silenciosa;118788;Murcia;1,111;50;0;253;
CLI3378;M;No;23;No;Funcionario;<10annos;Bajo;3;2001;Generacion Z;18232;Segovia;1,995;30;0;200;
CLI3379;F;No;33;Si;Artista;10-20annos;Bajo;1;1991;Millennials;19067;Tarragona;0,732;30;1;359;0,5
CLI3380;M;Si;39;Si;Otros;10-20annos;Medio;2;1985;Millennials;29288;Gerona;0,755;30;0;485;3
CLI3381;M;No;36;Si;Artista;10-20annos;Bajo;5;1988;Millennials;18838;La Corui±a;1,284;30;0;187;
CLI3382;M;No;28;No;Ingeniero;<10annos;Bajo;3;1996;Millennials;27664;ilava;2,823;30;1;259;
CLI3383;F;No;34;Si;Funcionario;10-20annos;Bajo;4;1990;Millennials;23692;Lugo;1,146;30;0;573;4
CLI3384;F;Si;28;No;Ingeniero;<10annos;Medio;5;1996;Millennials;30267;Navarra;1,167;30;1;365;
CLI3385;F;Si;42;Si;Artista;+20annos;Bajo;3;1982;Millennials;60033;ivila;1,215;30;1;183;
CLI3386;M;Si;62;Si;Artista;+20annos;Bajo;2;1962;Generacion X;43583;Sevilla;1,561;50;0;326;0,5
CLI3387;F;No;23;No;Funcionario;<10annos;Bajo;3;2001;Generacion Z;17392;Leon;2,202;30;1;203;
CLI3388;F;Si;52;Si;Otros;+20annos;Bajo;2;1972;Generacion X;80120;ilava;1,541;50;0;401;1
CLI3389;M;Si;57;Si;Ejecutivo;+20annos;Medio;6;1967;Generacion X;119473;Guipiºzcoa;1,658;30;1;157;
CLI3390;F;Si;69;Si;Artista;+20annos;Alto;3;1955;Generacion X;124207;Barcelona;1,541;80;1;326;0,5
CLI3391;F;Si;43;No;Artista;+20annos;Alto;3;1981;Millennials;24402;Orense;1,192;30;0;174;
CLI3392;F;No;22;No;Funcionario;<10annos;Bajo;1;2002;Generacion Z;18461;Navarra;2,444;30;1;313;0,5
CLI3393;M;No;23;No;Funcionario;<10annos;Bajo;4;2001;Generacion Z;20760;Santa Cruz de Tenerife;1,236;30;0;518;4
CLI3394;M;Si;46;Si;Otros;+20annos;Bajo;5;1978;Generacion X;68680;Palencia;0,896;30;0;481;3
CLI3395;M;No;42;No;Medico;+20annos;Bajo;5;1982;Millennials;103981;Ceuta;1,1;30;0;161;
CLI3396;F;No;47;Si;Funcionario;+20annos;Bajo;1;1977;Generacion X;91804;Las Palmas;0,896;50;0;263;
CLI3397;F;No;31;No;Construccion;<10annos;Bajo;1;1993;Millennials;30578;Malaga;1,997;30;1;199;
CLI3398;M;No;23;No;Funcionario;<10annos;Bajo;4;2001;Generacion Z;23331;Albacete;2,892;30;0;451;3
CLI3399;M;Si;55;Si;Artista;+20annos;Medio;2;1969;Generacion X;81757;Segovia;1,033;50;0;75;
CLI3400;M;Si;79;Si;Otros;+20annos;Medio;2;1945;Generacion Silenciosa;55591;Guadalajara;0,837;50;0;354;0,5
CLI3401;M;No;28;No;Funcionario;<10annos;Bajo;5;1996;Millennials;29928;Huesca;0,995;30;0;36;
CLI3402;M;Si;64;Si;Artista;+20annos;Alto;2;1960;Generacion X;53721;Navarra;1,482;50;1;339;0,5
CLI3403;F;Si;41;Si;Artista;10-20annos;Alto;3;1983;Millennials;27718;Gerona;1,56;30;1;242;
CLI3404;M;No;25;No;Funcionario;<10annos;Bajo;5;1999;Generacion Z;24131;Vizcaya;1,029;30;0;275;
CLI3405;M;;89;No;Ejecutivo;+20annos;Alto;2;1935;Generacion Silenciosa;32304;Soria;0,994;30;0;364;0,5
CLI3406;F;No;25;No;Funcionario;<10annos;Bajo;3;1999;Generacion Z;30856;Murcia;14,775;30;0;421;3
CLI3407;M;Si;85;No;Servicios;+20annos;Alto;2;1939;Generacion Silenciosa;55450;Vizcaya;0,779;30;1;398;3
CLI3408;F;No;36;No;Medico;10-20annos;Bajo;2;1988;Millennials;21226;Cuenca;0,916;30;0;142;
CLI3409;M;Si;39;Si;Otros;10-20annos;Medio;3;1985;Millennials;28875;Guipiºzcoa;1,767;30;0;334;0,5
CLI3410;M;No;28;No;Funcionario;<10annos;Bajo;3;1996;Millennials;20761;La Rioja;1,857;30;0;130;
CLI3411;M;No;24;No;Funcionario;<10annos;Bajo;3;2000;Generacion Z;18099;Teruel;2,789;30;1;297;
CLI3412;F;Si;46;Si;Ingeniero;+20annos;Alto;4;1978;Generacion X;32529;Albacete;1,717;30;0;459;1
CLI3413;F;No;28;No;Ejecutivo;<10annos;Bajo;3;1996;Millennials;20100;ivila;2,202;30;0;395;3
CLI3414;M;No;36;No;Funcionario;10-20annos;Bajo;5;1988;Millennials;26742;Zamora;1,767;30;0;250;
CLI3415;M;Si;56;Si;Otros;+20annos;Medio;5;1968;Generacion X;59943;Pontevedra;1,482;30;0;210;
CLI3416;F;No;34;No;Negocios/empresa;10-20annos;Bajo;4;1990;Millennials;20827;Zaragoza;0,709;30;0;534;4
CLI3417;F;No;35;No;Otros;10-20annos;Bajo;5;1989;Millennials;30985;Soria;1,56;30;0;90;
CLI3418;M;No;35;No;Medico;10-20annos;Bajo;1;1989;Millennials;25229;Teruel;1,399;30;1;252;
CLI3419;F;No;50;No;Negocios/empresa;+20annos;Bajo;1;1974;Generacion X;63551;ivila;0,564;30;0;405;3
CLI3420;M;No;41;Si;Ingeniero;10-20annos;Bajo;3;1983;Millennials;67290;La Corui±a;1,698;30;1;288;
CLI3421;F;No;25;No;Funcionario;<10annos;Bajo;4;1999;Generacion Z;22530;Ciudad Real;2,616;30;1;160;
CLI3422;F;No;57;Si;Artista;+20annos;Bajo;1;1967;Generacion X;50019;Granada;1,385;50;1;281;
CLI3423;F;Si;46;No;Ingeniero;+20annos;Medio;2;1978;Generacion X;99727;Cuenca;1,443;120;0;596;4
CLI3424;M;Si;65;Si;Ejecutivo;+20annos;Alto;5;1959;Generacion X;38407;Alicante;0,583;30;1;146;
CLI3425;F;Si;73;Si;Artista;+20annos;Medio;3;1951;Generacion X;103841;Las Palmas;1,678;80;0;599;4
CLI3426;M;Si;87;;Servicios;+20annos;Bajo;1;1937;Generacion Silenciosa;92739;Zaragoza;0,818;120;0;426;3
CLI3427;F;Si;57;Si;Ingeniero;+20annos;Medio;4;1967;Generacion X;45982;Toledo;0,896;30;0;378;3
CLI3428;M;Si;52;Si;Ejecutivo;+20annos;Alto;5;1972;Generacion X;22846;Sevilla;1,15;30;0;140;
CLI3429;M;Si;46;Si;Artista;+20annos;Medio;3;1978;Generacion X;102081;Guipiºzcoa;1,717;80;0;473;3
CLI3430;M;Si;53;Si;Artista;+20annos;Medio;4;1971;Generacion X;123200;Huesca;1,15;80;0;540;4
CLI3431;M;Si;92;No;Servicios;+20annos;Alto;2;1932;Generacion Silenciosa;33263;Ceuta;1,306;30;1;173;
CLI3432;F;No;43;Si;Artista;+20annos;Bajo;1;1981;Millennials;49039;Ceuta;1,652;50;1;155;
CLI3433;M;Si;67;No;Negocios/empresa;+20annos;Alto;2;1957;Generacion X;60559;LLeida;0,681;30;0;488;3
CLI3434;F;Si;51;No;Artista;+20annos;Alto;2;1973;Generacion X;119639;Alicante;1,209;120;1;292;
CLI3435;F;Si;36;Si;Ingeniero;10-20annos;Medio;2;1988;Millennials;31742;Barcelona;1,951;30;0;516;4
CLI3436;F;Si;34;Si;Negocios/empresa;10-20annos;Alto;4;1990;Millennials;21505;Cadiz;1,031;30;1;106;
CLI3437;F;Si;45;No;Otros;+20annos;Alto;2;1979;Generacion X;99651;Santa Cruz de Tenerife;1,652;120;0;203;
CLI3438;M;;35;Si;Medico;10-20annos;Medio;2;1989;Millennials;26843;Pontevedra;1,1;30;1;133;
CLI3439;M;Si;73;Si;Servicios;+20annos;Bajo;2;1951;Generacion X;60284;Tarragona;1,482;50;0;229;
CLI3440;M;No;22;No;Funcionario;<10annos;Bajo;4;2002;Generacion Z;12417;Jaen;2,375;30;0;65;
CLI3441;M;Si;47;No;Ingeniero;+20annos;Medio;2;1977;Generacion X;106142;Cadiz;0,603;120;0;239;
CLI3442;M;No;31;No;Otros;<10annos;Bajo;3;1993;Millennials;28452;Zamora;1,767;30;0;34;
CLI3443;F;Si;42;Si;Artista;+20annos;Medio;4;1982;Millennials;53601;Zamora;1,928;30;1;121;
CLI3444;M;Si;46;Si;Funcionario;+20annos;Bajo;2;1978;Generacion X;53117;Barcelona;0,955;50;1;315;0,5
CLI3445;M;Si;56;Si;Artista;+20annos;Bajo;3;1968;Generacion X;126215;Leon;0,837;80;0;339;0,5
CLI3446;M;Si;86;Si;Servicios;+20annos;Bajo;1;1938;Generacion Silenciosa;103567;Huelva;1,404;50;1;287;
CLI3447;M;Si;76;Si;Otros;+20annos;Alto;3;1948;Generacion X;69246;LLeida;1,502;80;1;362;0,5
CLI3448;F;Si;98;Si;Servicios;+20annos;Alto;2;1926;Generacion Silenciosa;23429;La Corui±a;0,681;30;0;488;3
CLI3449;F;Si;52;Si;Funcionario;+20annos;Medio;6;1972;Generacion X;33403;ivila;0,759;30;0;459;3
CLI3450;M;Si;92;Si;Servicios;+20annos;Alto;2;1932;Generacion Silenciosa;116500;Madrid;0,798;50;0;193;
CLI3451;F;Si;64;Si;Servicios;+20annos;Alto;4;1960;Generacion X;123825;Badajoz;0,915;80;0;173;
CLI3452;M;No;23;;Funcionario;<10annos;Bajo;5;2001;Generacion Z;20201;Barcelona;2,996;30;1;131;
CLI3453;F;No;25;No;Ingeniero;<10annos;Bajo;1;1999;Generacion Z;28096;Lugo;3,03;30;0;417;3
CLI3454;M;Si;44;No;Ejecutivo;+20annos;Medio;2;1980;Generacion X;119613;Lugo;2,066;120;1;346;0,5
CLI3455;F;No;21;No;Medico;<10annos;Bajo;3;2003;Generacion Z;19776;Cadiz;2,789;30;0;597;4
CLI3456;F;No;44;Si;Servicios;+20annos;Bajo;1;1980;Generacion X;82835;Toledo;1,882;50;0;256;
CLI3457;F;No;45;Si;Artista;+20annos;Bajo;1;1979;Generacion X;117748;Valladolid;1,284;50;0;537;1
CLI3458;M;Si;57;Si;Funcionario;+20annos;Bajo;2;1967;Generacion X;112838;Albacete;0,818;50;1;109;
CLI3459;M;Si;50;No;Ejecutivo;+20annos;Alto;4;1974;Generacion X;95543;Almeri­a;11,305;30;0;532;4
CLI3460;M;No;36;Si;Artista;10-20annos;Bajo;1;1988;Millennials;18614;Ceuta;1,813;30;0;458;1
CLI3461;M;No;47;Si;Artista;+20annos;Bajo;2;1977;Generacion X;109132;Salamanca;0,779;50;0;209;
CLI3462;M;Si;43;Si;Medico;+20annos;Bajo;2;1981;Millennials;77108;Huelva;1,652;50;0;72;
CLI3463;M;Si;56;Si;Artista;+20annos;Medio;3;1968;Generacion X;89921;Tarragona;1,58;80;0;599;4
CLI3464;M;Si;39;Si;Artista;10-20annos;Alto;3;1985;Millennials;18841;Santa Cruz de Tenerife;2,043;30;1;244;
CLI3465;M;No;41;Si;Ejecutivo;10-20annos;Bajo;1;1983;Millennials;40278;Cadiz;1,744;50;0;477;1
CLI3466;F;No;44;Si;Ingeniero;+20annos;Bajo;4;1980;Generacion X;69092;Barcelona;1,652;30;0;302;0,5
CLI3467;F;No;31;No;Funcionario;<10annos;Bajo;4;1993;Millennials;27179;ilava;0,893;30;0;133;
CLI3468;M;No;76;Si;Negocios/empresa;+20annos;Bajo;1;1948;Generacion X;104880;Valencia;1,072;50;1;254;
CLI3469;M;Si;30;Si;Artista;<10annos;Medio;2;1994;Millennials;27249;Huelva;1,836;30;0;209;
CLI3470;M;Si;68;Si;Ejecutivo;+20annos;Alto;3;1956;Generacion X;81256;Salamanca;1,287;80;0;223;
CLI3471;F;Si;63;Si;Artista;+20annos;Alto;2;1961;Generacion X;119298;Segovia;0,974;50;0;373;3
CLI3472;M;Si;68;No;Ejecutivo;+20annos;Alto;4;1956;Generacion X;96974;Gerona;0,994;30;0;34;
CLI3473;M;No;31;No;Negocios/empresa;<10annos;Bajo;6;1993;Millennials;21397;ilava;1,928;30;1;190;
CLI3474;F;Si;57;Si;Artista;+20annos;Alto;3;1967;Generacion X;100295;Baleares;1,717;80;0;481;1
CLI3475;F;No;44;Si;Funcionario;+20annos;Bajo;1;1980;Generacion X;116960;La Corui±a;1,422;50;0;402;1
CLI3476;F;No;58;Si;Artista;+20annos;Bajo;1;1966;Generacion X;91622;Huesca;1,306;50;0;84;
CLI3477;F;Si;80;Si;Servicios;+20annos;Bajo;2;1944;Generacion Silenciosa;83929;Soria;1,639;50;0;215;
CLI3478;F;Si;29;No;Ingeniero;<10annos;Bajo;2;1995;Millennials;28915;Navarra;1,512;30;1;110;
CLI3479;M;Si;58;Si;Artista;+20annos;Medio;3;1966;Generacion X;56251;Cordoba;0,876;80;0;72;
CLI3480;F;No;46;Si;Medico;+20annos;Bajo;1;1978;Generacion X;108233;Vizcaya;1,15;50;0;116;
CLI3481;F;No;74;Si;Ingeniero;+20annos;Bajo;1;1950;Generacion X;69409;La Rioja;1,678;50;0;507;1
CLI3482;F;Si;77;Si;Artista;+20annos;Medio;2;1947;Generacion X;31019;Leon;1,639;30;1;262;
CLI3483;F;Si;75;Si;Artista;+20annos;Medio;3;1949;Generacion X;117235;Castellon;1,326;80;0;169;
CLI3484;M;No;24;No;Funcionario;<10annos;Bajo;5;2000;Generacion Z;13005;Salamanca;2,064;30;0;154;
CLI3485;M;Si;72;Si;Artista;+20annos;Bajo;1;1952;Generacion X;115951;LLeida;1,717;50;0;358;0,5
CLI3486;M;Si;47;Si;Artista;+20annos;Bajo;4;1977;Generacion X;86486;Sevilla;0,564;80;0;309;0,5
CLI3487;M;Si;43;Si;Artista;+20annos;Medio;2;1981;Millennials;56870;Zaragoza;1,123;50;1;282;
CLI3488;M;Si;98;No;Servicios;+20annos;Alto;2;1926;Generacion Silenciosa;46278;Teruel;1,072;30;0;302;0,5
CLI3489;F;Si;41;Si;Otros;10-20annos;Bajo;2;1983;Millennials;41186;Navarra;1,629;50;0;160;
CLI3490;M;No;32;Si;Funcionario;10-20annos;Bajo;2;1992;Millennials;31228;ilava;0,893;30;0;228;
CLI3491;M;No;30;Si;Funcionario;<10annos;Bajo;3;1994;Millennials;18230;Melilla;0,778;30;0;116;
CLI3492;M;Si;97;No;Servicios;+20annos;Bajo;1;1927;Generacion Silenciosa;23584;Malaga;1,365;30;1;261;
CLI3493;F;Si;53;Si;Medico;+20annos;Medio;2;1971;Generacion X;80501;Vizcaya;0,974;50;1;307;0,5
CLI3494;F;Si;77;No;Negocios/empresa;+20annos;Alto;2;1947;Generacion X;122488;La Corui±a;1,482;120;0;157;
CLI3495;F;Si;44;Si;Artista;+20annos;Medio;1;1980;Generacion X;95065;Zamora;1,79;50;0;364;0,5
CLI3496;M;No;57;Si;Artista;+20annos;Bajo;1;1967;Generacion X;96620;Caceres;15,215;50;0;109;
CLI3497;F;No;28;Si;Funcionario;<10annos;Bajo;5;1996;Millennials;24617;Baleares;2,202;30;0;192;
CLI3498;F;No;53;Si;Artista;+20annos;Bajo;2;1971;Generacion X;61697;Salamanca;0,994;50;1;252;
CLI3499;F;No;46;Si;Artista;+20annos;Bajo;1;1978;Generacion X;103903;Toledo;1,013;50;1;160;
CLI3500;F;Si;55;Si;Artista;+20annos;Alto;3;1969;Generacion X;119899;Zamora;1,091;80;1;166;
CLI3501;M;No;43;Si;Artista;+20annos;Bajo;1;1981;Millennials;109514;Tarragona;1,376;50;1;240;
CLI3502;M;Si;62;Si;Otros;+20annos;Bajo;1;1962;Generacion X;117454;Barcelona;1,287;50;0;345;0,5
CLI3503;F;Si;74;Si;Servicios;+20annos;Medio;2;1950;Generacion X;23573;ilava;0,681;30;0;486;3
CLI3504;F;No;32;Si;Funcionario;10-20annos;Bajo;8;1992;Millennials;24980;La Corui±a;1,284;30;0;512;4
CLI3505;M;Si;51;Si;Ejecutivo;+20annos;Alto;4;1973;Generacion X;47812;Castellon;1,658;30;0;112;
CLI3506;M;No;34;No;Medico;10-20annos;Bajo;4;1990;Millennials;19460;Pontevedra;1,468;30;0;164;
CLI3507;M;Si;45;Si;Artista;+20annos;Medio;2;1979;Generacion X;23680;Ceuta;1,376;30;1;341;0,5
CLI3508;M;No;30;Si;Artista;<10annos;Bajo;8;1994;Millennials;30478;Pontevedra;0,801;30;1;365;
CLI3509;M;Si;62;Si;Otros;+20annos;Medio;3;1962;Generacion X;26051;Cadiz;1,326;30;1;199;
CLI3510;M;Si;35;Si;Construccion;10-20annos;Medio;2;1989;Millennials;22093;Valencia;1,882;30;0;541;4
CLI3511;F;Si;65;Si;Artista;+20annos;Medio;4;1959;Generacion X;121995;Alicante;0,564;80;0;549;4
CLI3512;F;Si;96;Si;Artista;+20annos;Bajo;1;1928;Generacion Silenciosa;59173;Las Palmas;1,58;50;1;326;0,5
CLI3513;F;No;45;Si;Funcionario;+20annos;Bajo;3;1979;Generacion X;63852;Barcelona;1,744;30;1;388;3
CLI3514;F;No;65;Si;Artista;+20annos;Bajo;1;1959;Generacion X;26904;Salamanca;1,013;30;1;308;0,5
CLI3515;F;Si;61;Si;Otros;+20annos;Medio;5;1963;Generacion X;28263;Burgos;0,7;30;1;335;0,5
CLI3516;F;Si;57;No;Artista;+20annos;Medio;3;1967;Generacion X;37019;Navarra;1,111;30;0;79;
CLI3517;F;Si;67;Si;Artista;+20annos;Alto;2;1957;Generacion X;25289;Malaga;1,15;30;1;281;
CLI3518;M;Si;51;Si;Artista;+20annos;Bajo;1;1973;Generacion X;49544;Almeri­a;1,228;50;0;447;1
CLI3519;F;Si;51;Si;Ingeniero;+20annos;Medio;2;1973;Generacion X;106386;ivila;1,619;50;0;183;
CLI3520;M;Si;40;Si;Artista;10-20annos;Medio;2;1984;Millennials;104055;Palencia;1,353;50;0;425;3
CLI3521;M;Si;40;No;Artista;10-20annos;Medio;4;1984;Millennials;77070;Badajoz;1,974;30;0;407;3
CLI3522;M;Si;64;Si;Ejecutivo;+20annos;Medio;4;1960;Generacion X;106685;Almeri­a;1,385;80;1;375;3
CLI3523;M;No;28;Si;Artista;<10annos;Bajo;1;1996;Millennials;25511;La Rioja;14,775;30;1;339;0,5
CLI3524;M;Si;72;Si;Artista;+20annos;Alto;2;1952;Generacion X;39173;Baleares;1,111;50;0;477;3
CLI3525;F;Si;98;No;Servicios;+20annos;Alto;3;1926;Generacion Silenciosa;45269;Zamora;1,619;30;0;403;3
CLI3526;M;No;30;Si;Servicios;<10annos;Bajo;3;1994;Millennials;19121;Madrid;0,916;30;1;362;0,5
CLI3527;M;No;43;Si;Otros;+20annos;Bajo;2;1981;Millennials;34466;Salamanca;1,675;30;0;513;1
CLI3528;M;Si;98;Si;Ejecutivo;+20annos;Bajo;3;1926;Generacion Silenciosa;42741;Gerona;1,365;30;1;155;
CLI3529;F;Si;65;No;Negocios/empresa;+20annos;Medio;4;1959;Generacion X;107124;Zamora;1,091;30;0;158;
CLI3530;F;Si;52;Si;Artista;+20annos;Bajo;2;1972;Generacion X;93582;Guadalajara;0,974;50;0;223;
CLI3531;F;Si;45;Si;Artista;+20annos;Medio;2;1979;Generacion X;40731;Malaga;1,123;50;1;275;
CLI3532;M;Si;73;Si;Otros;+20annos;Medio;3;1951;Generacion X;66815;Vizcaya;1,072;80;0;201;
CLI3533;F;No;21;No;Otros;<10annos;Bajo;4;2003;Generacion Z;22290;Ciudad Real;2,789;30;0;591;4
CLI3534;M;Si;81;Si;Servicios;+20annos;Alto;2;1943;Generacion Silenciosa;21236;Salamanca;1,443;30;1;354;0,5
CLI3535;M;;39;Si;Artista;10-20annos;Medio;2;1985;Millennials;26031;Vizcaya;2,043;30;1;202;
CLI3536;M;Si;55;Si;Artista;+20annos;Medio;3;1969;Generacion X;77148;Salamanca;1,033;80;0;600;4
CLI3537;M;No;25;No;Otros;<10annos;Bajo;3;1999;Generacion Z;26229;Jaen;1,961;30;0;485;3
CLI3538;F;Si;31;Si;Artista;<10annos;Bajo;2;1993;Millennials;28429;Zamora;1,721;30;0;342;0,5
CLI3539;M;Si;65;Si;Ejecutivo;+20annos;Alto;3;1959;Generacion X;89524;Gerona;15,215;80;0;298;
CLI3540;F;Si;46;Si;Medico;+20annos;Bajo;1;1978;Generacion X;27164;Santa Cruz de Tenerife;0,779;30;0;589;4
CLI3541;M;Si;39;Si;Ingeniero;10-20annos;Bajo;2;1985;Millennials;25375;Ciudad Real;1,376;30;1;110;
CLI3542;M;Si;62;Si;Artista;+20annos;Medio;3;1962;Generacion X;46558;Navarra;0,857;30;0;551;4
CLI3543;M;Si;55;Si;Otros;+20annos;Medio;4;1969;Generacion X;69531;Tarragona;0,896;80;0;501;4
CLI3544;M;Si;43;Si;Otros;+20annos;Medio;4;1981;Millennials;124832;La Corui±a;0,686;200;1;165;
CLI3545;F;Si;50;Si;Artista;+20annos;Medio;2;1974;Generacion X;63890;Albacete;0,603;50;0;487;3
CLI3546;M;Si;57;Si;Artista;+20annos;Medio;4;1967;Generacion X;69361;Toledo;1,15;80;1;295;
CLI3547;M;Si;84;Si;Servicios;+20annos;Bajo;2;1940;Generacion Silenciosa;67940;Huesca;15,215;50;1;112;
CLI3548;M;No;40;No;Otros;10-20annos;Bajo;1;1984;Millennials;86515;Ceuta;1,33;120;1;253;
CLI3549;M;No;29;No;Medico;<10annos;Bajo;2;1995;Millennials;26337;Valladolid;2,513;30;0;385;3
CLI3550;M;Si;43;Si;Otros;+20annos;Bajo;2;1981;Millennials;104857;Pontevedra;1,629;50;0;250;
CLI3551;F;No;20;No;Funcionario;<10annos;Bajo;4;2004;Generacion Z;23970;Cadiz;11,325;30;0;334;0,5
CLI3552;F;No;47;Si;Funcionario;+20annos;Bajo;2;1977;Generacion X;45353;Zamora;1,6;50;0;223;
CLI3553;M;Si;69;Si;Otros;+20annos;Alto;2;1955;Generacion X;62285;Lugo;1,463;50;1;364;0,5
CLI3554;F;Si;40;Si;Artista;10-20annos;Bajo;2;1984;Millennials;105220;Teruel;1,882;50;0;528;1
CLI3555;F;;36;No;Funcionario;10-20annos;Bajo;3;1988;Millennials;20975;La Rioja;1,399;30;0;210;
CLI3556;F;Si;89;No;Servicios;+20annos;Alto;2;1935;Generacion Silenciosa;65808;Lugo;1,091;30;0;372;3
CLI3557;F;Si;41;Si;Artista;10-20annos;Bajo;2;1983;Millennials;86063;Alicante;1,951;50;1;150;
CLI3558;F;Si;52;Si;Artista;+20annos;Medio;4;1972;Generacion X;103941;Almeri­a;1,756;80;1;362;0,5
CLI3559;M;Si;74;Si;Artista;+20annos;Bajo;1;1950;Generacion X;25349;Cadiz;0,896;30;0;176;
CLI3560;F;No;40;Si;Artista;10-20annos;Bajo;1;1984;Millennials;96813;ilava;1,606;50;0;40;
CLI3561;F;No;33;No;Otros;10-20annos;Bajo;3;1991;Millennials;31982;Malaga;0,916;30;0;73;
CLI3562;M;No;44;Si;Medico;+20annos;Bajo;1;1980;Generacion X;89477;Zamora;1,422;50;0;481;1
CLI3563;M;No;21;No;Negocios/empresa;<10annos;Bajo;4;2003;Generacion Z;18413;Madrid;2,547;30;0;78;
CLI3564;M;No;35;Si;Funcionario;10-20annos;Bajo;1;1989;Millennials;25994;Zamora;1,008;30;1;260;
CLI3565;F;Si;35;No;Medico;10-20annos;Bajo;5;1989;Millennials;27978;Pontevedra;1,744;30;0;108;
CLI3566;M;No;36;No;Negocios/empresa;10-20annos;Bajo;5;1988;Millennials;31369;Leon;1,284;30;1;390;3
CLI3567;F;No;30;Si;Funcionario;<10annos;Bajo;7;1994;Millennials;26120;Jaen;1,951;30;1;375;3
CLI3568;F;Si;80;No;Servicios;+20annos;Alto;2;1944;Generacion Silenciosa;45085;Las Palmas;0,7;30;0;82;
CLI3569;F;Si;32;Si;Construccion;10-20annos;Alto;2;1992;Millennials;29375;ilava;1,905;30;0;99;
CLI3570;M;No;31;No;Otros;<10annos;Bajo;3;1993;Millennials;18809;Malaga;1,353;30;0;104;
CLI3571;M;No;76;No;Ingeniero;+20annos;Bajo;1;1948;Generacion X;82709;Tarragona;1,482;120;0;324;0,5
CLI3572;M;No;36;No;Medico;10-20annos;Bajo;4;1988;Millennials;22618;Jaen;1,422;30;0;148;
CLI3573;M;Si;74;Si;Negocios/empresa;+20annos;Bajo;2;1950;Generacion X;111641;Caceres;1,111;50;0;586;4
CLI3574;M;Si;80;Si;Artista;+20annos;Bajo;1;1944;Generacion Silenciosa;86538;Zaragoza;15,215;50;0;221;
CLI3575;M;Si;46;Si;Artista;+20annos;Bajo;2;1978;Generacion X;111431;Palencia;1,248;50;0;65;
CLI3576;M;No;35;Si;Funcionario;10-20annos;Bajo;2;1989;Millennials;21518;Tarragona;1,399;30;0;408;3
CLI3577;M;Si;58;Si;Ejecutivo;+20annos;Alto;5;1966;Generacion X;95530;Badajoz;0,661;30;1;169;
CLI3578;M;Si;46;Si;Ejecutivo;+20annos;Alto;2;1978;Generacion X;99501;Palencia;1,658;50;1;399;3
CLI3579;F;Si;55;No;Artista;+20annos;Alto;2;1969;Generacion X;101454;Caceres;1,443;120;0;498;3
CLI3580;F;No;21;No;Funcionario;<10annos;Bajo;3;2003;Generacion Z;15031;Lugo;2,03;30;0;262;
CLI3581;M;Si;90;Si;Servicios;+20annos;Bajo;1;1934;Generacion Silenciosa;102381;La Corui±a;1,697;50;0;443;1
CLI3582;M;Si;90;No;Ejecutivo;+20annos;Alto;2;1934;Generacion Silenciosa;38165;Ciudad Real;0,896;30;0;467;3
CLI3583;F;No;42;Si;Artista;+20annos;Bajo;1;1982;Millennials;89912;Badajoz;1,399;50;1;344;0,5
CLI3584;M;Si;30;No;Ejecutivo;<10annos;Bajo;2;1994;Millennials;31893;Albacete;1,882;30;0;523;4
CLI3585;M;Si;42;Si;Medico;+20annos;Medio;5;1982;Millennials;22265;Soria;1,537;30;0;233;
CLI3586;F;No;53;Si;Construccion;+20annos;Bajo;1;1971;Generacion X;98040;Baleares;1,6;50;0;143;
CLI3587;M;No;24;No;Funcionario;<10annos;Bajo;4;2000;Generacion Z;12104;Granada;1,823;30;0;158;
CLI3588;M;Si;33;Si;Artista;10-20annos;Medio;2;1991;Millennials;27895;Lugo;2,02;30;0;121;
CLI3589;M;No;34;No;Funcionario;10-20annos;Bajo;3;1990;Millennials;27556;Granada;1,077;30;0;296;
CLI3590;F;Si;39;No;Ingeniero;10-20annos;Alto;4;1985;Millennials;20257;Alicante;1,33;30;0;244;
CLI3591;F;No;30;No;Ingeniero;<10annos;Bajo;6;1994;Millennials;26587;Segovia;1,353;30;0;65;
CLI3592;M;Si;44;No;Ejecutivo;+20annos;Bajo;3;1980;Generacion X;48689;Cadiz;1,054;30;1;124;
CLI3593;M;Si;68;Si;Artista;+20annos;Bajo;1;1956;Generacion X;33586;Caceres;0,994;30;0;271;
CLI3594;M;Si;33;Si;Funcionario;10-20annos;Bajo;2;1991;Millennials;26949;Almeri­a;1,951;30;0;347;0,5
CLI3595;M;Si;74;Si;Otros;+20annos;Medio;3;1950;Generacion X;100453;Albacete;1,619;80;0;393;3
CLI3596;M;No;42;Si;Artista;+20annos;Bajo;2;1982;Millennials;113031;Salamanca;1,1;50;0;223;
CLI3597;F;No;41;Si;Artista;10-20annos;Bajo;4;1983;Millennials;103821;La Rioja;0,962;30;0;82;
CLI3598;F;No;29;Si;Funcionario;<10annos;Bajo;2;1995;Millennials;22686;Cadiz;2,651;30;1;380;3
CLI3599;M;Si;67;Si;Otros;+20annos;Medio;4;1957;Generacion X;81053;Murcia;0,896;80;0;105;
CLI3600;M;Si;24;No;Otros;<10annos;Medio;3;2000;Generacion Z;19087;La Corui±a;2,306;30;0;540;4
CLI3601;F;Si;52;Si;Artista;+20annos;Medio;5;1972;Generacion X;28362;Valencia;0,72;30;0;423;3
CLI3602;M;Si;74;Si;Servicios;+20annos;Alto;2;1950;Generacion X;110737;Las Palmas;0,896;50;0;161;
CLI3603;M;Si;42;Si;Artista;+20annos;Bajo;6;1982;Millennials;108329;Baleares;1,215;30;0;180;
CLI3604;F;Si;40;No;Ingeniero;10-20annos;Medio;4;1984;Millennials;102651;Caceres;1,882;30;0;230;
CLI3605;F;No;40;Si;Ingeniero;10-20annos;Bajo;1;1984;Millennials;129955;Almeri­a;1,077;50;1;166;
CLI3606;M;No;32;No;Otros;10-20annos;Bajo;8;1992;Millennials;19721;Guadalajara;1,031;30;0;327;0,5
CLI3607;F;;32;No;Ingeniero;10-20annos;Alto;4;1992;Millennials;25906;Toledo;1,767;30;0;465;3
CLI3608;M;No;31;No;Funcionario;<10annos;Bajo;8;1993;Millennials;23430;Madrid;1,905;30;1;165;
CLI3609;F;No;28;Si;Artista;<10annos;Bajo;1;1996;Millennials;23219;Baleares;3,099;30;0;468;3
CLI3610;M;No;44;Si;Artista;+20annos;Bajo;1;1980;Generacion X;86989;Alicante;1,537;50;0;412;1
CLI3611;M;Si;45;No;Ejecutivo;+20annos;Bajo;7;1979;Generacion X;34690;Vizcaya;1,031;30;0;532;4
CLI3612;F;Si;39;Si;Artista;10-20annos;Medio;5;1985;Millennials;19757;Cordoba;0,801;30;0;298;
CLI3613;M;Si;43;Si;Otros;+20annos;Bajo;1;1981;Millennials;85188;Guipiºzcoa;1,606;50;1;333;0,5
CLI3614;F;Si;80;Si;Artista;+20annos;Alto;2;1944;Generacion Silenciosa;76497;Badajoz;1,482;50;0;227;
CLI3615;M;No;24;No;Negocios/empresa;<10annos;Bajo;3;2000;Generacion Z;12489;Zaragoza;1,374;30;0;456;3
CLI3616;M;Si;44;No;Ejecutivo;+20annos;Alto;5;1980;Generacion X;102673;Melilla;1,744;30;1;199;
CLI3617;F;No;33;Si;Ingeniero;10-20annos;Bajo;4;1991;Millennials;22190;Navarra;0,732;30;1;152;
CLI3618;M;No;35;Si;Medico;10-20annos;Bajo;2;1989;Millennials;21050;Guadalajara;0,755;30;0;199;
CLI3619;M;No;42;Si;Otros;+20annos;Bajo;3;1982;Millennials;118404;Caceres;1,836;30;0;89;
CLI3620;F;Si;34;No;Funcionario;10-20annos;Bajo;4;1990;Millennials;27397;Ceuta;0,663;30;0;313;0,5
CLI3621;F;;45;Si;Negocios/empresa;+20annos;Bajo;2;1979;Generacion X;71969;Almeri­a;0,847;50;0;243;
CLI3622;F;Si;29;No;Construccion;<10annos;Medio;4;1995;Millennials;26435;Valencia;1,443;30;0;585;4
CLI3623;M;No;45;No;Medico;+20annos;Bajo;3;1979;Generacion X;88411;Santa Cruz de Tenerife;1,284;30;1;292;
CLI3624;M;Si;62;Si;Otros;+20annos;Medio;2;1962;Generacion X;75860;Madrid;1,482;50;0;437;3
CLI3625;M;Si;67;No;Ejecutivo;+20annos;Alto;2;1957;Generacion X;80492;Jaen;0,876;120;0;574;4
CLI3626;M;Si;53;Si;Artista;+20annos;Medio;2;1971;Generacion X;56415;Zamora;1,385;50;0;354;0,5
CLI3627;M;Si;44;Si;Ejecutivo;+20annos;Alto;4;1980;Generacion X;126943;La Rioja;1,928;200;0;286;
CLI3628;M;Si;91;Si;Servicios;+20annos;Alto;3;1933;Generacion Silenciosa;84978;Ciudad Real;0,994;80;0;441;3
CLI3629;F;No;24;No;Ingeniero;<10annos;Bajo;4;2000;Generacion Z;14600;Salamanca;2,168;30;1;158;
CLI3630;M;No;24;No;Funcionario;<10annos;Bajo;5;2000;Generacion Z;12620;Albacete;1,443;30;0;302;0,5
CLI3631;M;;24;No;Funcionario;<10annos;Bajo;3;2000;Generacion Z;20073;Zaragoza;1,029;30;0;598;4
CLI3632;M;Si;79;Si;Artista;+20annos;Bajo;1;1945;Generacion Silenciosa;95179;Almeri­a;1,737;50;1;178;
CLI3633;M;No;30;Si;Funcionario;<10annos;Bajo;2;1994;Millennials;27096;Cordoba;1,146;30;1;107;
CLI3634;F;Si;39;Si;Ingeniero;10-20annos;Alto;3;1985;Millennials;29731;Palencia;1,146;30;0;94;
CLI3635;M;Si;92;No;Ejecutivo;+20annos;Alto;2;1932;Generacion Silenciosa;34404;Murcia;1,756;30;0;485;3
CLI3636;M;No;46;Si;Otros;+20annos;Bajo;3;1978;Generacion X;79353;Toledo;0,7;80;1;339;0,5
CLI3637;F;Si;33;No;Ingeniero;10-20annos;Bajo;2;1991;Millennials;30129;Santa Cruz de Tenerife;1,192;30;0;271;
CLI3638;M;Si;80;No;Servicios;+20annos;Bajo;2;1944;Generacion Silenciosa;41215;Vizcaya;1,385;30;1;173;
CLI3639;M;Si;75;Si;Otros;+20annos;Bajo;2;1949;Generacion X;101807;Malaga;1,15;50;0;492;3
CLI3640;M;Si;51;Si;Artista;+20annos;Bajo;1;1973;Generacion X;78453;Castellon;1,365;50;0;384;1
CLI3641;F;No;53;No;Negocios/empresa;+20annos;Bajo;1;1971;Generacion X;129601;Barcelona;0,837;120;0;298;
CLI3642;F;Si;54;Si;Artista;+20annos;Medio;5;1970;Generacion X;60529;Baleares;0,955;30;1;276;
CLI3643;F;No;29;Si;Ingeniero;<10annos;Bajo;3;1995;Millennials;20820;Gerona;1,236;30;0;167;
CLI3644;F;No;54;Si;Artista;+20annos;Bajo;2;1970;Generacion X;63446;Guipiºzcoa;0,818;50;0;431;3
CLI3645;F;Si;89;Si;Servicios;+20annos;Alto;2;1935;Generacion Silenciosa;39459;Las Palmas;1,717;50;0;464;1
CLI3646;F;No;29;No;Ingeniero;<10annos;Bajo;4;1995;Millennials;23296;Albacete;1,512;30;0;514;4
CLI3647;F;Si;62;Si;Artista;+20annos;Medio;2;1962;Generacion X;89551;Segovia;0,74;50;0;361;0,5
CLI3648;M;Si;29;No;Medico;<10annos;Medio;3;1995;Millennials;26961;Santa Cruz de Tenerife;2,168;30;0;381;3
CLI3649;M;No;40;Si;Ejecutivo;10-20annos;Bajo;3;1984;Millennials;75340;Alicante;1,353;30;1;254;
CLI3650;F;No;35;No;Medico;10-20annos;Bajo;3;1989;Millennials;18075;Zamora;0,801;30;1;208;
CLI3651;F;Si;62;Si;Construccion;+20annos;Bajo;1;1962;Generacion X;96298;Sevilla;0,564;50;0;487;3
CLI3652;M;No;44;Si;Artista;+20annos;Bajo;1;1980;Generacion X;63859;Malaga;1,077;50;0;67;
CLI3653;M;No;21;No;Funcionario;<10annos;Bajo;4;2003;Generacion Z;12858;Jaen;1,65;30;0;518;4
CLI3654;F;Si;73;No;Ingeniero;+20annos;Alto;5;1951;Generacion X;21408;Zamora;1,404;30;0;35;
CLI3655;F;Si;84;No;Servicios;+20annos;Bajo;1;1940;Generacion Silenciosa;72740;La Corui±a;0,915;30;0;317;0,5
CLI3656;F;No;33;No;Otros;10-20annos;Bajo;1;1991;Millennials;31301;Albacete;1,514;30;0;400;3
CLI3657;M;Si;29;No;Construccion;<10annos;Medio;2;1995;Millennials;23379;Granada;2,133;30;0;487;3
CLI3658;F;No;36;Si;Funcionario;10-20annos;Bajo;3;1988;Millennials;18852;Guadalajara;1,468;30;1;221;
CLI3659;F;No;28;Si;Otros;<10annos;Bajo;1;1996;Millennials;20026;Granada;1,029;30;1;307;0,5
CLI3660;F;Si;30;No;Ingeniero;<10annos;Bajo;2;1994;Millennials;23245;Navarra;1,767;30;0;84;
CLI3661;M;Si;46;No;Otros;+20annos;Bajo;4;1978;Generacion X;21866;Gerona;1,385;30;1;360;0,5
CLI3662;M;No;39;Si;Artista;10-20annos;Bajo;2;1985;Millennials;20133;ilava;1,491;30;0;489;1
CLI3663;F;No;32;No;Funcionario;10-20annos;Bajo;3;1992;Millennials;18593;Teruel;1,928;30;1;252;
CLI3664;F;No;75;No;Servicios;+20annos;Bajo;3;1949;Generacion X;88104;Salamanca;1,209;30;0;133;
CLI3665;M;Si;79;No;Ingeniero;+20annos;Alto;4;1945;Generacion Silenciosa;55975;Guadalajara;0,935;30;0;229;
CLI3666;F;No;23;No;Ingeniero;<10annos;Bajo;6;2001;Generacion Z;14481;Segovia;2,064;30;0;70;
CLI3667;M;Si;55;Si;Artista;+20annos;Bajo;2;1969;Generacion X;81523;Madrid;0,564;50;0;513;4
CLI3668;M;Si;54;Si;Ejecutivo;+20annos;Bajo;2;1970;Generacion X;37737;LLeida;1,013;50;0;57;
CLI3669;F;Si;36;No;Artista;10-20annos;Medio;2;1988;Millennials;30634;Pontevedra;0,824;30;0;192;
CLI3670;F;Si;57;Si;Artista;+20annos;Medio;4;1967;Generacion X;27990;Lugo;0,818;30;0;202;
CLI3671;F;Si;98;Si;Servicios;+20annos;Bajo;1;1926;Generacion Silenciosa;21398;Jaen;0,955;30;1;285;
CLI3672;M;Si;51;No;Ejecutivo;+20annos;Alto;6;1973;Generacion X;111166;Malaga;1,619;30;0;382;3
CLI3673;M;Si;96;No;Ejecutivo;+20annos;Alto;2;1928;Generacion Silenciosa;118751;Granada;1,209;120;0;566;4
CLI3674;M;Si;55;Si;Artista;+20annos;Medio;4;1969;Generacion X;75692;La Rioja;0,896;80;1;277;
CLI3675;F;No;33;Si;Otros;10-20annos;Bajo;2;1991;Millennials;19941;Palencia;1,445;30;0;214;
CLI3676;M;No;24;No;Funcionario;<10annos;Bajo;2;2000;Generacion Z;18508;Tarragona;2,651;30;0;476;3
CLI3677;M;Si;64;Si;Artista;+20annos;Medio;3;1960;Generacion X;107362;Gerona;1,365;80;0;149;
CLI3678;F;Si;35;Si;Medico;10-20annos;Medio;2;1989;Millennials;30574;Salamanca;1,1;30;0;523;4
CLI3679;M;No;32;No;Otros;10-20annos;Bajo;4;1992;Millennials;30456;Caceres;1,238;30;0;573;4
CLI3680;M;No;35;Si;Artista;10-20annos;Bajo;1;1989;Millennials;22207;Salamanca;1,422;30;0;344;0,5
CLI3681;M;Si;58;Si;Artista;+20annos;Medio;4;1966;Generacion X;45189;Jaen;0,818;30;0;308;0,5
CLI3682;M;Si;30;Si;Funcionario;<10annos;Alto;3;1994;Millennials;22386;Malaga;1,698;30;0;527;4
CLI3683;F;Si;75;Si;Servicios;+20annos;Alto;2;1949;Generacion X;117584;Zamora;0,994;50;0;529;4
CLI3684;F;No;47;No;Artista;+20annos;Bajo;1;1977;Generacion X;49649;Las Palmas;0,837;30;1;154;
CLI3685;M;No;43;Si;Medico;+20annos;Bajo;1;1981;Millennials;48883;Madrid;1,583;50;1;183;
CLI3686;M;No;22;No;Funcionario;<10annos;Bajo;3;2002;Generacion Z;19241;Zaragoza;1,857;30;0;95;
CLI3687;F;No;44;Si;Artista;+20annos;Bajo;1;1980;Generacion X;79551;ivila;1,698;50;1;176;
CLI3688;M;Si;42;Si;Ejecutivo;+20annos;Alto;3;1982;Millennials;47234;Ceuta;0,755;30;0;370;3
CLI3689;F;No;29;Si;Negocios/empresa;<10annos;Bajo;2;1995;Millennials;22729;Salamanca;2,375;30;0;319;0,5
CLI3690;F;No;34;Si;Ingeniero;10-20annos;Bajo;4;1990;Millennials;30084;Jaen;1,1;30;1;251;
CLI3691;M;No;24;No;Funcionario;<10annos;Bajo;4;2000;Generacion Z;21812;LLeida;1,685;30;0;69;
CLI3692;M;Si;39;No;Servicios;10-20annos;Bajo;2;1985;Millennials;30381;Soria;0,686;30;0;99;
CLI3693;M;No;41;Si;Otros;10-20annos;Bajo;1;1983;Millennials;112091;ilava;1,813;50;0;82;
CLI3694;F;No;29;No;Construccion;<10annos;Bajo;2;1995;Millennials;29603;Albacete;12,015;30;0;188;
CLI3695;M;No;56;Si;Artista;+20annos;Bajo;1;1968;Generacion X;99837;Valencia;1,15;50;0;415;3
CLI3696;F;No;39;Si;Artista;10-20annos;Bajo;3;1985;Millennials;31034;Pontevedra;1,721;30;0;48;
CLI3697;M;Si;40;Si;Artista;10-20annos;Medio;2;1984;Millennials;75913;Madrid;0,801;50;0;218;
CLI3698;F;Si;51;Si;Medico;+20annos;Alto;3;1973;Generacion X;30833;ilava;0,564;30;0;244;
CLI3699;M;Si;51;Si;Negocios/empresa;+20annos;Bajo;1;1973;Generacion X;21235;Teruel;1,737;30;1;176;
CLI3700;M;Si;58;No;Otros;+20annos;Medio;3;1966;Generacion X;112113;Guadalajara;0,74;30;0;397;3
CLI3701;F;No;20;No;Funcionario;<10annos;Bajo;3;2004;Generacion Z;16266;Valladolid;3,03;30;1;174;
CLI3702;M;No;29;No;Ingeniero;<10annos;Bajo;4;1995;Millennials;30647;Santa Cruz de Tenerife;1,512;30;0;267;
CLI3703;F;Si;35;Si;Funcionario;10-20annos;Alto;2;1989;Millennials;29180;Teruel;1,422;30;0;211;
CLI3704;M;Si;76;No;Medico;+20annos;Medio;3;1948;Generacion X;74575;ivila;11,305;30;0;454;3
CLI3705;M;Si;66;Si;Artista;+20annos;Medio;2;1958;Generacion X;39286;Cuenca;11,305;50;0;124;
CLI3706;M;Si;66;No;Ingeniero;+20annos;Medio;2;1958;Generacion X;45905;Salamanca;1,15;30;0;250;
CLI3707;M;Si;56;No;Ejecutivo;+20annos;Bajo;9;1968;Generacion X;98026;Malaga;1,619;30;0;68;
CLI3708;M;Si;29;Si;Artista;<10annos;Medio;2;1995;Millennials;19664;Navarra;11,325;30;1;359;0,5
CLI3709;M;No;53;Si;Artista;+20annos;Bajo;1;1971;Generacion X;71257;Granada;1,541;50;1;193;
CLI3710;M;Si;56;Si;Medico;+20annos;Medio;4;1968;Generacion X;24377;La Corui±a;0,974;30;1;340;0,5
CLI3711;M;Si;79;No;Ejecutivo;+20annos;Alto;4;1945;Generacion Silenciosa;99839;Almeri­a;1,502;30;1;363;0,5
CLI3712;F;No;47;Si;Artista;+20annos;Bajo;2;1977;Generacion X;34214;Tarragona;1,6;30;0;236;
CLI3713;M;No;39;Si;Artista;10-20annos;Bajo;1;1985;Millennials;26229;Granada;1,169;30;0;32;
CLI3714;M;No;32;No;Otros;10-20annos;Bajo;1;1992;Millennials;26767;Vizcaya;1,836;30;0;502;4
CLI3715;M;No;21;No;Funcionario;<10annos;Bajo;6;2003;Generacion Z;20553;Teruel;1,788;30;0;442;3
CLI3716;F;No;30;Si;Funcionario;<10annos;Bajo;8;1994;Millennials;19250;LLeida;0,824;30;0;483;3
CLI3717;F;No;44;Si;Ingeniero;+20annos;Bajo;5;1980;Generacion X;129635;Vizcaya;1,468;200;1;185;
CLI3718;F;Si;57;Si;Artista;+20annos;Bajo;3;1967;Generacion X;58156;Badajoz;1,072;80;0;511;4
CLI3719;M;No;25;No;Funcionario;<10annos;Bajo;4;1999;Generacion Z;27570;Madrid;1,443;30;0;339;0,5
CLI3720;M;No;34;Si;Funcionario;10-20annos;Bajo;3;1990;Millennials;19299;Leon;1,721;30;0;244;
CLI3721;F;Si;39;Si;Ejecutivo;10-20annos;Bajo;2;1985;Millennials;24205;Guipiºzcoa;1,008;30;1;329;0,5
CLI3722;M;Si;28;No;Otros;<10annos;Medio;2;1996;Millennials;30202;ilava;1,961;30;0;293;
CLI3723;F;Si;52;No;Servicios;+20annos;Bajo;1;1972;Generacion X;70304;Teruel;0,974;30;0;165;
CLI3724;M;Si;41;Si;Funcionario;10-20annos;Medio;2;1983;Millennials;127545;Murcia;0,732;50;0;334;0,5
CLI3725;M;No;22;No;Funcionario;<10annos;Bajo;4;2002;Generacion Z;13506;Huesca;2,927;30;1;111;
CLI3726;F;Si;75;No;Servicios;+20annos;Medio;2;1949;Generacion X;60080;Jaen;1,561;30;0;435;3
CLI3727;F;No;31;Si;Medico;<10annos;Bajo;3;1993;Millennials;26815;Ciudad Real;1,284;30;0;55;
CLI3728;M;;24;No;Funcionario;<10annos;Bajo;5;2000;Generacion Z;17890;Toledo;2,651;30;0;447;3
CLI3729;M;No;28;Si;Medico;<10annos;Bajo;5;1996;Millennials;18660;Albacete;0,995;30;0;106;
CLI3730;F;;22;No;Servicios;<10annos;Alto;1;2002;Generacion Z;21031;Castellon;2,133;30;1;244;
CLI3731;F;Si;35;Si;Construccion;10-20annos;Bajo;3;1989;Millennials;28920;Ceuta;0,939;30;1;348;0,5
CLI3732;F;No;20;No;Otros;<10annos;Bajo;7;2004;Generacion Z;12047;Badajoz;2,099;30;0;160;
CLI3733;M;Si;87;No;Servicios;+20annos;Bajo;1;1937;Generacion Silenciosa;30583;Cadiz;1,033;30;0;444;3
CLI3734;F;No;40;Si;Otros;10-20annos;Bajo;5;1984;Millennials;56796;Teruel;1,399;30;0;413;1
CLI3735;F;No;54;Si;Artista;+20annos;Bajo;1;1970;Generacion X;24342;Santa Cruz de Tenerife;1,346;30;0;290;
CLI3736;M;Si;54;Si;Otros;+20annos;Bajo;4;1970;Generacion X;81969;Burgos;1,033;80;0;136;
CLI3737;F;Si;50;Si;Artista;+20annos;Medio;4;1974;Generacion X;29855;Teruel;1,541;30;0;485;3
CLI3738;M;No;31;Si;Medico;<10annos;Bajo;3;1993;Millennials;28227;Huesca;0,985;30;1;193;
CLI3739;F;Si;63;Si;Artista;+20annos;Medio;1;1961;Generacion X;62495;La Corui±a;0,896;50;0;569;4
CLI3740;F;No;45;Si;Artista;+20annos;Bajo;1;1979;Generacion X;121230;Sevilla;1,077;50;1;183;
CLI3741;F;Si;41;Si;Artista;10-20annos;Medio;3;1983;Millennials;88982;ivila;0,916;30;0;236;
CLI3742;F;Si;40;Si;Artista;10-20annos;Medio;3;1984;Millennials;36853;Baleares;1,652;30;1;321;0,5
CLI3743;M;Si;50;Si;Artista;+20annos;Medio;2;1974;Generacion X;26608;Burgos;0,798;30;0;414;3
CLI3744;F;Si;43;Si;Servicios;+20annos;Medio;2;1981;Millennials;80344;Murcia;1,261;50;0;205;
CLI3745;M;No;44;Si;Artista;+20annos;Bajo;1;1980;Generacion X;25205;Valladolid;1,882;30;1;311;0,5
CLI3746;F;No;32;Si;Funcionario;10-20annos;Bajo;3;1992;Millennials;26654;Soria;1,56;30;0;461;3
CLI3747;M;Si;98;No;Servicios;+20annos;Bajo;2;1926;Generacion Silenciosa;120340;Zamora;0,798;120;0;236;
CLI3748;F;Si;80;No;Servicios;+20annos;Alto;3;1944;Generacion Silenciosa;100069;Madrid;1,346;30;0;297;
CLI3749;M;No;31;No;Medico;<10annos;Bajo;1;1993;Millennials;26310;Salamanca;1,79;30;0;152;
CLI3750;M;No;58;Si;Artista;+20annos;Bajo;1;1966;Generacion X;43900;Melilla;1,717;50;0;84;
CLI3751;M;No;28;No;Medico;<10annos;Bajo;1;1996;Millennials;24688;Palencia;2,996;30;1;218;
CLI3752;F;No;21;No;Funcionario;<10annos;Bajo;5;2003;Generacion Z;20479;Leon;0,995;30;0;74;
CLI3753;F;Si;57;Si;Artista;+20annos;Medio;2;1967;Generacion X;29019;Ceuta;1,541;30;0;281;
CLI3754;F;No;34;Si;Funcionario;10-20annos;Bajo;3;1990;Millennials;20303;Palencia;0,663;30;0;398;3
CLI3755;M;No;39;Si;Artista;10-20annos;Bajo;2;1985;Millennials;27045;Badajoz;0,87;30;1;375;3
CLI3756;M;Si;52;Si;Artista;+20annos;Medio;2;1972;Generacion X;72020;Leon;0,622;50;0;368;3
CLI3757;M;Si;75;No;Ejecutivo;+20annos;Alto;2;1949;Generacion X;25133;Guadalajara;1,033;30;0;371;3
CLI3758;F;Si;46;Si;Artista;+20annos;Medio;2;1978;Generacion X;113216;Castellon;1,717;50;0;94;
CLI3759;F;No;42;No;Construccion;+20annos;Bajo;1;1982;Millennials;31320;Pontevedra;1,468;30;0;524;4
CLI3760;M;Si;28;No;Ejecutivo;<10annos;Alto;3;1996;Millennials;27836;Zamora;10,635;30;0;140;
CLI3761;M;No;41;Si;Otros;10-20annos;Bajo;1;1983;Millennials;22562;La Rioja;1,1;30;0;571;4
CLI3762;F;No;34;No;Funcionario;10-20annos;Bajo;1;1990;Millennials;26951;Cuenca;1,33;30;1;223;
CLI3763;M;No;23;No;Funcionario;<10annos;Bajo;6;2001;Generacion Z;17647;ilava;2,927;30;0;482;3
CLI3764;M;Si;31;Si;Artista;<10annos;Medio;3;1993;Millennials;27607;Murcia;0,87;30;0;469;3
CLI3765;F;Si;55;Si;Artista;+20annos;Alto;8;1969;Generacion X;52686;Jaen;1,209;30;1;135;
CLI3766;F;No;51;No;Medico;+20annos;Bajo;2;1973;Generacion X;84514;Ciudad Real;1,17;120;0;332;0,5
CLI3767;M;No;21;No;Ejecutivo;<10annos;Bajo;3;2003;Generacion Z;20607;Navarra;2,375;30;1;298;
CLI3768;M;Si;41;Si;Artista;10-20annos;Medio;2;1983;Millennials;88368;Sevilla;0,87;50;1;295;
CLI3769;M;No;31;Si;Funcionario;<10annos;Bajo;1;1993;Millennials;24489;Santa Cruz de Tenerife;0,916;30;1;146;
CLI3770;M;Si;78;No;Servicios;+20annos;Bajo;1;1946;Generacion X;68714;Castellon;1,717;30;1;300;
CLI3771;F;Si;73;No;Negocios/empresa;+20annos;Alto;2;1951;Generacion X;45414;Palencia;1,287;30;1;361;0,5
CLI3772;F;Si;63;Si;Construccion;+20annos;Medio;2;1961;Generacion X;47163;Cadiz;1,58;50;1;132;
CLI3773;F;Si;95;Si;Servicios;+20annos;Bajo;2;1929;Generacion Silenciosa;125513;Melilla;0,955;50;0;269;
CLI3774;F;Si;44;Si;Artista;+20annos;Medio;2;1980;Generacion X;107512;Las Palmas;1,974;50;0;67;
CLI3775;F;No;54;Si;Funcionario;+20annos;Bajo;1;1970;Generacion X;69462;Alicante;0,935;50;1;311;0,5
CLI3776;M;Si;45;No;Artista;+20annos;Medio;3;1979;Generacion X;26613;Valladolid;1,675;30;1;313;0,5
CLI3777;F;Si;46;No;Ingeniero;+20annos;Bajo;4;1978;Generacion X;41379;Baleares;1,052;30;0;474;3
CLI3778;F;Si;96;No;Otros;+20annos;Alto;3;1928;Generacion Silenciosa;99678;Leon;0,857;30;1;295;
CLI3779;F;Si;88;Si;Artista;+20annos;Medio;2;1936;Generacion Silenciosa;98377;Caceres;1,443;50;0;477;3
CLI3780;M;Si;66;Si;Artista;+20annos;Bajo;1;1958;Generacion X;47405;Salamanca;11,305;50;0;497;1
CLI3781;M;Si;42;Si;Artista;+20annos;Medio;4;1982;Millennials;93325;Las Palmas;1,698;30;0;465;3
CLI3782;F;Si;81;Si;Servicios;+20annos;Alto;2;1943;Generacion Silenciosa;126857;Ciudad Real;0,779;50;0;139;
CLI3783;F;No;33;No;Medico;10-20annos;Bajo;5;1991;Millennials;29636;Albacete;0,893;30;0;61;
CLI3784;F;No;22;No;Funcionario;<10annos;Bajo;4;2002;Generacion Z;23885;Madrid;1,236;30;1;216;
CLI3785;F;No;47;Si;Artista;+20annos;Bajo;1;1977;Generacion X;117972;La Rioja;1,248;50;0;128;
CLI3786;M;No;35;Si;Medico;10-20annos;Bajo;4;1989;Millennials;20519;Huelva;0,939;30;0;496;3
CLI3787;M;Si;58;Si;Ejecutivo;+20annos;Alto;3;1966;Generacion X;96595;Badajoz;1,404;80;0;497;1
CLI3788;F;No;25;No;Funcionario;<10annos;Bajo;6;1999;Generacion Z;23100;Orense;1,719;30;0;51;
CLI3789;M;Si;57;No;Artista;+20annos;Bajo;1;1967;Generacion X;85939;Barcelona;1,6;120;1;183;
CLI3790;F;Si;50;Si;Artista;+20annos;Medio;4;1974;Generacion X;98429;Las Palmas;0,798;80;0;120;
CLI3791;M;No;24;No;Funcionario;<10annos;Bajo;1;2000;Generacion Z;12556;Madrid;2,099;30;0;458;3
CLI3792;M;Si;69;No;Otros;+20annos;Medio;5;1955;Generacion X;91599;Valladolid;0,622;30;0;88;
CLI3793;F;Si;89;Si;Servicios;+20annos;Alto;2;1935;Generacion Silenciosa;112783;Cordoba;0,7;50;1;251;
CLI3794;M;Si;39;No;Negocios/empresa;10-20annos;Bajo;3;1985;Millennials;27404;Cadiz;1,422;30;1;103;
CLI3795;M;No;43;Si;Artista;+20annos;Bajo;3;1981;Millennials;50181;Vizcaya;0,801;30;0;168;
CLI3796;M;Si;41;Si;Funcionario;10-20annos;Bajo;7;1983;Millennials;24458;Granada;0,663;30;0;283;
CLI3797;M;Si;91;Si;Servicios;+20annos;Alto;2;1933;Generacion Silenciosa;41314;LLeida;1,013;50;0;353;0,5
CLI3798;F;Si;52;No;Ingeniero;+20annos;Bajo;2;1972;Generacion X;26982;Valladolid;0,876;30;0;194;
CLI3799;M;Si;72;Si;Servicios;+20annos;Alto;2;1952;Generacion X;35593;LLeida;0,681;50;1;228;
CLI3800;M;No;28;No;Funcionario;<10annos;Bajo;5;1996;Millennials;22846;Murcia;2,202;30;0;535;4
CLI3801;M;No;44;Si;Artista;+20annos;Bajo;3;1980;Generacion X;71157;Cuenca;1,468;30;1;382;3
CLI3802;M;No;30;Si;Ejecutivo;<10annos;Bajo;6;1994;Millennials;21271;Guipiºzcoa;1,261;30;1;222;
CLI3803;M;No;21;No;Funcionario;<10annos;Bajo;3;2003;Generacion Z;23535;Valladolid;1,098;30;0;388;3
CLI3804;F;;67;Si;Ingeniero;+20annos;Medio;3;1957;Generacion X;40909;Segovia;1,756;30;0;544;4
CLI3805;F;Si;62;Si;Artista;+20annos;Medio;2;1962;Generacion X;117212;Barcelona;1,287;50;1;219;
CLI3806;M;No;58;Si;Artista;+20annos;Bajo;2;1966;Generacion X;105314;Soria;15,215;50;0;509;1
CLI3807;F;Si;43;Si;Artista;+20annos;Bajo;1;1981;Millennials;47164;La Corui±a;1,33;50;1;285;
CLI3808;M;Si;61;Si;Otros;+20annos;Medio;4;1963;Generacion X;41787;Pontevedra;1,385;30;1;387;3
CLI3809;M;Si;72;Si;Servicios;+20annos;Bajo;2;1952;Generacion X;34724;Granada;1,267;30;0;560;1
CLI3810;F;No;29;Si;Ingeniero;<10annos;Bajo;6;1995;Millennials;19998;Granada;0,995;30;1;206;
CLI3811;F;No;31;Si;Funcionario;<10annos;Bajo;3;1993;Millennials;30048;Granada;1,1;30;1;387;3
CLI3812;M;Si;44;Si;Ejecutivo;+20annos;Alto;4;1980;Generacion X;99521;Teruel;1,238;30;1;399;3
CLI3813;M;No;44;No;Otros;+20annos;Bajo;1;1980;Generacion X;112794;Alicante;1,583;120;0;580;4
CLI3814;M;Si;46;No;Ejecutivo;+20annos;Medio;4;1978;Generacion X;24971;Cordoba;0,935;30;0;296;
CLI3815;M;Si;41;Si;Otros;10-20annos;Bajo;4;1983;Millennials;57381;Caceres;1,652;30;0;266;
CLI3816;F;No;24;No;Funcionario;<10annos;Bajo;5;2000;Generacion Z;20666;Cordoba;2,789;30;0;423;3
CLI3817;F;Si;36;No;Funcionario;10-20annos;Bajo;5;1988;Millennials;24393;Segovia;1,261;30;0;97;
CLI3818;M;Si;31;No;Ejecutivo;<10annos;Medio;3;1993;Millennials;27924;Guadalajara;0,939;30;1;330;0,5
CLI3819;M;Si;56;Si;Artista;+20annos;Bajo;2;1968;Generacion X;107190;Cuenca;1,561;50;0;590;1
CLI3820;F;No;35;Si;Funcionario;10-20annos;Bajo;3;1989;Millennials;25306;Huesca;1,859;30;0;447;3
CLI3821;F;Si;36;Si;Funcionario;10-20annos;Alto;1;1988;Millennials;20710;Cordoba;1,376;30;1;233;
CLI3822;F;Si;44;Si;Medico;+20annos;Bajo;1;1980;Generacion X;40389;Tarragona;1,859;50;0;51;
CLI3823;M;Si;40;Si;Otros;10-20annos;Bajo;2;1984;Millennials;37310;Tarragona;1,813;50;1;242;
CLI3824;F;No;30;No;Construccion;<10annos;Bajo;1;1994;Millennials;22489;Granada;1,675;30;1;172;
CLI3825;M;No;20;No;Funcionario;<10annos;Bajo;3;2004;Generacion Z;16539;Valladolid;2,823;30;0;106;
CLI3826;M;Si;89;No;Ejecutivo;+20annos;Alto;2;1935;Generacion Silenciosa;28973;Pontevedra;1,326;30;1;279;
CLI3827;F;No;65;Si;Artista;+20annos;Bajo;2;1959;Generacion X;111264;Las Palmas;1,287;50;0;369;1
CLI3828;M;Si;58;Si;Ejecutivo;+20annos;Alto;3;1966;Generacion X;114064;Huesca;1,052;80;0;114;
CLI3829;M;Si;42;No;Medico;+20annos;Medio;4;1982;Millennials;108151;ivila;0,962;30;0;164;
CLI3830;M;No;22;No;Funcionario;<10annos;Bajo;2;2002;Generacion Z;15933;Gerona;2,927;30;0;85;
CLI3831;F;No;44;Si;Medico;+20annos;Bajo;1;1980;Generacion X;60712;Segovia;1,468;50;0;209;
CLI3832;M;Si;41;Si;Ejecutivo;10-20annos;Alto;2;1983;Millennials;76132;Navarra;1,813;50;1;202;
CLI3833;M;Si;34;No;Medico;10-20annos;Bajo;2;1990;Millennials;31469;Almeri­a;1,928;30;0;577;4
CLI3834;M;Si;44;Si;Ejecutivo;+20annos;Alto;3;1980;Generacion X;89180;Sevilla;1,077;30;1;179;
CLI3835;M;Si;39;Si;Ejecutivo;10-20annos;Alto;4;1985;Millennials;24976;ilava;1,284;30;0;95;
CLI3836;M;Si;39;Si;Otros;10-20annos;Bajo;2;1985;Millennials;20254;Ceuta;0,893;30;0;62;
CLI3837;F;No;43;Si;Artista;+20annos;Bajo;3;1981;Millennials;109077;Almeri­a;2,066;30;0;570;1
CLI3838;M;Si;87;Si;Servicios;+20annos;Bajo;1;1937;Generacion Silenciosa;122588;Pontevedra;1,091;50;0;105;
CLI3839;M;Si;46;Si;Artista;+20annos;Medio;2;1978;Generacion X;87485;Huelva;1,619;50;0;78;
CLI3840;M;Si;46;No;Ingeniero;+20annos;Medio;3;1978;Generacion X;28522;Lugo;1,385;30;0;547;4
CLI3841;F;No;35;No;Ingeniero;10-20annos;Bajo;4;1989;Millennials;19316;Ceuta;1,606;30;0;231;
CLI3842;F;Si;57;Si;Ingeniero;+20annos;Medio;3;1967;Generacion X;113497;Vizcaya;1,033;80;1;236;
CLI3843;M;Si;65;Si;Artista;+20annos;Alto;2;1959;Generacion X;125538;La Corui±a;1,424;50;0;316;0,5
CLI3844;M;Si;56;Si;Ejecutivo;+20annos;Alto;3;1968;Generacion X;113088;Vizcaya;0,798;80;0;373;3
CLI3845;F;No;35;Si;Funcionario;10-20annos;Bajo;1;1989;Millennials;19096;Ciudad Real;0,709;30;0;504;4
CLI3846;M;Si;54;Si;Artista;+20annos;Bajo;1;1970;Generacion X;105812;Almeri­a;0,759;50;0;467;3
CLI3847;F;No;44;No;Medico;+20annos;Bajo;2;1980;Generacion X;124224;Vizcaya;0,778;120;1;243;
CLI3848;F;No;67;Si;Otros;+20annos;Bajo;1;1957;Generacion X;55175;La Rioja;1,385;50;1;328;0,5
CLI3849;F;Si;95;No;Servicios;+20annos;Alto;2;1929;Generacion Silenciosa;117494;Lugo;0,837;120;0;198;
CLI3850;F;Si;32;Si;Artista;10-20annos;Bajo;2;1992;Millennials;22817;Badajoz;0,801;30;1;254;
CLI3851;M;No;51;No;Negocios/empresa;+20annos;Bajo;4;1973;Generacion X;108397;Baleares;1,15;30;0;147;
CLI3852;M;No;31;Si;Artista;<10annos;Bajo;3;1993;Millennials;24813;Gerona;1,422;30;0;330;0,5
CLI3853;F;No;58;Si;Ingeniero;+20annos;Bajo;1;1966;Generacion X;106529;Teruel;0,642;50;0;232;
CLI3854;F;Si;72;No;Negocios/empresa;+20annos;Bajo;1;1952;Generacion X;122039;Segovia;1,756;120;0;572;4
CLI3855;M;No;35;No;Otros;10-20annos;Bajo;6;1989;Millennials;28385;Cuenca;0,87;30;0;370;3
CLI3856;F;No;34;No;Funcionario;10-20annos;Bajo;3;1990;Millennials;27840;Santa Cruz de Tenerife;1,744;30;0;253;
CLI3857;M;No;28;No;Medico;<10annos;Bajo;4;1996;Millennials;31663;Ciudad Real;14,085;30;1;102;
CLI3858;F;No;36;No;Ingeniero;10-20annos;Bajo;3;1988;Millennials;19321;Cuenca;0,801;30;0;589;4
CLI3859;F;Si;42;Si;Medico;+20annos;Medio;2;1982;Millennials;50514;Teruel;1,675;50;0;219;
CLI3860;F;Si;47;Si;Artista;+20annos;Medio;2;1977;Generacion X;46297;Alicante;0,837;50;0;192;
CLI3861;M;No;22;No;Funcionario;<10annos;Bajo;2;2002;Generacion Z;15222;Melilla;1,098;30;1;159;
CLI3862;M;Si;36;Si;Otros;10-20annos;Bajo;2;1988;Millennials;21160;Huesca;1,698;30;0;153;
CLI3863;F;Si;55;;Artista;+20annos;Medio;3;1969;Generacion X;57077;Tarragona;0,642;30;1;117;
CLI3864;F;Si;41;No;Ingeniero;10-20annos;Medio;4;1983;Millennials;32959;Toledo;1,146;30;0;68;
CLI3865;M;Si;42;Si;Artista;+20annos;Bajo;7;1982;Millennials;122364;Barcelona;1,238;200;1;216;
CLI3866;F;No;47;No;Negocios/empresa;+20annos;Bajo;1;1977;Generacion X;68404;Ciudad Real;1,15;30;0;441;3
CLI3867;M;No;30;No;Funcionario;<10annos;Bajo;4;1994;Millennials;22880;Huesca;0,663;30;0;103;
CLI3868;M;Si;39;No;Otros;10-20annos;Medio;5;1985;Millennials;24056;LLeida;1,146;30;0;66;
CLI3869;F;Si;40;No;Ingeniero;10-20annos;Bajo;3;1984;Millennials;129161;Caceres;1,537;200;0;61;
CLI3870;F;No;22;No;Negocios/empresa;<10annos;Bajo;2;2002;Generacion Z;21863;Vizcaya;2,237;30;1;256;
CLI3871;F;Si;58;Si;Negocios/empresa;+20annos;Bajo;1;1966;Generacion X;47939;LLeida;0,935;50;1;358;0,5
CLI3872;M;Si;40;No;Medico;10-20annos;Bajo;1;1984;Millennials;116956;Lugo;1,813;120;1;109;
CLI3873;F;No;35;Si;Ingeniero;10-20annos;Bajo;2;1989;Millennials;25163;Zaragoza;1,468;30;0;165;
CLI3874;M;Si;61;Si;Otros;+20annos;Medio;3;1963;Generacion X;27854;Orense;1,58;30;0;587;4
CLI3875;M;Si;41;Si;Otros;10-20annos;Medio;2;1983;Millennials;53377;Leon;1,169;50;0;404;3
CLI3876;F;No;30;Si;Funcionario;<10annos;Bajo;1;1994;Millennials;25091;Almeri­a;1,997;30;0;289;
CLI3877;M;No;47;Si;Funcionario;+20annos;Bajo;7;1977;Generacion X;108362;Segovia;15,215;30;0;394;1
CLI3878;F;No;35;Si;Ingeniero;10-20annos;Bajo;1;1989;Millennials;23945;Valladolid;1,56;30;0;395;3
CLI3879;F;No;44;Si;Otros;+20annos;Bajo;1;1980;Generacion X;96240;La Rioja;1,077;50;1;282;
CLI3880;F;Si;96;No;Servicios;+20annos;Bajo;1;1928;Generacion Silenciosa;27611;Castellon;1,365;30;1;207;
CLI3881;M;Si;95;No;Servicios;+20annos;Bajo;1;1929;Generacion Silenciosa;83508;Pontevedra;0,955;120;0;95;
CLI3882;F;No;46;Si;Ingeniero;+20annos;Bajo;1;1978;Generacion X;98152;Malaga;1,561;50;0;145;
CLI3883;M;No;41;Si;Artista;10-20annos;Bajo;1;1983;Millennials;61878;ilava;1,721;50;0;444;1
CLI3884;F;No;28;No;Medico;<10annos;Bajo;7;1996;Millennials;28541;Cordoba;1,719;30;0;48;
CLI3885;M;No;21;No;Medico;<10annos;Bajo;4;2003;Generacion Z;15172;Malaga;3,03;30;0;590;4
CLI3886;M;Si;46;No;Artista;+20annos;Medio;5;1978;Generacion X;60222;Cadiz;0,759;30;0;363;0,5
CLI3887;M;Si;36;No;Medico;10-20annos;Bajo;4;1988;Millennials;21058;Navarra;1,445;30;0;600;4
CLI3888;M;Si;45;Si;Artista;+20annos;Bajo;2;1979;Generacion X;102694;Segovia;1,652;50;0;96;
CLI3889;F;No;30;Si;Medico;<10annos;Bajo;2;1994;Millennials;29233;Barcelona;0,755;30;0;433;3
CLI3890;M;Si;92;No;Servicios;+20annos;Bajo;1;1932;Generacion Silenciosa;83696;Alicante;1,346;120;1;205;
CLI3891;M;No;24;No;Funcionario;<10annos;Bajo;4;2000;Generacion Z;14822;Guadalajara;2,996;30;0;45;
CLI3892;F;No;35;Si;Artista;10-20annos;Bajo;2;1989;Millennials;19904;Ciudad Real;1,56;30;1;277;
CLI3893;M;Si;91;Si;Ejecutivo;+20annos;Alto;3;1933;Generacion Silenciosa;73282;Granada;1,678;80;0;507;1
CLI3894;M;Si;55;Si;Artista;+20annos;Medio;3;1969;Generacion X;43688;Teruel;0,564;30;0;394;3
CLI3895;F;No;33;Si;Funcionario;10-20annos;Bajo;4;1991;Millennials;19258;Cordoba;0,709;30;1;218;
CLI3896;F;No;25;No;Funcionario;<10annos;Bajo;4;1999;Generacion Z;19724;Murcia;2,168;30;0;391;3
CLI3897;M;No;30;No;Artista;<10annos;Bajo;8;1994;Millennials;25947;LLeida;0,916;30;0;447;3
CLI3898;F;No;39;Si;Artista;10-20annos;Bajo;1;1985;Millennials;31347;Caceres;0,985;30;1;238;
CLI3899;M;No;25;No;Funcionario;<10annos;Bajo;2;1999;Generacion Z;21517;Malaga;10,635;30;1;288;
CLI3900;M;Si;62;Si;Artista;+20annos;Medio;3;1962;Generacion X;32773;Ceuta;0,779;30;1;334;0,5
CLI3901;F;Si;45;Si;Artista;+20annos;Medio;1;1979;Generacion X;35703;Gerona;0,985;50;1;278;
CLI3902;F;No;28;No;Medico;<10annos;Bajo;3;1996;Millennials;19090;Palencia;1,443;30;0;115;
CLI3903;M;Si;45;Si;Medico;+20annos;Bajo;2;1979;Generacion X;23934;Valencia;2,066;30;0;306;0,5
CLI3904;F;No;30;No;Construccion;<10annos;Bajo;1;1994;Millennials;18638;Granada;1,468;30;0;460;3
CLI3905;M;Si;47;Si;Medico;+20annos;Medio;2;1977;Generacion X;23499;Teruel;1,287;30;1;300;
CLI3906;M;Si;44;Si;Artista;+20annos;Medio;5;1980;Generacion X;26499;La Rioja;0,916;30;0;57;
CLI3907;F;;66;No;Ingeniero;+20annos;Alto;2;1958;Generacion X;111710;Tarragona;0,661;120;1;283;
CLI3908;F;Si;50;No;Artista;+20annos;Medio;4;1974;Generacion X;94104;Sevilla;1,111;30;0;310;0,5
CLI3909;F;Si;90;No;Servicios;+20annos;Alto;2;1934;Generacion Silenciosa;48286;Toledo;1,541;30;1;254;
CLI3910;F;No;31;Si;Artista;<10annos;Bajo;1;1993;Millennials;21615;Navarra;0,939;30;0;415;3
CLI3911;F;Si;69;Si;Artista;+20annos;Alto;4;1955;Generacion X;58766;Ceuta;1,717;80;0;316;0,5
CLI3912;F;No;39;Si;Artista;10-20annos;Bajo;2;1985;Millennials;28530;Leon;1,169;30;0;243;
CLI3913;F;Si;98;No;Servicios;+20annos;Alto;2;1926;Generacion Silenciosa;55890;Caceres;1,58;30;1;140;
CLI3914;M;No;22;No;Funcionario;<10annos;Bajo;4;2002;Generacion Z;16341;Albacete;1,961;30;0;536;4
CLI3915;F;No;44;Si;Funcionario;+20annos;Bajo;1;1980;Generacion X;61753;Zaragoza;2,066;50;1;277;
CLI3916;M;Si;51;No;Artista;+20annos;Medio;2;1973;Generacion X;84398;Cadiz;1,365;120;1;259;
CLI3917;M;No;28;Si;Negocios/empresa;<10annos;Bajo;3;1996;Millennials;29111;Granada;1,685;30;0;149;
CLI3918;F;;51;Si;Otros;+20annos;Bajo;3;1973;Generacion X;62734;Badajoz;1,267;80;1;137;
CLI3919;M;Si;54;Si;Artista;+20annos;Medio;4;1970;Generacion X;80468;ilava;0,661;80;0;371;3
CLI3920;F;Si;52;Si;Artista;+20annos;Bajo;2;1972;Generacion X;108032;Guadalajara;0,974;50;0;288;
CLI3921;M;Si;33;Si;Artista;10-20annos;Medio;2;1991;Millennials;26796;Cadiz;1,1;30;1;224;
CLI3922;F;Si;44;Si;Medico;+20annos;Bajo;1;1980;Generacion X;92897;Huesca;1,077;50;1;234;
CLI3923;M;Si;43;Si;Funcionario;+20annos;Medio;5;1981;Millennials;83161;Huesca;1,353;30;1;202;
CLI3924;M;Si;67;Si;Artista;+20annos;Medio;5;1957;Generacion X;103208;Ciudad Real;0,72;30;0;156;
CLI3925;F;No;31;No;Ingeniero;<10annos;Bajo;4;1993;Millennials;29165;Leon;0,985;30;0;319;0,5
CLI3926;M;No;20;No;Funcionario;<10annos;Bajo;3;2004;Generacion Z;16663;Guipiºzcoa;12,015;30;0;78;
CLI3927;F;Si;61;Si;Artista;+20annos;Medio;4;1963;Generacion X;84511;Castellon;0,876;80;0;254;
CLI3928;M;No;43;No;Ingeniero;+20annos;Bajo;2;1981;Millennials;96971;Valladolid;1,399;120;0;531;4
CLI3929;F;Si;52;No;Ingeniero;+20annos;Medio;1;1972;Generacion X;127225;La Rioja;1,541;120;0;127;
CLI3930;F;No;32;Si;Medico;10-20annos;Bajo;5;1992;Millennials;25287;Cuenca;0,939;30;0;459;3
CLI3931;M;Si;73;No;Ingeniero;+20annos;Bajo;2;1951;Generacion X;124141;Badajoz;1,15;120;0;515;4
CLI3932;F;No;51;Si;Ingeniero;+20annos;Bajo;1;1973;Generacion X;103115;Sevilla;0,798;50;0;370;3
CLI3933;F;Si;57;Si;Artista;+20annos;Medio;3;1967;Generacion X;95064;La Rioja;1,052;80;0;456;3
CLI3934;F;No;25;No;Funcionario;<10annos;Bajo;4;1999;Generacion Z;31708;Guipiºzcoa;0,995;30;0;457;3
CLI3935;F;Si;92;No;Servicios;+20annos;Alto;2;1932;Generacion Silenciosa;36585;Teruel;1,561;30;0;96;
CLI3936;F;No;30;No;Funcionario;<10annos;Bajo;3;1994;Millennials;28129;ivila;2,066;30;0;120;
CLI3937;F;Si;41;Si;Artista;10-20annos;Medio;3;1983;Millennials;66886;Jaen;2,02;30;0;196;
CLI3938;F;No;51;No;Construccion;+20annos;Bajo;1;1973;Generacion X;50265;Palencia;1,228;30;1;288;
CLI3939;F;No;24;No;Funcionario;<10annos;Bajo;3;2000;Generacion Z;18580;Cadiz;1,857;30;0;127;
CLI3940;M;Si;46;Si;Artista;+20annos;Medio;2;1978;Generacion X;95009;Gerona;1,033;50;0;572;4
CLI3941;F;Si;39;Si;Artista;10-20annos;Bajo;2;1985;Millennials;22910;ivila;1,836;30;0;178;
CLI3942;M;Si;43;No;Ejecutivo;+20annos;Alto;3;1981;Millennials;56793;Salamanca;1,56;30;1;306;0,5
CLI3943;F;No;30;Si;Funcionario;<10annos;Bajo;4;1994;Millennials;28954;Burgos;0,985;30;0;147;
CLI3944;M;Si;72;No;Ingeniero;+20annos;Alto;2;1952;Generacion X;52217;Teruel;1,346;30;0;346;0,5
CLI3945;F;Si;43;Si;Artista;+20annos;Medio;3;1981;Millennials;25000;LLeida;1,146;30;1;117;
CLI3946;F;No;24;No;Otros;<10annos;Bajo;3;2000;Generacion Z;15237;Soria;1,616;30;0;534;4
CLI3947;M;No;34;Si;Artista;10-20annos;Bajo;4;1990;Millennials;28692;Almeri­a;1,284;30;0;412;3
CLI3948;F;Si;53;No;Ingeniero;+20annos;Medio;6;1971;Generacion X;23102;Granada;1,541;30;0;423;3
CLI3949;F;Si;64;Si;Artista;+20annos;Medio;2;1960;Generacion X;127013;Castellon;0,642;50;1;257;
CLI3950;F;Si;81;Si;Servicios;+20annos;Alto;1;1943;Generacion Silenciosa;106421;Soria;1,052;50;0;427;3
CLI3951;F;Si;44;Si;Ingeniero;+20annos;Medio;3;1980;Generacion X;76945;Santa Cruz de Tenerife;1,951;30;0;539;4
CLI3952;M;No;29;No;Medico;<10annos;Bajo;4;1995;Millennials;18054;Orense;2,858;30;0;276;
CLI3953;M;No;39;Si;Artista;10-20annos;Bajo;1;1985;Millennials;30262;Tarragona;1,583;30;0;286;
CLI3954;F;No;47;Si;Funcionario;+20annos;Bajo;1;1977;Generacion X;109067;Gerona;1,013;50;0;284;
CLI3955;M;No;54;Si;Medico;+20annos;Bajo;1;1970;Generacion X;54183;Madrid;0,779;50;0;222;
CLI3956;M;Si;29;No;Artista;<10annos;Bajo;4;1995;Millennials;25348;Cadiz;3,099;30;0;325;0,5
CLI3957;F;Si;81;Si;Servicios;+20annos;Alto;2;1943;Generacion Silenciosa;32405;Segovia;0,837;30;0;426;3
CLI3958;F;Si;62;Si;Ingeniero;+20annos;Alto;3;1962;Generacion X;36180;Barcelona;0,622;30;0;500;
CLI3959;F;Si;54;Si;Artista;+20annos;Medio;2;1970;Generacion X;129624;Lugo;1,443;50;0;218;
CLI3960;M;No;21;No;Funcionario;<10annos;Bajo;8;2003;Generacion Z;22655;Sevilla;2,202;30;1;300;
CLI3961;M;No;43;Si;Artista;+20annos;Bajo;3;1981;Millennials;41045;Valladolid;1,33;30;1;170;
CLI3962;M;Si;41;Si;Ejecutivo;10-20annos;Alto;4;1983;Millennials;110724;Burgos;1,767;30;1;367;3
CLI3963;M;No;45;Si;Medico;+20annos;Bajo;1;1979;Generacion X;128372;Lugo;1,399;50;0;579;1
CLI3964;F;No;29;Si;Construccion;<10annos;Bajo;2;1995;Millennials;31645;Ciudad Real;2,582;30;0;524;4
CLI3965;F;Si;42;No;Medico;+20annos;Medio;3;1982;Millennials;41631;Ceuta;0,939;30;0;459;3
CLI3966;M;Si;39;Si;Artista;10-20annos;Bajo;3;1985;Millennials;26637;Jaen;1,652;30;0;480;1
CLI3967;M;Si;54;Si;Artista;+20annos;Medio;2;1970;Generacion X;36690;Zamora;1,228;50;1;127;
CLI3968;M;;66;No;Ingeniero;+20annos;Medio;3;1958;Generacion X;90750;Granada;1,287;30;0;38;
CLI3969;F;No;42;No;Medico;+20annos;Bajo;1;1982;Millennials;57613;Huesca;1,537;30;1;367;3
CLI3970;M;Si;57;;Otros;+20annos;Medio;5;1967;Generacion X;63140;La Rioja;1,326;30;1;232;
CLI3971;M;Si;77;No;Ejecutivo;+20annos;Alto;2;1947;Generacion X;58349;ivila;1,267;30;0;347;0,5
CLI3972;M;No;23;No;Medico;<10annos;Bajo;3;2001;Generacion Z;14878;Cadiz;2,478;30;0;326;0,5
CLI3973;M;Si;64;Si;Artista;+20annos;Bajo;1;1960;Generacion X;60530;Huelva;1,209;50;0;207;
CLI3974;F;No;31;No;Artista;<10annos;Bajo;5;1993;Millennials;24087;Pontevedra;1,675;30;0;464;3
CLI3975;M;Si;63;No;Ejecutivo;+20annos;Bajo;1;1961;Generacion X;74112;Teruel;1,58;30;0;154;
CLI3976;M;Si;41;Si;Artista;10-20annos;Medio;2;1983;Millennials;118407;Huesca;1,031;50;0;461;3
CLI3977;F;Si;57;No;Negocios/empresa;+20annos;Alto;3;1967;Generacion X;27552;Palencia;1,072;30;1;181;
CLI3978;F;Si;39;No;Ingeniero;10-20annos;Medio;5;1985;Millennials;24910;Caceres;1,445;30;1;328;0,5
CLI3979;F;Si;33;Si;Medico;10-20annos;Bajo;2;1991;Millennials;21147;Valencia;1,445;30;1;134;
CLI3980;M;Si;39;Si;Artista;10-20annos;Medio;2;1985;Millennials;18419;Orense;0,824;30;1;153;
CLI3981;F;No;34;Si;Artista;10-20annos;Bajo;3;1990;Millennials;31839;Vizcaya;1,307;30;0;366;3
CLI3982;M;Si;41;Si;Medico;10-20annos;Medio;2;1983;Millennials;65823;Malaga;2,066;50;0;148;
CLI3983;M;Si;78;Si;Ejecutivo;+20annos;Alto;2;1946;Generacion X;64429;Caceres;1,091;50;1;374;3
CLI3984;M;Si;73;Si;Funcionario;+20annos;Bajo;1;1951;Generacion X;115476;Zaragoza;0,935;50;1;209;
CLI3985;F;Si;28;Si;Construccion;<10annos;Medio;2;1996;Millennials;26988;Cadiz;14,085;30;0;190;
CLI3986;M;No;29;Si;Artista;<10annos;Bajo;4;1995;Millennials;29819;Toledo;2,064;30;1;345;0,5
CLI3987;F;No;34;No;Funcionario;10-20annos;Bajo;4;1990;Millennials;21867;Soria;0,801;30;0;158;
CLI3988;M;Si;74;Si;Artista;+20annos;Medio;6;1950;Generacion X;82683;Baleares;1,052;30;0;499;3
CLI3989;F;Si;56;Si;Artista;+20annos;Medio;5;1968;Generacion X;90800;La Rioja;1,737;30;1;321;0,5
CLI3990;F;No;43;Si;Artista;+20annos;Bajo;1;1981;Millennials;53114;Valladolid;1,675;50;1;285;
CLI3991;F;Si;66;Si;Artista;+20annos;Medio;2;1958;Generacion X;68355;Guadalajara;1,658;50;0;459;3
CLI3992;F;Si;51;No;Otros;+20annos;Medio;1;1973;Generacion X;125802;Palencia;1,052;120;1;243;
CLI3993;M;Si;40;Si;Medico;10-20annos;Medio;2;1984;Millennials;38201;Alicante;1,192;50;0;64;
CLI3994;F;No;20;;Funcionario;<10annos;Bajo;3;2004;Generacion Z;17303;ilava;2,306;30;0;453;3
CLI3995;F;No;33;No;Ingeniero;10-20annos;Bajo;1;1991;Millennials;27121;Madrid;1,031;30;0;358;0,5
CLI3996;F;Si;76;Si;Artista;+20annos;Medio;2;1948;Generacion X;57560;Soria;0,876;50;0;41;
CLI3997;M;No;35;No;Construccion;10-20annos;Bajo;1;1989;Millennials;20828;Lugo;0,686;30;0;133;
CLI3998;F;Si;66;Si;Artista;+20annos;Bajo;2;1958;Generacion X;97419;Sevilla;0,896;50;0;161;
CLI3999;F;Si;44;Si;Artista;+20annos;Medio;2;1980;Generacion X;44915;Cuenca;0,824;50;1;306;0,5
CLI4000;F;Si;91;No;Servicios;+20annos;Alto;2;1933;Generacion Silenciosa;115771;Palencia;1,443;120;0;328;0,5
CLI4001;M;Si;56;Si;Artista;+20annos;Medio;1;1968;Generacion X;55195;Alicante;1,404;50;0;393;3
CLI4002;M;Si;36;No;Medico;10-20annos;Medio;5;1988;Millennials;19492;Ceuta;1,744;30;0;449;3
CLI4003;M;Si;47;Si;Otros;+20annos;Medio;4;1977;Generacion X;93221;Cuenca;1,306;80;0;442;3
CLI4004;M;Si;78;No;Servicios;+20annos;Bajo;5;1946;Generacion X;63480;Jaen;0,974;30;0;90;
CLI4005;M;Si;55;Si;Ejecutivo;+20annos;Alto;5;1969;Generacion X;97352;Segovia;1,326;30;0;510;1
CLI4006;M;Si;63;Si;Artista;+20annos;Medio;2;1961;Generacion X;52035;Badajoz;0,681;50;1;103;
CLI4007;M;Si;39;Si;Artista;10-20annos;Medio;2;1985;Millennials;31002;Orense;1,951;30;0;452;3
CLI4008;F;Si;73;Si;Artista;+20annos;Alto;3;1951;Generacion X;76769;Teruel;1,385;80;0;317;0,5
CLI4009;F;Si;51;Si;Artista;+20annos;Bajo;1;1973;Generacion X;105021;Cuenca;0,74;50;0;586;4
CLI4010;M;No;29;No;Funcionario;<10annos;Bajo;1;1995;Millennials;26489;Cadiz;2,237;30;1;180;
CLI4011;M;No;23;No;Funcionario;<10annos;Bajo;3;2001;Generacion Z;12003;Ciudad Real;1,305;30;1;326;0,5
CLI4012;F;No;46;Si;Artista;+20annos;Bajo;2;1978;Generacion X;81393;Granada;1,072;50;1;262;
CLI4013;F;Si;44;Si;Otros;+20annos;Bajo;2;1980;Generacion X;110777;Navarra;1,79;50;0;524;1
CLI4014;M;No;30;No;Medico;<10annos;Bajo;4;1994;Millennials;22581;Ceuta;0,732;30;0;328;0,5
CLI4015;F;Si;41;Si;Artista;10-20annos;Bajo;2;1983;Millennials;56903;Palencia;1,307;50;0;522;1
CLI4016;F;Si;77;;Servicios;+20annos;Alto;1;1947;Generacion X;35070;Valencia;1,502;30;0;443;3
CLI4017;M;No;39;Si;Artista;10-20annos;Bajo;3;1985;Millennials;18815;Salamanca;0,663;30;0;462;3
CLI4018;M;No;31;Si;Funcionario;<10annos;Bajo;1;1993;Millennials;30534;Melilla;0,985;30;0;409;3
CLI4019;M;No;30;No;Otros;<10annos;Bajo;2;1994;Millennials;21759;Albacete;1,721;30;0;462;3
CLI4020;F;Si;89;Si;Servicios;+20annos;Bajo;1;1935;Generacion Silenciosa;103118;La Rioja;1,424;50;1;390;3
CLI4021;M;No;28;Si;Medico;<10annos;Bajo;2;1996;Millennials;19336;Sevilla;2,996;30;0;408;3
CLI4022;M;Si;79;Si;Ejecutivo;+20annos;Alto;2;1945;Generacion Silenciosa;42270;Salamanca;0,818;50;1;373;3
CLI4023;F;No;36;Si;Medico;10-20annos;Bajo;5;1988;Millennials;31240;Zaragoza;1,859;30;0;53;
CLI4024;M;Si;44;Si;Ingeniero;+20annos;Bajo;2;1980;Generacion X;82453;Gerona;1,146;50;0;260;
CLI4025;M;No;57;Si;Artista;+20annos;Bajo;1;1967;Generacion X;125414;Toledo;1,306;50;1;382;3
CLI4026;M;No;25;No;Funcionario;<10annos;Bajo;4;1999;Generacion Z;29725;Soria;2,478;30;0;139;
CLI4027;F;Si;53;Si;Artista;+20annos;Medio;4;1971;Generacion X;68128;ilava;1,463;80;0;241;
CLI4028;F;No;34;No;Funcionario;10-20annos;Bajo;4;1990;Millennials;29871;Guadalajara;0,939;30;0;210;
CLI4029;F;No;39;Si;Artista;10-20annos;Bajo;1;1985;Millennials;26593;Jaen;1,376;30;0;399;1
CLI4030;F;No;69;No;Otros;+20annos;Bajo;1;1955;Generacion X;84747;Salamanca;1,091;120;0;243;
CLI4031;M;Si;69;Si;Servicios;+20annos;Medio;2;1955;Generacion X;66899;Santa Cruz de Tenerife;0,603;50;0;446;3
CLI4032;M;;31;Si;Ingeniero;<10annos;Bajo;2;1993;Millennials;26068;Barcelona;1,284;30;1;133;
CLI4033;F;Si;41;Si;Artista;10-20annos;Medio;2;1983;Millennials;65053;Huelva;1,721;50;0;153;
CLI4034;F;Si;74;Si;Artista;+20annos;Bajo;3;1950;Generacion X;82814;Teruel;1,756;80;1;351;0,5
CLI4035;F;No;41;Si;Funcionario;10-20annos;Bajo;1;1983;Millennials;126917;Tarragona;2,066;50;0;593;1
CLI4036;M;No;24;No;Funcionario;<10annos;Bajo;4;2000;Generacion Z;20172;Pontevedra;1,616;30;0;157;
CLI4037;F;Si;51;Si;Otros;+20annos;Bajo;3;1973;Generacion X;22581;Barcelona;1,541;30;1;210;
CLI4038;M;Si;45;Si;Artista;+20annos;Medio;2;1979;Generacion X;66803;Zamora;0,755;50;1;191;
CLI4039;F;No;65;Si;Otros;+20annos;Bajo;2;1959;Generacion X;108693;Leon;0,622;50;0;35;
CLI4040;M;;25;No;Funcionario;<10annos;Alto;5;1999;Generacion Z;19971;Huelva;1,616;30;0;57;
CLI4041;M;Si;92;Si;Servicios;+20annos;Bajo;3;1932;Generacion Silenciosa;31600;Orense;1,15;30;0;66;
CLI4042;F;Si;98;;Artista;+20annos;Alto;2;1926;Generacion Silenciosa;48521;Lugo;0,876;30;0;554;4
CLI4043;M;Si;55;Si;Artista;+20annos;Bajo;3;1969;Generacion X;44510;Ciudad Real;1,306;30;0;351;0,5
CLI4044;F;Si;57;No;Ingeniero;+20annos;Bajo;1;1967;Generacion X;100588;Zaragoza;1,658;120;0;554;4
CLI4045;F;Si;81;Si;Servicios;+20annos;Alto;2;1943;Generacion Silenciosa;99010;Santa Cruz de Tenerife;1,248;50;0;491;1
CLI4046;M;No;53;Si;Otros;+20annos;Bajo;3;1971;Generacion X;41566;Toledo;0,857;30;0;207;
CLI4047;M;Si;52;Si;Otros;+20annos;Medio;4;1972;Generacion X;95019;Ceuta;1,346;80;0;530;4
CLI4048;F;Si;50;Si;Ingeniero;+20annos;Alto;5;1974;Generacion X;88630;Castellon;1,619;30;1;252;
CLI4049;M;;58;Si;Ejecutivo;+20annos;Alto;3;1966;Generacion X;78743;Almeri­a;1,013;80;0;237;
CLI4050;M;Si;58;Si;Funcionario;+20annos;Alto;4;1966;Generacion X;91054;Almeri­a;1,209;80;1;154;
CLI4051;F;No;32;Si;Artista;10-20annos;Bajo;1;1992;Millennials;26543;Guadalajara;0,962;30;0;61;
CLI4052;M;No;21;No;Funcionario;<10annos;Bajo;3;2003;Generacion Z;14548;Zaragoza;1,823;30;1;130;
CLI4053;F;No;55;Si;Ingeniero;+20annos;Bajo;5;1969;Generacion X;97151;Tarragona;1,189;30;0;526;4
CLI4054;F;No;46;Si;Artista;+20annos;Bajo;1;1978;Generacion X;116421;Granada;1,717;50;1;258;
CLI4055;M;No;32;Si;Otros;10-20annos;Bajo;4;1992;Millennials;20257;Leon;1,33;30;1;272;
CLI4056;M;Si;44;Si;Negocios/empresa;+20annos;Medio;2;1980;Generacion X;34673;Jaen;1,491;30;0;584;4
CLI4057;M;No;20;No;Otros;<10annos;Bajo;4;2004;Generacion Z;21321;Las Palmas;1,167;30;1;292;
CLI4058;M;Si;51;No;Ingeniero;+20annos;Medio;3;1973;Generacion X;28993;Toledo;15,215;30;1;186;
CLI4059;M;Si;75;Si;Servicios;+20annos;Alto;2;1949;Generacion X;121609;Granada;1,248;50;1;358;0,5
CLI4060;M;Si;79;Si;Artista;+20annos;Medio;2;1945;Generacion Silenciosa;116056;LLeida;1,404;50;0;290;
CLI4061;M;Si;73;Si;Servicios;+20annos;Alto;2;1951;Generacion X;112777;Orense;1,228;50;0;557;1
CLI4062;F;;69;Si;Artista;+20annos;Medio;2;1955;Generacion X;62206;Badajoz;1,287;50;0;365;
CLI4063;F;Si;45;No;Negocios/empresa;+20annos;Bajo;2;1979;Generacion X;102933;Guadalajara;0,824;120;0;517;4
CLI4064;M;Si;90;No;Servicios;+20annos;Alto;3;1934;Generacion Silenciosa;110707;Alicante;0,72;30;0;143;
CLI4065;M;Si;47;No;Artista;+20annos;Medio;2;1977;Generacion X;22355;Badajoz;0,818;30;1;338;0,5
CLI4066;M;Si;58;Si;Artista;+20annos;Bajo;1;1966;Generacion X;76408;Granada;1,267;50;0;297;
CLI4067;M;No;32;No;Funcionario;10-20annos;Bajo;3;1992;Millennials;28715;Huesca;1,077;30;0;430;3
CLI4068;F;Si;58;Si;Artista;+20annos;Medio;3;1966;Generacion X;66035;Barcelona;1,404;80;1;219;
CLI4069;F;Si;96;Si;Artista;+20annos;Alto;2;1928;Generacion Silenciosa;21910;Valladolid;1,424;30;0;383;1
CLI4070;M;Si;68;Si;Otros;+20annos;Medio;4;1956;Generacion X;103260;Barcelona;0,583;80;1;223;
CLI4071;M;Si;47;Si;Artista;+20annos;Alto;3;1977;Generacion X;97646;Zamora;1,228;80;0;597;1
CLI4072;M;No;40;No;Otros;10-20annos;Bajo;2;1984;Millennials;65266;Huesca;1,698;30;1;341;0,5
CLI4073;F;No;33;Si;Medico;10-20annos;Bajo;3;1991;Millennials;20074;La Corui±a;1,928;30;0;291;
CLI4074;F;No;41;No;Construccion;10-20annos;Bajo;1;1983;Millennials;66638;Guipiºzcoa;1,974;30;0;543;4
CLI4075;F;Si;65;Si;Artista;+20annos;Medio;4;1959;Generacion X;38470;Badajoz;0,7;30;0;234;
CLI4076;F;Si;39;Si;Artista;10-20annos;Alto;5;1985;Millennials;27869;Zaragoza;1,652;30;0;475;1
CLI4077;M;Si;43;No;Artista;+20annos;Medio;3;1981;Millennials;89904;Orense;1,813;30;0;248;
CLI4078;F;No;21;No;Funcionario;<10annos;Bajo;5;2003;Generacion Z;17890;Palencia;2,927;30;0;162;
CLI4079;F;Si;83;Si;Servicios;+20annos;Bajo;1;1941;Generacion Silenciosa;67711;Baleares;0,681;50;1;397;3
CLI4080;F;Si;44;Si;Construccion;+20annos;Medio;2;1980;Generacion X;118680;Sevilla;1,951;50;0;419;3
CLI4081;M;Si;68;Si;Servicios;+20annos;Medio;2;1956;Generacion X;95519;Segovia;1,072;50;0;555;4
CLI4082;M;Si;47;No;Negocios/empresa;+20annos;Alto;4;1977;Generacion X;68556;Soria;0,74;30;0;419;3
CLI4083;M;Si;47;No;Artista;+20annos;Bajo;2;1977;Generacion X;126865;Huelva;1,209;120;0;441;3
CLI4084;M;Si;32;Si;Artista;10-20annos;Medio;2;1992;Millennials;28896;Soria;1,169;30;0;393;3
CLI4085;F;No;30;Si;Funcionario;<10annos;Bajo;2;1994;Millennials;23004;Soria;0,985;30;1;361;0,5
CLI4086;F;No;25;No;Funcionario;<10annos;Bajo;3;1999;Generacion Z;25064;Baleares;2,202;30;0;286;
CLI4087;M;Si;46;Si;Artista;+20annos;Alto;4;1978;Generacion X;119240;Ceuta;11,305;80;0;441;1
CLI4088;M;No;72;Si;Ejecutivo;+20annos;Bajo;3;1952;Generacion X;109012;La Rioja;15,215;80;0;495;1
CLI4089;M;Si;63;Si;Ejecutivo;+20annos;Medio;5;1961;Generacion X;39972;Ciudad Real;0,896;30;0;124;
CLI4090;F;Si;51;Si;Artista;+20annos;Medio;2;1973;Generacion X;52441;Guadalajara;0,876;50;0;198;
CLI4091;M;Si;33;Si;Medico;10-20annos;Bajo;3;1991;Millennials;30876;Zamora;1,077;30;0;377;3
CLI4092;M;Si;56;Si;Artista;+20annos;Medio;4;1968;Generacion X;125857;Burgos;1,346;80;0;251;
CLI4093;M;Si;43;Si;Artista;+20annos;Bajo;2;1981;Millennials;28830;Sevilla;0,87;30;0;39;
CLI4094;F;No;45;Si;Artista;+20annos;Bajo;1;1979;Generacion X;81667;Lugo;1,882;50;0;495;1
CLI4095;M;No;32;No;Negocios/empresa;10-20annos;Bajo;4;1992;Millennials;21084;Zaragoza;1,583;30;0;215;
CLI4096;M;Si;84;Si;Servicios;+20annos;Bajo;2;1940;Generacion Silenciosa;28829;Huelva;0,642;30;0;325;0,5
CLI4097;M;No;36;Si;Artista;10-20annos;Bajo;1;1988;Millennials;26117;Soria;1,698;30;0;278;
CLI4098;M;No;25;No;Funcionario;<10annos;Bajo;4;1999;Generacion Z;31503;La Rioja;2,858;30;0;445;3
CLI4099;F;Si;36;Si;Negocios/empresa;10-20annos;Alto;2;1988;Millennials;20967;Murcia;0,778;30;1;386;3
CLI4100;F;No;47;Si;Ingeniero;+20annos;Bajo;2;1977;Generacion X;97428;Jaen;0,622;50;0;340;0,5
CLI4101;M;Si;39;Si;Artista;10-20annos;Medio;4;1985;Millennials;23406;Almeri­a;1,284;30;1;384;3
CLI4102;M;Si;35;No;Medico;10-20annos;Bajo;2;1989;Millennials;24358;Tarragona;0,916;30;0;371;3
CLI4103;M;Si;72;Si;Otros;+20annos;Bajo;1;1952;Generacion X;59543;Valladolid;0,915;50;0;415;3
CLI4104;M;Si;54;No;Medico;+20annos;Bajo;2;1970;Generacion X;35798;Jaen;1,541;30;0;129;
CLI4105;F;Si;53;Si;Construccion;+20annos;Bajo;4;1971;Generacion X;102802;Melilla;1,072;80;0;415;3
CLI4106;F;Si;43;Si;Funcionario;+20annos;Medio;2;1981;Millennials;67491;Sevilla;1,399;50;0;166;
CLI4107;M;No;30;Si;Artista;<10annos;Bajo;3;1994;Millennials;19588;La Corui±a;1,56;30;0;318;0,5
CLI4108;F;No;40;Si;Funcionario;10-20annos;Bajo;1;1984;Millennials;25835;Baleares;1,767;30;1;167;
CLI4109;M;Si;84;No;Otros;+20annos;Bajo;1;1940;Generacion Silenciosa;95426;Lugo;1,091;120;1;194;
CLI4110;M;Si;39;Si;Artista;10-20annos;Medio;2;1985;Millennials;23036;Zaragoza;0,985;30;0;597;4
CLI4111;M;Si;39;Si;Artista;10-20annos;Bajo;4;1985;Millennials;27472;Leon;1,077;30;1;351;0,5
CLI4112;F;Si;53;No;Medico;+20annos;Bajo;1;1971;Generacion X;59263;Caceres;1,756;30;0;490;3
CLI4113;M;No;25;No;Funcionario;<10annos;Bajo;3;1999;Generacion Z;24330;Zamora;2,892;30;0;374;3
CLI4114;F;Si;46;Si;Artista;+20annos;Bajo;1;1978;Generacion X;102371;Ceuta;1,033;50;0;227;
CLI4115;M;Si;45;Si;Artista;+20annos;Alto;3;1979;Generacion X;59958;Almeri­a;1,744;30;0;78;
CLI4116;M;Si;32;No;Ejecutivo;10-20annos;Alto;3;1992;Millennials;25902;Salamanca;0,939;30;0;541;4
CLI4117;M;Si;40;Si;Artista;10-20annos;Medio;2;1984;Millennials;121766;Cuenca;1,974;50;1;256;
CLI4118;M;Si;66;Si;Otros;+20annos;Bajo;2;1958;Generacion X;73155;Jaen;1,033;50;0;464;3
CLI4119;F;Si;51;Si;Artista;+20annos;Medio;3;1973;Generacion X;89533;Toledo;1,15;80;0;190;
CLI4120;F;No;34;No;Servicios;10-20annos;Bajo;1;1990;Millennials;27590;Toledo;1,767;30;0;486;3
CLI4121;F;No;22;No;Funcionario;<10annos;Bajo;4;2002;Generacion Z;14062;Baleares;2,996;30;0;231;
CLI4122;F;No;34;No;Funcionario;10-20annos;Bajo;4;1990;Millennials;25006;Lugo;1,284;30;1;242;
CLI4123;M;No;29;No;Medico;<10annos;Bajo;2;1995;Millennials;28750;Cadiz;10,635;30;0;367;3
CLI4124;M;Si;31;No;Artista;<10annos;Bajo;2;1993;Millennials;27993;Caceres;1,56;30;1;374;3
CLI4125;F;No;20;No;Funcionario;<10annos;Bajo;6;2004;Generacion Z;18934;ilava;2,064;30;0;116;
CLI4126;F;No;33;No;Funcionario;10-20annos;Bajo;6;1991;Millennials;23684;Castellon;1,054;30;0;597;4
CLI4127;F;No;43;Si;Otros;+20annos;Bajo;1;1981;Millennials;115321;Sevilla;1,859;50;0;368;1
CLI4128;M;Si;81;Si;Otros;+20annos;Medio;2;1943;Generacion Silenciosa;70036;La Rioja;1,306;50;1;340;0,5
CLI4129;F;No;57;Si;Artista;+20annos;Bajo;1;1967;Generacion X;59579;Huesca;0,896;50;1;240;
CLI4130;M;No;28;Si;Funcionario;<10annos;Bajo;2;1996;Millennials;23888;La Corui±a;2,133;30;0;256;
CLI4131;M;Si;73;Si;Artista;+20annos;Medio;3;1951;Generacion X;87600;Melilla;1,228;80;0;546;4
CLI4132;M;Si;61;Si;Ejecutivo;+20annos;Alto;2;1963;Generacion X;95150;Burgos;1,424;50;1;370;3
CLI4133;M;No;34;Si;Funcionario;10-20annos;Bajo;4;1990;Millennials;23732;La Corui±a;1,215;30;0;584;4
CLI4134;F;No;45;Si;Artista;+20annos;Bajo;4;1979;Generacion X;52951;Huelva;1,468;30;1;221;
CLI4135;M;Si;65;Si;Artista;+20annos;Medio;4;1959;Generacion X;116190;Barcelona;1,6;80;1;191;
CLI4136;F;Si;43;Si;Construccion;+20annos;Alto;2;1981;Millennials;102265;Murcia;1,307;50;1;358;0,5
CLI4137;M;;53;Si;Ejecutivo;+20annos;Bajo;2;1971;Generacion X;117118;Teruel;0,564;50;0;559;4
CLI4138;M;Si;87;No;Servicios;+20annos;Bajo;3;1937;Generacion Silenciosa;63646;Melilla;0,837;30;0;72;
CLI4139;F;No;47;No;Servicios;+20annos;Bajo;1;1977;Generacion X;28864;Vizcaya;1,697;30;0;378;3
CLI4140;M;No;29;No;Medico;<10annos;Bajo;1;1995;Millennials;31323;Jaen;2,03;30;0;262;
CLI4141;F;Si;97;No;Servicios;+20annos;Alto;2;1927;Generacion Silenciosa;57231;Granada;1,228;30;0;329;0,5
CLI4142;F;Si;73;Si;Ingeniero;+20annos;Medio;3;1951;Generacion X;123615;Guipiºzcoa;0,915;80;0;242;
CLI4143;M;Si;62;Si;Artista;+20annos;Medio;4;1962;Generacion X;112238;Burgos;1,6;80;1;247;
CLI4144;M;No;29;Si;Otros;<10annos;Bajo;5;1995;Millennials;23021;Cordoba;1,236;30;0;349;0,5
CLI4145;F;No;45;Si;Artista;+20annos;Bajo;1;1979;Generacion X;111064;Huelva;1,284;50;0;454;1
CLI4146;F;Si;40;No;Ingeniero;10-20annos;Alto;3;1984;Millennials;39587;Zaragoza;1,79;30;0;570;4
CLI4147;F;No;42;Si;Ingeniero;+20annos;Bajo;1;1982;Millennials;45545;Segovia;2,043;50;0;548;1
CLI4148;M;Si;89;No;Ejecutivo;+20annos;Bajo;1;1935;Generacion Silenciosa;64118;Malaga;1,756;30;0;299;
CLI4149;F;No;28;No;Ingeniero;<10annos;Bajo;3;1996;Millennials;25478;Caceres;1,892;30;1;355;0,5
CLI4150;M;No;46;Si;Artista;+20annos;Bajo;1;1978;Generacion X;59594;Badajoz;1,111;50;0;381;3
CLI4151;M;No;35;No;Funcionario;10-20annos;Bajo;5;1989;Millennials;22872;Castellon;0,916;30;0;428;3
CLI4152;M;No;31;Si;Funcionario;<10annos;Bajo;1;1993;Millennials;24483;Madrid;1,997;30;1;372;3
CLI4153;M;No;32;No;Otros;10-20annos;Bajo;4;1992;Millennials;21613;Cuenca;0,916;30;0;225;
CLI4154;F;No;31;No;Funcionario;<10annos;Bajo;4;1993;Millennials;27721;Palencia;1,445;30;0;581;4
CLI4155;M;No;29;Si;Funcionario;<10annos;Bajo;5;1995;Millennials;29632;Granada;12,015;30;0;437;3
CLI4156;M;Si;52;Si;Otros;+20annos;Medio;4;1972;Generacion X;129127;Sevilla;1,463;80;0;66;
CLI4157;F;Si;55;Si;Medico;+20annos;Bajo;2;1969;Generacion X;35880;Orense;0,622;50;1;378;3
CLI4158;M;Si;77;Si;Servicios;+20annos;Bajo;2;1947;Generacion X;71523;Pontevedra;0,681;50;0;186;
CLI4159;F;No;42;No;Ingeniero;+20annos;Bajo;1;1982;Millennials;23670;La Rioja;1,652;30;0;319;0,5
CLI4160;M;No;43;No;Artista;+20annos;Bajo;1;1981;Millennials;22134;Cordoba;1,491;30;0;187;
CLI4161;M;Si;66;Si;Artista;+20annos;Medio;2;1958;Generacion X;112814;Valladolid;1,346;50;1;339;0,5
CLI4162;M;Si;69;Si;Otros;+20annos;Medio;3;1955;Generacion X;90376;Ceuta;1,58;80;0;485;3
CLI4163;F;Si;75;No;Servicios;+20annos;Bajo;2;1949;Generacion X;89246;Guipiºzcoa;1,561;120;1;297;
CLI4164;M;Si;52;Si;Artista;+20annos;Bajo;1;1972;Generacion X;78505;Palencia;15,215;50;1;282;
CLI4165;M;Si;44;Si;Artista;+20annos;Bajo;2;1980;Generacion X;71623;Huesca;1,238;50;0;147;
CLI4166;M;Si;51;No;Artista;+20annos;Alto;3;1973;Generacion X;49734;Zamora;1,091;30;0;229;
CLI4167;M;Si;46;Si;Artista;+20annos;Bajo;3;1978;Generacion X;104734;Santa Cruz de Tenerife;1,463;80;0;477;1
CLI4168;F;Si;53;Si;Artista;+20annos;Medio;5;1971;Generacion X;77432;Almeri­a;0,661;30;0;348;0,5
CLI4169;F;No;58;No;Servicios;+20annos;Bajo;3;1966;Generacion X;38617;Valladolid;0,896;30;0;314;0,5
CLI4170;M;Si;72;Si;Otros;+20annos;Medio;2;1952;Generacion X;52433;Zamora;15,215;50;0;164;
CLI4171;M;No;29;No;Medico;<10annos;Bajo;4;1995;Millennials;26375;Cordoba;14,775;30;1;308;0,5
CLI4172;M;No;39;Si;Medico;10-20annos;Bajo;1;1985;Millennials;30647;Castellon;1,514;30;0;228;
CLI4173;F;No;30;Si;Funcionario;<10annos;Bajo;4;1994;Millennials;22610;Lugo;1,79;30;1;112;
CLI4174;F;Si;95;No;Servicios;+20annos;Alto;2;1929;Generacion Silenciosa;39861;Almeri­a;0,818;30;1;292;
CLI4175;F;No;33;Si;Medico;10-20annos;Bajo;4;1991;Millennials;18184;Tarragona;1,744;30;1;118;
CLI4176;M;Si;47;No;Ejecutivo;+20annos;Bajo;3;1977;Generacion X;43564;La Rioja;1,717;30;0;494;3
CLI4177;F;Si;42;Si;Artista;+20annos;Bajo;1;1982;Millennials;55778;Cuenca;1,123;50;0;279;
CLI4178;F;Si;73;Si;Servicios;+20annos;Alto;2;1951;Generacion X;110236;ilava;1,463;50;0;267;
CLI4179;F;Si;81;Si;Medico;+20annos;Bajo;2;1943;Generacion Silenciosa;36743;Las Palmas;0,7;50;0;357;0,5
CLI4180;M;No;28;Si;Funcionario;<10annos;Bajo;1;1996;Millennials;19320;Leon;1,167;30;0;441;3
CLI4181;M;Si;98;No;Servicios;+20annos;Bajo;1;1926;Generacion Silenciosa;53518;Gerona;11,305;30;0;192;
CLI4182;M;No;33;Si;Medico;10-20annos;Bajo;4;1991;Millennials;29308;Murcia;1,606;30;1;271;
CLI4183;M;Si;36;No;Ejecutivo;10-20annos;Alto;5;1988;Millennials;24572;Gerona;1,606;30;0;324;0,5
CLI4184;F;Si;41;Si;Construccion;10-20annos;Alto;3;1983;Millennials;111552;Tarragona;1,951;30;0;575;1
CLI4185;M;Si;76;No;Servicios;+20annos;Alto;2;1948;Generacion X;49907;Las Palmas;1,033;30;1;353;0,5
CLI4186;F;Si;56;Si;Ingeniero;+20annos;Medio;2;1968;Generacion X;108690;Zaragoza;0,876;50;1;119;
CLI4187;M;No;21;No;Artista;<10annos;Bajo;3;2003;Generacion Z;23143;Castellon;1,65;30;1;209;
CLI4188;M;Si;50;Si;Otros;+20annos;Medio;2;1974;Generacion X;98456;Las Palmas;1,365;50;0;235;
CLI4189;F;No;35;No;Medico;10-20annos;Bajo;5;1989;Millennials;28171;Navarra;1,813;30;0;550;4
CLI4190;F;No;24;No;Medico;<10annos;Bajo;4;2000;Generacion Z;23436;Santa Cruz de Tenerife;3,03;30;1;359;0,5
CLI4191;F;No;29;No;Ingeniero;<10annos;Bajo;6;1995;Millennials;28293;Soria;2,168;30;0;36;
CLI4192;F;Si;47;Si;Artista;+20annos;Alto;3;1977;Generacion X;47909;Melilla;1,541;30;1;342;0,5
CLI4193;M;No;21;No;Funcionario;<10annos;Bajo;2;2003;Generacion Z;18704;Murcia;1,512;30;1;317;0,5
CLI4194;M;Si;53;Si;Artista;+20annos;Medio;3;1971;Generacion X;55950;Pontevedra;1,502;80;0;310;0,5
CLI4195;F;Si;67;Si;Medico;+20annos;Medio;2;1957;Generacion X;87257;Cuenca;1,17;50;0;77;
CLI4196;F;No;22;No;Negocios/empresa;<10annos;Bajo;2;2002;Generacion Z;21834;Valladolid;1,305;30;1;222;
CLI4197;M;No;24;No;Funcionario;<10annos;Bajo;4;2000;Generacion Z;19773;Huesca;1,443;30;0;52;
CLI4198;F;No;34;Si;Otros;10-20annos;Bajo;3;1990;Millennials;22539;Segovia;0,732;30;0;243;
CLI4199;M;No;28;Si;Artista;<10annos;Bajo;3;1996;Millennials;25567;Granada;2,582;30;1;335;0,5
CLI4200;M;Si;45;Si;Funcionario;+20annos;Bajo;3;1979;Generacion X;81598;Las Palmas;0,663;30;0;341;0,5
CLI4201;M;Si;40;Si;Ejecutivo;10-20annos;Alto;3;1984;Millennials;118224;Burgos;1,514;30;0;495;1
CLI4202;M;Si;53;Si;Artista;+20annos;Alto;5;1971;Generacion X;115247;Ciudad Real;0,955;30;0;525;4
CLI4203;M;No;30;No;Artista;<10annos;Bajo;1;1994;Millennials;27736;Soria;0,663;30;1;194;
CLI4204;M;No;39;Si;Servicios;10-20annos;Bajo;1;1985;Millennials;25030;Cordoba;0,847;30;1;239;
CLI4205;F;Si;43;Si;Medico;+20annos;Medio;3;1981;Millennials;33670;Leon;1,905;30;0;55;
CLI4206;M;Si;42;No;Ejecutivo;+20annos;Medio;3;1982;Millennials;67501;La Corui±a;0,755;30;0;469;3
CLI4207;F;Si;63;Si;Artista;+20annos;Medio;3;1961;Generacion X;69447;Valencia;1,15;80;0;75;
CLI4208;M;No;42;Si;Artista;+20annos;Bajo;1;1982;Millennials;122597;ivila;1,721;50;0;196;
CLI4209;M;Si;88;No;Artista;+20annos;Bajo;2;1936;Generacion Silenciosa;105212;Toledo;1,111;120;0;191;
CLI4210;M;Si;63;Si;Otros;+20annos;Medio;2;1961;Generacion X;97312;Palencia;1,072;50;0;171;
CLI4211;M;Si;67;Si;Otros;+20annos;Medio;2;1957;Generacion X;61831;Tarragona;1,737;50;1;351;0,5
CLI4212;M;No;32;Si;Funcionario;10-20annos;Bajo;4;1992;Millennials;23243;Segovia;1,56;30;0;375;3
CLI4213;F;No;25;No;Funcionario;<10annos;Bajo;4;1999;Generacion Z;27799;ivila;3,03;30;1;220;
CLI4214;F;Si;91;No;Servicios;+20annos;Bajo;1;1933;Generacion Silenciosa;90344;Cordoba;1,424;120;0;214;
CLI4215;M;Si;41;Si;Otros;10-20annos;Medio;3;1983;Millennials;65627;Cuenca;0,87;30;0;52;
CLI4216;M;Si;39;No;Artista;10-20annos;Bajo;6;1985;Millennials;23356;Toledo;1,284;30;0;100;
CLI4217;M;Si;45;Si;Medico;+20annos;Medio;2;1979;Generacion X;114919;Guipiºzcoa;1,146;50;0;427;3
CLI4218;F;Si;42;Si;Artista;+20annos;Medio;2;1982;Millennials;33521;Palencia;1,974;30;0;250;
CLI4219;M;Si;89;No;Otros;+20annos;Bajo;1;1935;Generacion Silenciosa;75215;La Corui±a;0,876;120;0;154;
CLI4220;F;Si;64;Si;Construccion;+20annos;Bajo;1;1960;Generacion X;97640;Castellon;1,639;50;0;163;
CLI4221;F;No;42;No;Ingeniero;+20annos;Bajo;1;1982;Millennials;86354;Huesca;1,583;120;0;294;
CLI4222;M;Si;20;No;Medico;<10annos;Bajo;2;2004;Generacion Z;13065;Palencia;2,892;30;0;31;
CLI4223;M;No;41;Si;Artista;10-20annos;Bajo;4;1983;Millennials;56038;Segovia;1,537;30;0;354;0,5
CLI4224;M;Si;47;No;Artista;+20annos;Medio;2;1977;Generacion X;40068;Segovia;15,215;30;1;330;0,5
CLI4225;F;No;40;Si;Medico;10-20annos;Bajo;1;1984;Millennials;65447;Gerona;1,1;50;0;268;
CLI4226;F;Si;84;Si;Servicios;+20annos;Alto;2;1940;Generacion Silenciosa;29214;Almeri­a;1,463;30;1;212;
CLI4227;M;No;36;No;Otros;10-20annos;Bajo;1;1988;Millennials;29858;LLeida;1,675;30;0;137;
CLI4228;M;Si;47;No;Ejecutivo;+20annos;Alto;5;1977;Generacion X;117464;Alicante;1,737;30;1;253;
CLI4229;M;Si;52;No;Ejecutivo;+20annos;Alto;7;1972;Generacion X;24117;Huelva;15,215;30;0;287;
CLI4230;M;Si;89;No;Servicios;+20annos;Bajo;2;1935;Generacion Silenciosa;60957;Pontevedra;1,561;30;1;219;
CLI4231;M;No;30;Si;Artista;<10annos;Bajo;3;1994;Millennials;21219;Palencia;1,882;30;0;341;0,5
CLI4232;M;No;32;No;Otros;10-20annos;Bajo;5;1992;Millennials;22031;Sevilla;1,951;30;1;302;0,5
CLI4233;F;No;42;Si;Medico;+20annos;Bajo;3;1982;Millennials;106154;Sevilla;1,951;30;0;269;
CLI4234;F;No;21;;Funcionario;<10annos;Bajo;4;2003;Generacion Z;23631;Pontevedra;1,719;30;0;364;0,5
CLI4235;M;Si;41;Si;Ejecutivo;10-20annos;Medio;5;1983;Millennials;26736;Sevilla;1,629;30;0;80;
CLI4236;M;No;52;No;Otros;+20annos;Bajo;1;1972;Generacion X;56642;Huesca;1,052;30;0;121;
CLI4237;F;No;36;Si;Ingeniero;10-20annos;Bajo;5;1988;Millennials;19783;Orense;1,445;30;0;482;1
CLI4238;M;Si;56;No;Otros;+20annos;Medio;5;1968;Generacion X;111250;Murcia;0,72;30;1;199;
CLI4239;F;Si;95;No;Servicios;+20annos;Alto;2;1929;Generacion Silenciosa;45096;Granada;1,619;30;1;394;3
CLI4240;F;Si;62;Si;Otros;+20annos;Medio;2;1962;Generacion X;83719;Huesca;1,697;50;0;325;0,5
CLI4241;M;Si;65;Si;Artista;+20annos;Medio;2;1959;Generacion X;70622;La Corui±a;1,17;50;0;443;3
CLI4242;M;Si;36;Si;Medico;10-20annos;Medio;2;1988;Millennials;26081;Leon;1,008;30;1;170;
CLI4243;F;No;34;No;Servicios;10-20annos;Bajo;2;1990;Millennials;23670;Murcia;1,997;30;0;253;
CLI4244;F;Si;78;No;Artista;+20annos;Alto;2;1946;Generacion X;51585;Huelva;1,697;30;0;400;3
CLI4245;F;No;35;No;Otros;10-20annos;Bajo;6;1989;Millennials;25176;Palencia;1,813;30;0;454;3
CLI4246;M;Si;29;No;Artista;<10annos;Bajo;2;1995;Millennials;28713;Malaga;1,961;30;1;233;
CLI4247;M;;98;No;Servicios;+20annos;Alto;2;1926;Generacion Silenciosa;42947;Ceuta;0,74;30;1;254;
CLI4248;M;Si;77;Si;Artista;+20annos;Bajo;2;1947;Generacion X;52395;Vizcaya;0,818;50;0;493;3
CLI4249;M;Si;33;No;Ejecutivo;10-20annos;Alto;4;1991;Millennials;24183;Vizcaya;1,606;30;0;313;0,5
CLI4250;M;Si;41;No;Ejecutivo;10-20annos;Alto;6;1983;Millennials;68573;La Rioja;1,284;30;1;119;
CLI4251;F;No;33;Si;Medico;10-20annos;Bajo;9;1991;Millennials;29379;Tarragona;1,905;30;0;166;
CLI4252;F;No;25;No;Medico;<10annos;Bajo;3;1999;Generacion Z;30856;Tarragona;2,478;30;0;186;
CLI4253;F;No;46;Si;Artista;+20annos;Bajo;2;1978;Generacion X;113368;Gerona;0,935;50;0;599;4
CLI4254;M;Si;53;No;Ejecutivo;+20annos;Alto;4;1971;Generacion X;93777;Cadiz;0,7;30;0;237;
CLI4255;M;No;31;Si;Funcionario;<10annos;Bajo;7;1993;Millennials;25105;Huesca;0,778;30;0;86;
CLI4256;F;Si;72;Si;Artista;+20annos;Medio;2;1952;Generacion X;109216;Jaen;1,717;50;0;311;0,5
CLI4257;F;No;31;No;Medico;<10annos;Bajo;5;1993;Millennials;20889;Segovia;1,606;30;0;274;
CLI4258;M;Si;94;Si;Servicios;+20annos;Bajo;1;1930;Generacion Silenciosa;24265;Orense;0,837;30;1;116;
CLI4259;M;No;20;No;Funcionario;<10annos;Bajo;4;2004;Generacion Z;13165;Madrid;1,443;30;0;156;
CLI4260;M;Si;39;Si;Artista;10-20annos;Medio;2;1985;Millennials;21418;Ceuta;1,353;30;0;353;0,5
CLI4261;F;No;30;No;Ingeniero;<10annos;Bajo;1;1994;Millennials;28915;Melilla;1,468;30;0;536;4
CLI4262;M;Si;75;Si;Otros;+20annos;Bajo;3;1949;Generacion X;103988;Pontevedra;0,583;80;0;599;4
CLI4263;M;Si;57;No;Ingeniero;+20annos;Medio;6;1967;Generacion X;76102;Pontevedra;1,482;30;0;587;4
CLI4264;M;No;22;No;Funcionario;<10annos;Bajo;5;2002;Generacion Z;18791;Navarra;1,512;30;0;431;3
CLI4265;M;Si;39;Si;Artista;10-20annos;Bajo;3;1985;Millennials;31123;Soria;1,307;30;0;382;1
CLI4266;F;No;23;Si;Funcionario;<10annos;Bajo;4;2001;Generacion Z;14718;Alicante;2,064;30;0;186;
CLI4267;F;No;46;No;Otros;+20annos;Bajo;3;1978;Generacion X;96749;Valladolid;0,798;30;0;212;
CLI4268;F;Si;55;Si;Artista;+20annos;Medio;2;1969;Generacion X;79132;Huelva;1,385;50;0;175;
CLI4269;M;No;28;No;Servicios;<10annos;Bajo;1;1996;Millennials;31553;Leon;1,581;30;0;142;
CLI4270;F;No;35;No;Artista;10-20annos;Bajo;6;1989;Millennials;29791;Burgos;1,698;30;1;362;0,5
CLI4271;M;No;21;No;Funcionario;<10annos;Bajo;5;2003;Generacion Z;19503;Huesca;1,961;30;0;421;3
CLI4272;M;No;24;No;Funcionario;<10annos;Bajo;4;2000;Generacion Z;20864;LLeida;2,754;30;0;112;
CLI4273;M;No;30;Si;Funcionario;<10annos;Bajo;3;1994;Millennials;20725;Valladolid;1,238;30;0;505;4
CLI4274;M;No;24;No;Funcionario;<10annos;Bajo;4;2000;Generacion Z;15332;Valladolid;1,685;30;0;311;0,5
CLI4275;F;Si;61;Si;Artista;+20annos;Medio;3;1963;Generacion X;48297;Murcia;1,228;30;0;339;0,5
CLI4276;F;No;24;No;Servicios;<10annos;Bajo;1;2000;Generacion Z;22539;LLeida;2,064;30;1;334;0,5
CLI4277;M;Si;44;No;Servicios;+20annos;Medio;2;1980;Generacion X;69676;Sevilla;1,744;30;1;349;0,5
CLI4278;F;No;51;Si;Artista;+20annos;Bajo;1;1973;Generacion X;104620;ivila;1,306;50;1;118;
CLI4279;M;Si;72;Si;Otros;+20annos;Bajo;3;1952;Generacion X;54584;Teruel;1,385;30;0;600;1
CLI4280;F;No;20;No;Funcionario;<10annos;Bajo;4;2004;Generacion Z;22790;Barcelona;2,892;30;0;510;4
CLI4281;F;Si;58;Si;Artista;+20annos;Medio;4;1966;Generacion X;36318;Cordoba;0,622;30;0;234;
CLI4282;M;;39;Si;Artista;10-20annos;Bajo;1;1985;Millennials;18800;Cordoba;1,974;30;0;230;
CLI4283;M;Si;65;No;Ejecutivo;+20annos;Bajo;5;1959;Generacion X;89729;Zamora;1,326;30;0;325;0,5
CLI4284;F;No;35;Si;Funcionario;10-20annos;Bajo;3;1989;Millennials;27976;Guadalajara;1,146;30;1;200;
CLI4285;M;Si;43;Si;Artista;+20annos;Medio;3;1981;Millennials;76025;Zamora;0,686;30;0;182;
CLI4286;M;Si;97;No;Artista;+20annos;Bajo;1;1927;Generacion Silenciosa;113179;Burgos;1,111;120;0;568;4
CLI4287;M;Si;67;Si;Ejecutivo;+20annos;Alto;3;1957;Generacion X;127574;Santa Cruz de Tenerife;0,7;80;0;465;3
CLI4288;M;No;23;No;Funcionario;<10annos;Bajo;4;2001;Generacion Z;12272;Vizcaya;1,029;30;1;274;
CLI4289;M;No;34;Si;Funcionario;10-20annos;Bajo;4;1990;Millennials;31323;Jaen;1,399;30;0;228;
CLI4290;M;Si;64;Si;Artista;+20annos;Medio;4;1960;Generacion X;32954;Zamora;1,111;30;0;403;3
CLI4291;F;No;30;Si;Negocios/empresa;<10annos;Bajo;3;1994;Millennials;29954;Badajoz;0,778;30;0;508;4
CLI4292;F;Si;56;Si;Ingeniero;+20annos;Medio;2;1968;Generacion X;24241;Melilla;1,326;30;1;180;
CLI4293;F;Si;53;Si;Ingeniero;+20annos;Alto;4;1971;Generacion X;26819;Granada;1,228;30;0;179;
CLI4294;M;No;28;Si;Ejecutivo;<10annos;Bajo;3;1996;Millennials;20294;Zamora;1,754;30;0;516;4
CLI4295;M;Si;98;No;Ejecutivo;+20annos;Alto;2;1926;Generacion Silenciosa;29376;Leon;0,759;30;0;289;
CLI4296;F;;56;Si;Artista;+20annos;Bajo;4;1968;Generacion X;44743;Salamanca;1,033;30;1;207;
CLI4297;F;No;44;Si;Artista;+20annos;Bajo;1;1980;Generacion X;115355;Toledo;1,698;50;1;365;
CLI4298;M;No;62;Si;Artista;+20annos;Bajo;1;1962;Generacion X;85580;Guadalajara;1,111;50;0;455;3
CLI4299;M;Si;40;Si;Otros;10-20annos;Alto;3;1984;Millennials;47378;Ciudad Real;1,146;30;1;146;
CLI4300;F;No;42;Si;Medico;+20annos;Bajo;5;1982;Millennials;23080;ilava;1,928;30;1;220;
CLI4301;M;Si;52;Si;Otros;+20annos;Bajo;4;1972;Generacion X;33127;Gerona;1,541;30;0;280;
CLI4302;M;Si;67;Si;Artista;+20annos;Medio;4;1957;Generacion X;51854;Ceuta;1,111;30;0;569;4
CLI4303;M;Si;98;Si;Servicios;+20annos;Alto;2;1926;Generacion Silenciosa;98992;Melilla;1,756;50;0;433;1
CLI4304;M;Si;61;No;Construccion;+20annos;Bajo;1;1963;Generacion X;56353;Las Palmas;1,385;30;0;83;
CLI4305;M;Si;97;No;Servicios;+20annos;Alto;3;1927;Generacion Silenciosa;118278;Barcelona;0,798;30;1;247;
CLI4306;F;Si;47;Si;Artista;+20annos;Medio;2;1977;Generacion X;21568;Ceuta;0,935;30;0;460;3
CLI4307;M;No;31;No;Medico;<10annos;Bajo;3;1993;Millennials;31924;Alicante;1,353;30;0;254;
CLI4308;M;Si;46;No;Otros;+20annos;Medio;4;1978;Generacion X;100539;Cordoba;0,72;30;0;111;
CLI4309;M;No;36;Si;Artista;10-20annos;Bajo;1;1988;Millennials;26143;La Rioja;2,043;30;0;120;
CLI4310;F;Si;66;No;Servicios;+20annos;Alto;2;1958;Generacion X;51386;Gerona;1,756;30;1;266;
CLI4311;M;No;65;Si;Artista;+20annos;Bajo;1;1959;Generacion X;89834;Badajoz;0,955;50;1;123;
CLI4312;M;No;34;Si;Funcionario;10-20annos;Bajo;1;1990;Millennials;21097;Granada;1,675;30;0;341;0,5
CLI4313;F;No;34;Si;Artista;10-20annos;Bajo;1;1990;Millennials;19881;Orense;1,537;30;0;322;0,5
CLI4314;M;Si;47;Si;Medico;+20annos;Bajo;2;1977;Generacion X;106585;La Corui±a;0,622;50;0;164;
CLI4315;F;No;46;Si;Negocios/empresa;+20annos;Bajo;3;1978;Generacion X;24060;Ciudad Real;1,463;30;0;475;1
CLI4316;M;Si;32;No;Otros;10-20annos;Medio;2;1992;Millennials;28531;La Rioja;1,445;30;0;114;
CLI4317;F;No;58;Si;Artista;+20annos;Bajo;1;1966;Generacion X;96092;Palencia;1,658;50;0;106;
CLI4318;F;No;23;No;Funcionario;<10annos;Bajo;7;2001;Generacion Z;13136;Tarragona;2,996;30;1;216;
CLI4319;M;No;45;Si;Otros;+20annos;Bajo;2;1979;Generacion X;117999;Lugo;1,353;50;1;255;
CLI4320;M;Si;53;Si;Medico;+20annos;Medio;3;1971;Generacion X;23091;Toledo;1,482;30;0;252;
CLI4321;M;No;34;No;Funcionario;10-20annos;Bajo;4;1990;Millennials;19016;La Corui±a;0,985;30;1;358;0,5
CLI4322;M;No;29;Si;Medico;<10annos;Bajo;3;1995;Millennials;23471;Cuenca;2,168;30;0;426;3
CLI4323;F;No;20;No;Funcionario;<10annos;Bajo;5;2004;Generacion Z;12445;Castellon;12,015;30;1;123;
CLI4324;F;No;21;No;Funcionario;<10annos;Bajo;1;2003;Generacion Z;13319;Valencia;2,582;30;0;549;4
CLI4325;M;Si;46;Si;Ejecutivo;+20annos;Alto;3;1978;Generacion X;56386;Orense;1,17;80;1;233;
CLI4326;F;Si;57;No;Ingeniero;+20annos;Medio;5;1967;Generacion X;129452;Granada;0,642;200;1;294;
CLI4327;F;Si;55;Si;Artista;+20annos;Medio;2;1969;Generacion X;21882;LLeida;0,994;30;0;597;4
CLI4328;M;No;36;No;Otros;10-20annos;Bajo;1;1988;Millennials;18035;ivila;1,307;30;0;576;4
CLI4329;F;Si;83;Si;Servicios;+20annos;Alto;2;1941;Generacion Silenciosa;38798;Toledo;1,15;50;0;448;3
CLI4330;M;Si;78;Si;Ejecutivo;+20annos;Alto;3;1946;Generacion X;61132;Jaen;1,424;80;1;133;
CLI4331;F;Si;65;No;Otros;+20annos;Medio;2;1959;Generacion X;61275;Alicante;1,287;30;0;116;
CLI4332;F;Si;94;Si;Servicios;+20annos;Alto;2;1930;Generacion Silenciosa;44849;Valladolid;1,502;50;0;110;
CLI4333;M;Si;32;No;Ejecutivo;10-20annos;Alto;3;1992;Millennials;27948;Soria;1,491;30;0;344;0,5
CLI4334;M;Si;47;No;Ejecutivo;+20annos;Medio;5;1977;Generacion X;123966;Salamanca;0,661;200;1;316;0,5
CLI4335;F;No;57;Si;Artista;+20annos;Bajo;1;1967;Generacion X;91263;Salamanca;1,365;50;0;370;1
CLI4336;M;Si;40;Si;Construccion;10-20annos;Medio;2;1984;Millennials;59586;Valencia;0,801;50;0;156;
CLI4337;F;No;65;Si;Medico;+20annos;Bajo;4;1959;Generacion X;88163;Caceres;0,759;80;0;490;3
CLI4338;F;No;25;No;Funcionario;<10annos;Bajo;3;1999;Generacion Z;25911;Albacete;12,705;30;0;341;0,5
CLI4339;F;No;43;Si;Artista;+20annos;Bajo;1;1981;Millennials;89469;Albacete;1,445;50;0;407;1
CLI4340;M;Si;43;Si;Otros;+20annos;Medio;2;1981;Millennials;96877;Jaen;1,192;50;0;427;3
CLI4341;F;Si;51;Si;Otros;+20annos;Bajo;2;1973;Generacion X;105636;Orense;0,622;50;1;310;0,5
CLI4342;M;No;36;No;Negocios/empresa;10-20annos;Bajo;4;1988;Millennials;20246;Madrid;1,997;30;1;248;
CLI4343;M;Si;58;Si;Ejecutivo;+20annos;Alto;4;1966;Generacion X;55758;Albacete;1,385;80;1;291;
CLI4344;F;;55;Si;Artista;+20annos;Medio;1;1969;Generacion X;39529;Zaragoza;1,502;50;1;142;
CLI4345;F;Si;68;Si;Artista;+20annos;Bajo;1;1956;Generacion X;104601;Caceres;1,228;50;0;509;1
CLI4346;M;Si;51;Si;Artista;+20annos;Medio;5;1973;Generacion X;89934;Las Palmas;1,091;30;1;182;
CLI4347;M;Si;44;Si;Artista;+20annos;Medio;2;1980;Generacion X;38656;Lugo;1,882;50;0;245;
CLI4348;M;No;68;Si;Otros;+20annos;Bajo;4;1956;Generacion X;98386;Caceres;1,033;80;0;170;
CLI4349;F;No;34;Si;Funcionario;10-20annos;Bajo;2;1990;Millennials;31462;Navarra;1,445;30;1;158;
CLI4350;F;No;28;No;Artista;<10annos;Bajo;3;1996;Millennials;29606;Santa Cruz de Tenerife;2,582;30;0;495;3
CLI4351;M;No;25;No;Negocios/empresa;<10annos;Bajo;1;1999;Generacion Z;31096;Palencia;2,064;30;1;392;3
CLI4352;M;No;24;No;Negocios/empresa;<10annos;Bajo;6;2000;Generacion Z;17483;Zamora;2,961;30;0;587;4
CLI4353;F;Si;52;Si;Artista;+20annos;Alto;6;1972;Generacion X;31117;Teruel;0,974;30;0;48;
CLI4354;M;Si;75;Si;Artista;+20annos;Alto;2;1949;Generacion X;22740;Las Palmas;1,443;30;1;377;3
CLI4355;M;No;28;No;Otros;<10annos;Bajo;2;1996;Millennials;20208;Sevilla;1,443;30;0;573;4
CLI4356;F;No;33;No;Artista;10-20annos;Bajo;1;1991;Millennials;18927;Navarra;1,192;30;0;501;4
CLI4357;M;Si;30;No;Ejecutivo;<10annos;Bajo;6;1994;Millennials;25155;Guadalajara;0,732;30;0;171;
CLI4358;M;Si;42;Si;Otros;+20annos;Medio;3;1982;Millennials;122345;Tarragona;1,445;200;0;338;0,5
CLI4359;F;No;36;No;Servicios;10-20annos;Bajo;1;1988;Millennials;20063;Sevilla;1,1;30;0;39;
CLI4360;F;Si;51;No;Artista;+20annos;Bajo;5;1973;Generacion X;43763;Huelva;0,955;30;0;406;3
CLI4361;F;Si;41;Si;Artista;10-20annos;Bajo;2;1983;Millennials;40102;Ceuta;1,974;50;0;444;1
CLI4362;F;Si;45;Si;Artista;+20annos;Medio;2;1979;Generacion X;65032;Lugo;1,491;50;0;464;3
CLI4363;F;No;32;No;Artista;10-20annos;Bajo;1;1992;Millennials;24578;Caceres;0,778;30;0;173;
CLI4364;F;No;21;No;Otros;<10annos;Bajo;5;2003;Generacion Z;12694;Guipiºzcoa;2,651;30;0;169;
CLI4365;M;Si;90;No;Ejecutivo;+20annos;Alto;2;1934;Generacion Silenciosa;34520;Castellon;0,779;30;0;329;0,5
CLI4366;F;Si;53;Si;Medico;+20annos;Bajo;1;1971;Generacion X;121274;Segovia;1,326;50;1;227;
CLI4367;M;Si;74;Si;Artista;+20annos;Alto;2;1950;Generacion X;37786;Las Palmas;1,15;50;1;140;
CLI4368;F;Si;85;Si;Servicios;+20annos;Alto;2;1939;Generacion Silenciosa;44800;La Rioja;15,215;50;0;329;0,5
CLI4369;M;;62;Si;Artista;+20annos;Medio;2;1962;Generacion X;41718;Leon;1,033;50;0;183;
CLI4370;M;Si;76;Si;Ejecutivo;+20annos;Bajo;1;1948;Generacion X;103452;Granada;1,189;50;1;254;
CLI4371;M;Si;44;Si;Artista;+20annos;Bajo;3;1980;Generacion X;127670;Jaen;1,422;200;0;76;
CLI4372;M;Si;67;Si;Artista;+20annos;Bajo;1;1957;Generacion X;75216;Huesca;0,564;50;0;113;
CLI4373;M;Si;51;Si;Artista;+20annos;Medio;5;1973;Generacion X;80112;Caceres;1,619;30;0;345;0,5
CLI4374;F;;34;No;Medico;10-20annos;Bajo;4;1990;Millennials;30442;Pontevedra;1,652;30;0;104;
CLI4375;M;Si;43;Si;Artista;+20annos;Medio;3;1981;Millennials;62745;Vizcaya;1,169;30;0;371;3
CLI4376;F;Si;98;Si;Artista;+20annos;Alto;3;1926;Generacion Silenciosa;24616;Navarra;11,305;30;0;211;
CLI4377;M;Si;33;No;Artista;10-20annos;Medio;3;1991;Millennials;29732;Burgos;0,801;30;1;225;
CLI4378;F;;65;Si;Artista;+20annos;Medio;4;1959;Generacion X;111294;Granada;1,561;80;0;174;
CLI4379;F;Si;52;Si;Ingeniero;+20annos;Medio;2;1972;Generacion X;89152;Navarra;0,779;50;0;75;
CLI4380;F;No;24;No;Funcionario;<10annos;Bajo;3;2000;Generacion Z;23107;Valencia;2,271;30;0;442;3
CLI4381;F;No;46;Si;Artista;+20annos;Bajo;3;1978;Generacion X;126231;Badajoz;0,564;80;1;309;0,5
CLI4382;M;Si;76;Si;Artista;+20annos;Alto;2;1948;Generacion X;78983;Barcelona;1,385;50;0;354;0,5
CLI4383;F;No;33;Si;Otros;10-20annos;Bajo;5;1991;Millennials;27332;LLeida;0,962;30;1;384;3
CLI4384;M;Si;43;No;Ejecutivo;+20annos;Alto;7;1981;Millennials;41509;Madrid;1,997;30;0;83;
CLI4385;M;No;30;No;Artista;<10annos;Bajo;1;1994;Millennials;22293;Baleares;1,491;30;0;285;
CLI4386;M;Si;33;No;Ingeniero;10-20annos;Medio;3;1991;Millennials;25933;Malaga;0,801;30;0;131;
CLI4387;M;Si;52;Si;Ejecutivo;+20annos;Alto;4;1972;Generacion X;91073;Navarra;0,876;80;1;272;
CLI4388;F;Si;89;No;Servicios;+20annos;Alto;2;1935;Generacion Silenciosa;71657;Zaragoza;0,72;30;0;305;0,5
CLI4389;M;Si;46;No;Medico;+20annos;Medio;3;1978;Generacion X;63641;Las Palmas;1,404;30;0;71;
CLI4390;F;No;47;Si;Artista;+20annos;Bajo;1;1977;Generacion X;32709;Valladolid;1,287;30;1;386;3
CLI4391;F;No;34;No;Otros;10-20annos;Bajo;5;1990;Millennials;23373;Vizcaya;1,514;30;0;408;3
CLI4392;F;Si;43;Si;Artista;+20annos;Medio;3;1981;Millennials;49649;Salamanca;1,859;30;0;181;
CLI4393;F;Si;63;Si;Artista;+20annos;Medio;4;1961;Generacion X;87145;Alicante;1,561;80;0;106;
CLI4394;M;Si;39;Si;Servicios;10-20annos;Bajo;2;1985;Millennials;26356;Albacete;2,043;30;0;507;1
CLI4395;M;No;47;Si;Medico;+20annos;Bajo;1;1977;Generacion X;124492;Melilla;1,404;50;0;242;
CLI4396;F;No;34;No;Funcionario;10-20annos;Bajo;3;1990;Millennials;25026;ilava;1,353;30;0;139;
CLI4397;F;No;31;Si;Ingeniero;<10annos;Bajo;6;1993;Millennials;21475;Huesca;1,744;30;0;344;0,5
CLI4398;M;Si;64;Si;Artista;+20annos;Medio;2;1960;Generacion X;58633;Segovia;1,385;50;0;83;
CLI4399;M;Si;78;Si;Servicios;+20annos;Alto;2;1946;Generacion X;86774;ivila;0,935;50;0;80;
CLI4400;F;Si;40;Si;Construccion;10-20annos;Medio;2;1984;Millennials;84175;Teruel;0,985;50;1;281;
CLI4401;F;No;47;Si;Artista;+20annos;Bajo;3;1977;Generacion X;59016;Salamanca;0,896;80;1;250;
CLI4402;M;Si;76;Si;Artista;+20annos;Bajo;2;1948;Generacion X;112033;Gerona;1,189;50;0;300;
CLI4403;M;Si;85;Si;Servicios;+20annos;Bajo;1;1939;Generacion Silenciosa;73750;Cuenca;1,482;50;1;214;
CLI4404;M;Si;55;Si;Artista;+20annos;Medio;4;1969;Generacion X;47595;Sevilla;0,603;30;0;436;3
CLI4405;F;Si;55;Si;Artista;+20annos;Medio;4;1969;Generacion X;115532;La Rioja;0,642;80;0;153;
CLI4406;F;No;44;Si;Funcionario;+20annos;Bajo;2;1980;Generacion X;92024;La Rioja;1,192;50;0;417;3
CLI4407;F;Si;47;Si;Ingeniero;+20annos;Medio;2;1977;Generacion X;48947;Murcia;0,7;50;0;475;3
CLI4408;M;No;41;No;Otros;10-20annos;Bajo;1;1983;Millennials;109117;Leon;0,893;120;1;178;
CLI4409;M;Si;39;Si;Artista;10-20annos;Medio;1;1985;Millennials;18926;Santa Cruz de Tenerife;2,02;30;0;600;4
CLI4410;F;Si;72;Si;Servicios;+20annos;Alto;3;1952;Generacion X;55660;ilava;1,111;80;0;307;0,5
CLI4411;F;Si;51;Si;Artista;+20annos;Medio;4;1973;Generacion X;40679;Vizcaya;1,052;30;0;60;
CLI4412;M;Si;39;No;Otros;10-20annos;Medio;4;1985;Millennials;27700;Gerona;0,962;30;0;182;
CLI4413;F;Si;95;No;Servicios;+20annos;Alto;2;1929;Generacion Silenciosa;62490;La Corui±a;1,697;30;0;333;0,5
CLI4414;M;No;69;No;Otros;+20annos;Bajo;1;1955;Generacion X;34843;Segovia;1,15;30;0;453;3
CLI4415;F;Si;44;Si;Artista;+20annos;Medio;5;1980;Generacion X;105507;Cordoba;0,663;30;0;62;
CLI4416;F;Si;61;Si;Artista;+20annos;Bajo;1;1963;Generacion X;89599;Tarragona;0,583;50;0;427;3
CLI4417;M;No;41;Si;Funcionario;10-20annos;Bajo;4;1983;Millennials;60766;Teruel;1,077;30;0;331;0,5
CLI4418;M;No;34;Si;Artista;10-20annos;Bajo;1;1990;Millennials;24686;Teruel;1,882;30;0;452;3
CLI4419;M;No;31;Si;Funcionario;<10annos;Bajo;4;1993;Millennials;22002;Zamora;1,514;30;0;283;
CLI4420;F;Si;53;Si;Ingeniero;+20annos;Alto;3;1971;Generacion X;43277;ivila;0,994;30;0;572;4
CLI4421;M;No;42;Si;Artista;+20annos;Bajo;2;1982;Millennials;88572;Leon;0,732;50;1;294;
CLI4422;M;Si;63;Si;Artista;+20annos;Medio;5;1961;Generacion X;53989;Valladolid;0,818;30;0;201;
CLI4423;F;No;53;No;Otros;+20annos;Bajo;1;1971;Generacion X;102386;Teruel;0,994;120;0;320;0,5
CLI4424;F;Si;87;Si;Servicios;+20annos;Alto;1;1937;Generacion Silenciosa;100139;Alicante;1,6;50;1;319;0,5
CLI4425;M;Si;89;Si;Servicios;+20annos;Bajo;1;1935;Generacion Silenciosa;95680;Leon;0,876;50;0;447;3
CLI4426;F;No;23;No;Negocios/empresa;<10annos;Bajo;8;2001;Generacion Z;20963;ivila;2,961;30;1;392;3
CLI4427;F;No;36;Si;Funcionario;10-20annos;Bajo;2;1988;Millennials;24327;Valladolid;1,583;30;1;386;3
CLI4428;M;No;42;Si;Artista;+20annos;Bajo;2;1982;Millennials;26962;Caceres;0,686;30;0;233;
CLI4429;F;Si;41;Si;Artista;10-20annos;Medio;3;1983;Millennials;119477;ilava;0,824;30;0;451;3
CLI4430;F;No;36;Si;Artista;10-20annos;Bajo;1;1988;Millennials;30710;Toledo;0,893;30;0;271;
CLI4431;M;Si;42;Si;Artista;+20annos;Medio;2;1982;Millennials;123205;Lugo;1,79;50;0;406;3
CLI4432;F;Si;43;Si;Artista;+20annos;Medio;4;1981;Millennials;86347;Palencia;0,709;30;1;224;
CLI4433;F;Si;65;Si;Artista;+20annos;Alto;2;1959;Generacion X;35303;Murcia;0,72;50;1;119;
CLI4434;F;Si;63;Si;Artista;+20annos;Medio;4;1961;Generacion X;29598;La Rioja;0,955;30;1;106;
CLI4435;M;Si;88;Si;Servicios;+20annos;Bajo;1;1936;Generacion Silenciosa;111597;La Rioja;0,622;50;0;589;4
CLI4436;M;Si;46;No;Otros;+20annos;Bajo;3;1978;Generacion X;73544;Navarra;1,561;30;0;288;
CLI4437;M;Si;83;Si;Servicios;+20annos;Bajo;1;1941;Generacion Silenciosa;124119;Alicante;1,541;50;0;584;1
CLI4438;F;No;32;No;Ingeniero;10-20annos;Bajo;2;1992;Millennials;31308;Soria;1,905;30;0;377;3
CLI4439;F;No;36;Si;Ingeniero;10-20annos;Bajo;2;1988;Millennials;24016;Cuenca;2,066;30;1;112;
CLI4440;F;Si;69;Si;Artista;+20annos;Bajo;2;1955;Generacion X;112540;La Corui±a;0,876;50;0;423;3
CLI4441;M;No;36;Si;Otros;10-20annos;Bajo;6;1988;Millennials;27556;Cadiz;1,169;30;1;331;0,5
CLI4442;M;No;24;No;Funcionario;<10annos;Bajo;4;2000;Generacion Z;12032;LLeida;2,03;30;1;326;0,5
CLI4443;M;Si;40;Si;Artista;10-20annos;Medio;2;1984;Millennials;43427;Ceuta;0,686;50;1;162;
CLI4444;F;Si;58;Si;Artista;+20annos;Medio;3;1966;Generacion X;77493;Salamanca;1,267;80;0;572;4
CLI4445;M;Si;39;Si;Otros;10-20annos;Bajo;5;1985;Millennials;30877;Palencia;1,905;30;0;536;1
CLI4446;F;Si;32;Si;Funcionario;10-20annos;Medio;2;1992;Millennials;19129;ilava;1,261;30;0;413;3
CLI4447;F;Si;34;Si;Funcionario;10-20annos;Bajo;1;1990;Millennials;25859;Tarragona;1,767;30;1;288;
CLI4448;M;Si;42;Si;Artista;+20annos;Bajo;4;1982;Millennials;85780;Salamanca;1,836;30;1;247;
CLI4449;M;No;24;No;Funcionario;<10annos;Bajo;8;2000;Generacion Z;22317;Cuenca;2,582;30;1;296;
CLI4450;F;Si;63;Si;Artista;+20annos;Medio;3;1961;Generacion X;117990;Jaen;1,267;80;0;260;
CLI4451;F;Si;46;No;Ingeniero;+20annos;Medio;6;1978;Generacion X;21172;Leon;1,228;30;0;203;
CLI4452;M;No;86;Si;Otros;+20annos;Bajo;1;1938;Generacion Silenciosa;57709;Tarragona;0,857;50;1;194;
CLI4453;F;Si;85;Si;Servicios;+20annos;Alto;2;1939;Generacion Silenciosa;72934;Zaragoza;1,541;50;0;256;
CLI4454;M;Si;87;Si;Servicios;+20annos;Alto;2;1937;Generacion Silenciosa;72328;Valladolid;1,072;50;0;458;3
CLI4455;M;Si;58;Si;Funcionario;+20annos;Alto;4;1966;Generacion X;99628;Segovia;1,306;80;0;299;
CLI4456;F;Si;46;Si;Artista;+20annos;Bajo;2;1978;Generacion X;81892;Sevilla;1,619;50;1;165;
CLI4457;F;No;79;Si;Artista;+20annos;Bajo;2;1945;Generacion Silenciosa;91361;Alicante;1,756;50;0;289;
CLI4458;M;Si;78;No;Ejecutivo;+20annos;Medio;2;1946;Generacion X;111170;Orense;1,482;120;1;208;
CLI4459;F;No;28;No;Ingeniero;<10annos;Bajo;1;1996;Millennials;21306;Navarra;0,995;30;1;113;
CLI4460;M;Si;81;Si;Servicios;+20annos;Alto;2;1943;Generacion Silenciosa;42347;Lugo;1,248;50;0;33;
CLI4461;M;Si;67;Si;Ejecutivo;+20annos;Bajo;3;1957;Generacion X;66085;Pontevedra;0,642;80;0;127;
CLI4462;M;Si;53;Si;Medico;+20annos;Medio;3;1971;Generacion X;123436;Sevilla;1,619;80;0;310;0,5
CLI4463;F;No;31;No;Funcionario;<10annos;Bajo;4;1993;Millennials;20263;Valladolid;0,755;30;0;80;
CLI4464;F;Si;47;Si;Otros;+20annos;Medio;2;1977;Generacion X;89963;Castellon;1,287;50;0;547;4
CLI4465;F;No;20;No;Funcionario;<10annos;Bajo;3;2004;Generacion Z;12690;Guadalajara;1,512;30;1;101;
CLI4466;M;Si;90;Si;Servicios;+20annos;Alto;2;1934;Generacion Silenciosa;34549;Teruel;1,756;30;1;337;0,5
CLI4467;M;Si;44;Si;Artista;+20annos;Bajo;1;1980;Generacion X;71626;Zaragoza;0,709;50;0;465;3
CLI4468;M;No;35;No;Funcionario;10-20annos;Bajo;3;1989;Millennials;29254;Badajoz;1,307;30;0;208;
CLI4469;M;No;30;Si;Funcionario;<10annos;Bajo;4;1994;Millennials;30536;Las Palmas;1,652;30;0;393;3
CLI4470;M;;61;Si;Otros;+20annos;Medio;5;1963;Generacion X;100239;Jaen;0,564;30;0;568;4
CLI4471;F;No;23;No;Funcionario;<10annos;Bajo;2;2001;Generacion Z;13949;Almeri­a;2,409;30;0;352;0,5
CLI4472;F;No;31;No;Otros;<10annos;Bajo;2;1993;Millennials;21691;Granada;1,698;30;1;312;0,5
CLI4473;M;Si;47;Si;Artista;+20annos;Medio;3;1977;Generacion X;53237;Valladolid;0,661;30;1;305;0,5
CLI4474;F;Si;42;No;Ingeniero;+20annos;Medio;5;1982;Millennials;66714;Orense;1,422;30;1;150;
CLI4475;M;Si;69;Si;Artista;+20annos;Medio;4;1955;Generacion X;53494;La Rioja;0,622;30;0;42;
CLI4476;M;Si;28;Si;Artista;<10annos;Medio;2;1996;Millennials;23901;Cadiz;1,65;30;0;278;
CLI4477;M;Si;45;Si;Artista;+20annos;Medio;3;1979;Generacion X;124803;Jaen;1,905;200;0;421;3
CLI4478;M;No;30;Si;Medico;<10annos;Bajo;1;1994;Millennials;26012;Navarra;1,031;30;0;293;
CLI4479;M;Si;41;Si;Artista;10-20annos;Medio;3;1983;Millennials;129355;ivila;1,56;200;0;526;4
CLI4480;F;Si;63;No;Ingeniero;+20annos;Bajo;1;1961;Generacion X;27355;Sevilla;0,837;30;0;134;
CLI4481;M;Si;95;Si;Funcionario;+20annos;Bajo;1;1929;Generacion Silenciosa;42594;Teruel;0,857;50;0;234;
CLI4482;M;Si;62;No;Ejecutivo;+20annos;Alto;8;1962;Generacion X;74941;Sevilla;0,798;30;0;362;0,5
CLI4483;F;No;30;Si;Construccion;<10annos;Bajo;1;1994;Millennials;27376;Malaga;1,054;30;0;474;3
CLI4484;M;Si;77;No;Ejecutivo;+20annos;Alto;2;1947;Generacion X;104015;Baleares;1,15;120;1;158;
CLI4485;F;No;24;No;Funcionario;<10annos;Bajo;4;2000;Generacion Z;13177;Melilla;1,685;30;0;51;
CLI4486;M;Si;39;Si;Medico;10-20annos;Alto;2;1985;Millennials;18163;Tarragona;1,031;30;0;355;0,5
CLI4487;M;No;34;No;Funcionario;10-20annos;Bajo;2;1990;Millennials;26782;La Rioja;0,709;30;0;318;0,5
CLI4488;M;Si;44;Si;Artista;+20annos;Medio;4;1980;Generacion X;27272;ivila;1,698;30;0;218;
CLI4489;F;Si;47;Si;Artista;+20annos;Bajo;2;1977;Generacion X;123902;ilava;0,974;50;0;43;
CLI4490;F;Si;42;No;Ingeniero;+20annos;Bajo;2;1982;Millennials;40747;Guipiºzcoa;1,054;30;0;548;4
CLI4491;M;Si;92;Si;Servicios;+20annos;Bajo;1;1932;Generacion Silenciosa;99147;Las Palmas;1,756;50;0;202;
CLI4492;F;No;31;No;Otros;<10annos;Bajo;4;1993;Millennials;23795;Murcia;0,732;30;0;531;4
CLI4493;F;No;43;No;Ingeniero;+20annos;Bajo;1;1981;Millennials;27599;Orense;0,801;30;0;258;
CLI4494;F;No;53;Si;Artista;+20annos;Bajo;1;1971;Generacion X;91886;Granada;1,209;50;0;264;
CLI4495;F;Si;45;Si;Artista;+20annos;Medio;2;1979;Generacion X;107721;Navarra;1,468;50;1;242;
CLI4496;F;No;32;No;Funcionario;10-20annos;Bajo;3;1992;Millennials;24021;Madrid;1,997;30;1;262;
CLI4497;M;Si;50;No;Artista;+20annos;Medio;3;1974;Generacion X;86156;Cuenca;1,639;30;0;263;
CLI4498;F;Si;50;Si;Artista;+20annos;Alto;5;1974;Generacion X;87250;Baleares;1,346;30;0;373;1
CLI4499;F;No;45;Si;Otros;+20annos;Bajo;2;1979;Generacion X;107503;Almeri­a;1,33;50;1;104;
CLI4500;F;Si;31;No;Construccion;<10annos;Alto;3;1993;Millennials;30339;Sevilla;1,491;30;1;331;0,5
CLI4501;M;No;22;;Funcionario;<10annos;Bajo;3;2002;Generacion Z;17580;ivila;10,635;30;0;91;
CLI4502;F;Si;76;Si;Servicios;+20annos;Alto;2;1948;Generacion X;33377;Barcelona;1,346;30;0;580;1
CLI4503;M;Si;58;Si;Artista;+20annos;Medio;3;1966;Generacion X;60281;Ciudad Real;0,876;80;0;165;
CLI4504;M;;52;;Ejecutivo;+20annos;Medio;5;1972;Generacion X;34034;Burgos;1,541;30;0;153;
CLI4505;F;Si;89;Si;Servicios;+20annos;Alto;2;1935;Generacion Silenciosa;112172;ivila;0,994;50;0;590;4
CLI4506;M;Si;53;Si;Medico;+20annos;Medio;5;1971;Generacion X;50048;Cuenca;1,287;30;0;494;3
CLI4507;F;Si;50;Si;Artista;+20annos;Medio;2;1974;Generacion X;96072;Guipiºzcoa;1,189;50;0;337;0,5
CLI4508;F;Si;31;No;Otros;<10annos;Medio;2;1993;Millennials;31191;Caceres;1,744;30;0;159;
CLI4509;M;Si;63;No;Otros;+20annos;Alto;3;1961;Generacion X;93004;Murcia;1,697;30;0;235;
CLI4510;M;Si;56;Si;Artista;+20annos;Alto;3;1968;Generacion X;66514;Valencia;1,052;80;0;434;3
CLI4511;M;No;30;No;Otros;<10annos;Bajo;3;1994;Millennials;26812;Las Palmas;0,939;30;0;477;3
CLI4512;F;No;30;Si;Otros;<10annos;Bajo;3;1994;Millennials;25551;Barcelona;0,663;30;0;590;4
CLI4513;M;Si;33;Si;Funcionario;10-20annos;Alto;2;1991;Millennials;30091;Barcelona;1,33;30;0;56;
CLI4514;F;No;23;No;Funcionario;<10annos;Bajo;4;2001;Generacion Z;21211;Huelva;2,409;30;0;482;3
CLI4515;M;No;42;Si;Otros;+20annos;Bajo;2;1982;Millennials;76607;Pontevedra;1,859;50;0;111;
CLI4516;M;Si;63;No;Negocios/empresa;+20annos;Alto;3;1961;Generacion X;128038;Orense;0,818;200;0;164;
CLI4517;F;Si;86;Si;Servicios;+20annos;Alto;2;1938;Generacion Silenciosa;42803;Soria;0,915;50;1;227;
CLI4518;F;Si;51;Si;Construccion;+20annos;Medio;3;1973;Generacion X;59678;Sevilla;0,837;80;0;300;
CLI4519;M;Si;83;No;Ejecutivo;+20annos;Alto;2;1941;Generacion Silenciosa;126835;Vizcaya;1,639;120;0;247;
CLI4520;F;Si;43;Si;Construccion;+20annos;Bajo;1;1981;Millennials;111838;Huesca;0,893;50;0;524;4
CLI4521;M;;67;Si;Artista;+20annos;Medio;5;1957;Generacion X;127108;Burgos;0,7;200;0;321;0,5
CLI4522;F;Si;57;Si;Ingeniero;+20annos;Bajo;1;1967;Generacion X;41056;La Corui±a;1,267;50;0;220;
CLI4523;F;No;28;No;Construccion;<10annos;Bajo;3;1996;Millennials;20941;Sevilla;2,409;30;1;315;0,5
CLI4524;F;Si;41;Si;Artista;10-20annos;Medio;3;1983;Millennials;121346;Huesca;0,893;200;0;548;4
CLI4525;M;Si;34;Si;Funcionario;10-20annos;Bajo;2;1990;Millennials;25991;Barcelona;1,307;30;0;397;3
CLI4526;F;No;20;No;Funcionario;<10annos;Bajo;4;2004;Generacion Z;17560;Palencia;2,754;30;1;255;
CLI4527;M;No;40;Si;Ingeniero;10-20annos;Bajo;2;1984;Millennials;50583;Alicante;1,1;50;0;271;
CLI4528;F;Si;65;Si;Artista;+20annos;Alto;5;1959;Generacion X;102833;Huelva;1,619;30;0;458;1
CLI4529;M;Si;43;Si;Artista;+20annos;Medio;2;1981;Millennials;63655;Jaen;0,732;50;1;213;
CLI4530;F;Si;57;;Ingeniero;+20annos;Bajo;1;1967;Generacion X;44681;ilava;1,756;30;0;247;
CLI4531;F;No;28;Si;Artista;<10annos;Bajo;1;1996;Millennials;31957;Sevilla;0,995;30;0;399;3
CLI4532;F;Si;52;No;Artista;+20annos;Bajo;1;1972;Generacion X;21162;Baleares;1,209;30;1;312;0,5
CLI4533;M;Si;35;Si;Otros;10-20annos;Bajo;2;1989;Millennials;27829;Granada;1,652;30;0;185;
CLI4534;F;Si;42;No;Medico;+20annos;Medio;2;1982;Millennials;100404;Valencia;1,905;120;0;370;3
CLI4535;M;Si;57;Si;Artista;+20annos;Medio;4;1967;Generacion X;106779;Albacete;1,17;80;1;152;
CLI4536;M;No;23;No;Funcionario;<10annos;Bajo;6;2001;Generacion Z;15504;Tarragona;2,754;30;0;69;
CLI4537;M;Si;77;No;Servicios;+20annos;Bajo;1;1947;Generacion X;75459;Ceuta;0,779;120;0;138;
CLI4538;M;No;34;No;Funcionario;10-20annos;Bajo;4;1990;Millennials;22856;Zaragoza;1,031;30;0;567;4
CLI4539;F;No;25;No;Medico;<10annos;Bajo;4;1999;Generacion Z;19720;Gerona;1,029;30;0;574;4
CLI4540;M;No;36;No;Negocios/empresa;10-20annos;Bajo;3;1988;Millennials;19430;Vizcaya;1,974;30;1;301;0,5
CLI4541;M;Si;41;Si;Negocios/empresa;10-20annos;Alto;2;1983;Millennials;33602;Madrid;1,537;30;0;81;
CLI4542;F;Si;85;Si;Servicios;+20annos;Alto;2;1939;Generacion Silenciosa;114556;Malaga;0,857;50;1;193;
CLI4543;F;Si;46;Si;Ingeniero;+20annos;Bajo;2;1978;Generacion X;94837;Baleares;1,033;50;0;197;
CLI4544;M;Si;80;Si;Funcionario;+20annos;Medio;3;1944;Generacion Silenciosa;26142;La Rioja;0,779;30;0;212;
CLI4545;F;Si;44;Si;Ingeniero;+20annos;Medio;6;1980;Generacion X;71764;Santa Cruz de Tenerife;1,606;30;0;450;3
CLI4546;F;No;36;Si;Artista;10-20annos;Bajo;3;1988;Millennials;23886;Jaen;1,123;30;1;387;3
CLI4547;M;No;20;No;Funcionario;<10annos;Bajo;3;2004;Generacion Z;15447;Vizcaya;2,375;30;1;399;3
CLI4548;F;;24;No;Medico;<10annos;Alto;3;2000;Generacion Z;23796;Jaen;2,513;30;0;455;3
CLI4549;F;Si;47;Si;Servicios;+20annos;Bajo;2;1977;Generacion X;41245;Castellon;1,091;50;1;341;0,5
CLI4550;F;;32;No;Funcionario;10-20annos;Bajo;4;1992;Millennials;30451;Gerona;1,031;30;0;202;
CLI4551;M;;41;Si;Medico;10-20annos;Bajo;6;1983;Millennials;92333;Valencia;1,813;30;0;100;
CLI4552;M;Si;65;Si;Artista;+20annos;Bajo;2;1959;Generacion X;28897;Valladolid;1,346;30;1;110;
CLI4553;F;No;35;No;Funcionario;10-20annos;Bajo;4;1989;Millennials;31320;Cadiz;0,732;30;0;110;
CLI4554;F;No;46;No;Construccion;+20annos;Bajo;1;1978;Generacion X;28254;Toledo;1,052;30;0;405;3
CLI4555;F;Si;51;Si;Artista;+20annos;Bajo;1;1973;Generacion X;66695;La Rioja;0,583;50;1;193;
CLI4556;M;Si;58;Si;Otros;+20annos;Bajo;3;1966;Generacion X;29355;Gerona;0,622;30;0;532;4
CLI4557;M;Si;45;Si;Artista;+20annos;Medio;3;1979;Generacion X;27301;Las Palmas;1,928;30;0;92;
CLI4558;M;No;23;No;Funcionario;<10annos;Bajo;3;2001;Generacion Z;14541;Almeri­a;3,065;30;1;229;
CLI4559;M;Si;68;No;Ejecutivo;+20annos;Alto;2;1956;Generacion X;115713;Zamora;1,287;120;0;460;3
CLI4560;M;No;34;No;Funcionario;10-20annos;Bajo;1;1990;Millennials;26908;Salamanca;1,974;30;0;351;0,5
CLI4561;F;No;64;Si;Ingeniero;+20annos;Bajo;1;1960;Generacion X;60523;Baleares;1,013;50;1;345;0,5
CLI4562;M;Si;40;Si;Artista;10-20annos;Bajo;1;1984;Millennials;105076;Badajoz;1,859;50;0;563;1
CLI4563;F;No;31;Si;Otros;<10annos;Bajo;2;1993;Millennials;30121;LLeida;1,031;30;0;71;
CLI4564;F;Si;52;Si;Medico;+20annos;Medio;4;1972;Generacion X;89349;Madrid;1,306;80;1;194;
CLI4565;F;No;40;No;Ingeniero;10-20annos;Bajo;1;1984;Millennials;24810;Huesca;1,698;30;1;133;
CLI4566;M;No;40;Si;Artista;10-20annos;Bajo;1;1984;Millennials;85594;Badajoz;1,997;50;0;181;
CLI4567;F;;36;Si;Funcionario;10-20annos;Bajo;5;1988;Millennials;24873;Alicante;0,709;30;0;192;
CLI4568;F;Si;51;Si;Artista;+20annos;Alto;4;1973;Generacion X;89948;Guadalajara;11,305;80;0;46;
CLI4569;M;Si;54;Si;Artista;+20annos;Medio;2;1970;Generacion X;101752;Las Palmas;1,111;50;0;308;0,5
CLI4570;M;No;36;No;Funcionario;10-20annos;Bajo;5;1988;Millennials;29223;La Rioja;1,445;30;1;142;
CLI4571;F;Si;54;Si;Construccion;+20annos;Medio;2;1970;Generacion X;109262;Toledo;0,642;50;0;302;0,5
CLI4572;M;Si;28;Si;Artista;<10annos;Bajo;4;1996;Millennials;24507;Granada;10,635;30;0;309;0,5
CLI4573;M;Si;88;Si;Ejecutivo;+20annos;Bajo;1;1936;Generacion Silenciosa;86190;Castellon;1,072;50;1;332;0,5
CLI4574;M;No;40;Si;Funcionario;10-20annos;Bajo;4;1984;Millennials;22492;Valladolid;0,686;30;1;369;3
CLI4575;M;No;29;No;Ingeniero;<10annos;Bajo;1;1995;Millennials;29458;Palencia;2,547;30;1;308;0,5
CLI4576;F;Si;50;No;Medico;+20annos;Bajo;1;1974;Generacion X;51782;La Rioja;0,818;30;1;162;
CLI4577;F;Si;45;Si;Otros;+20annos;Medio;4;1979;Generacion X;63835;Soria;0,663;30;0;548;4
CLI4578;F;Si;76;Si;Artista;+20annos;Bajo;2;1948;Generacion X;105655;Guadalajara;15,215;50;0;588;1
CLI4579;M;Si;58;Si;Otros;+20annos;Medio;4;1966;Generacion X;109816;ivila;1,209;80;0;296;
CLI4580;M;Si;45;Si;Artista;+20annos;Alto;2;1979;Generacion X;23006;Malaga;1,284;30;0;35;
CLI4581;M;Si;47;No;Ejecutivo;+20annos;Bajo;4;1977;Generacion X;123399;Cordoba;1,15;200;0;298;
CLI4582;F;Si;56;Si;Artista;+20annos;Medio;2;1968;Generacion X;41833;Cuenca;0,798;50;0;65;
CLI4583;M;Si;50;Si;Artista;+20annos;Medio;6;1974;Generacion X;50614;Soria;0,622;30;0;514;4
CLI4584;M;Si;55;Si;Ejecutivo;+20annos;Alto;3;1969;Generacion X;85701;Madrid;0,681;80;0;593;4
CLI4585;M;Si;63;Si;Medico;+20annos;Medio;4;1961;Generacion X;21024;Soria;0,837;30;0;384;3
CLI4586;M;Si;77;Si;Servicios;+20annos;Alto;2;1947;Generacion X;70538;Vizcaya;1,424;50;0;31;
CLI4587;F;Si;65;No;Artista;+20annos;Bajo;3;1959;Generacion X;31872;Zamora;1,561;30;0;156;
CLI4588;M;Si;92;Si;Servicios;+20annos;Bajo;1;1932;Generacion Silenciosa;110369;Valencia;0,759;50;0;66;
CLI4589;F;No;33;Si;Funcionario;10-20annos;Bajo;5;1991;Millennials;31914;Caceres;0,847;30;1;328;0,5
CLI4590;M;Si;47;Si;Ingeniero;+20annos;Medio;4;1977;Generacion X;60748;Salamanca;15,215;80;0;215;
CLI4591;M;No;44;Si;Artista;+20annos;Bajo;1;1980;Generacion X;29316;La Rioja;0,985;30;0;175;
CLI4592;M;Si;81;No;Servicios;+20annos;Bajo;1;1943;Generacion Silenciosa;51938;Cuenca;0,896;30;1;341;0,5
CLI4593;M;No;36;No;Negocios/empresa;10-20annos;Bajo;3;1988;Millennials;29723;Valladolid;1,767;30;0;209;
CLI4594;F;Si;69;Si;Negocios/empresa;+20annos;Bajo;1;1955;Generacion X;100946;Segovia;1,737;50;0;266;
CLI4595;M;Si;45;Si;Ejecutivo;+20annos;Alto;5;1979;Generacion X;71847;Palencia;1,698;30;0;567;1
CLI4596;F;Si;66;No;Servicios;+20annos;Medio;3;1958;Generacion X;115576;Navarra;0,583;30;0;414;3
CLI4597;M;Si;68;Si;Artista;+20annos;Medio;1;1956;Generacion X;123568;Zamora;1,072;50;1;252;
CLI4598;M;No;34;Si;Medico;10-20annos;Bajo;4;1990;Millennials;31433;Almeri­a;0,847;30;1;374;3
CLI4599;F;Si;31;Si;Construccion;<10annos;Medio;2;1993;Millennials;27465;Las Palmas;1,859;30;1;239;
CLI4600;F;Si;41;No;Otros;10-20annos;Medio;2;1983;Millennials;81821;Toledo;1,077;120;1;218;
CLI4601;M;Si;77;No;Servicios;+20annos;Alto;2;1947;Generacion X;126739;Las Palmas;1,482;120;1;122;
CLI4602;M;Si;86;No;Otros;+20annos;Bajo;2;1938;Generacion Silenciosa;86928;Badajoz;0,974;120;1;212;
CLI4603;M;No;21;No;Servicios;<10annos;Bajo;3;2003;Generacion Z;12157;Almeri­a;1,547;30;0;492;3
CLI4604;F;No;42;Si;Artista;+20annos;Bajo;8;1982;Millennials;51236;Almeri­a;1,721;30;0;506;1
CLI4605;M;No;21;No;Otros;<10annos;Bajo;3;2003;Generacion Z;17440;Valladolid;2,789;30;0;162;
CLI4606;F;Si;31;No;Medico;<10annos;Bajo;1;1993;Millennials;20383;Cuenca;1,629;30;1;248;
CLI4607;F;Si;80;No;Ejecutivo;+20annos;Bajo;3;1944;Generacion Silenciosa;43148;Malaga;0,7;30;0;431;3
CLI4608;M;Si;92;No;Servicios;+20annos;Alto;2;1932;Generacion Silenciosa;56516;Zaragoza;0,779;30;1;108;
CLI4609;M;No;23;No;Funcionario;<10annos;Bajo;4;2001;Generacion Z;13560;Sevilla;2,616;30;0;508;4
CLI4610;M;Si;87;No;Servicios;+20annos;Alto;2;1937;Generacion Silenciosa;100925;ivila;1,111;120;0;431;3
CLI4611;M;No;22;No;Funcionario;<10annos;Bajo;1;2002;Generacion Z;23847;Castellon;2,306;30;1;132;
CLI4612;M;No;65;No;Otros;+20annos;Bajo;1;1959;Generacion X;75995;Huesca;0,72;120;1;171;
CLI4613;M;Si;46;Si;Artista;+20annos;Medio;3;1978;Generacion X;53430;Granada;0,681;30;0;320;0,5
CLI4614;M;Si;61;Si;Construccion;+20annos;Bajo;4;1963;Generacion X;37675;Tarragona;1,209;30;1;184;
CLI4615;M;Si;45;Si;Artista;+20annos;Bajo;2;1979;Generacion X;89056;Guipiºzcoa;1,123;50;0;325;0,5
CLI4616;M;Si;53;Si;Otros;+20annos;Bajo;1;1971;Generacion X;125627;Granada;1,561;50;1;221;
CLI4617;M;Si;79;Si;Ejecutivo;+20annos;Alto;4;1945;Generacion Silenciosa;57303;Madrid;0,72;80;0;35;
CLI4618;M;Si;57;No;Artista;+20annos;Medio;6;1967;Generacion X;54968;Gerona;1,697;30;0;435;3
CLI4619;F;No;28;Si;Servicios;<10annos;Bajo;1;1996;Millennials;22520;Lugo;2,133;30;1;396;3
CLI4620;M;Si;62;Si;Artista;+20annos;Bajo;2;1962;Generacion X;125947;La Rioja;1,346;50;0;55;
CLI4621;M;Si;88;No;Servicios;+20annos;Alto;2;1936;Generacion Silenciosa;105608;Granada;1,365;120;0;410;3
CLI4622;M;Si;91;No;Ejecutivo;+20annos;Bajo;7;1933;Generacion Silenciosa;46275;La Corui±a;0,564;30;1;102;
CLI4623;M;Si;53;Si;Artista;+20annos;Medio;2;1971;Generacion X;23862;Jaen;1,502;30;0;499;3
CLI4624;F;Si;52;Si;Medico;+20annos;Medio;2;1972;Generacion X;99085;Palencia;11,305;50;0;45;
CLI4625;F;Si;52;Si;Medico;+20annos;Medio;2;1972;Generacion X;28555;Salamanca;1,502;30;0;526;4
CLI4626;F;Si;91;No;Servicios;+20annos;Alto;2;1933;Generacion Silenciosa;28878;Gerona;0,876;30;1;181;
CLI4627;F;Si;42;No;Ingeniero;+20annos;Bajo;1;1982;Millennials;110175;Guadalajara;1,054;120;1;103;
CLI4628;M;No;32;Si;Funcionario;10-20annos;Bajo;3;1992;Millennials;25727;Alicante;1,606;30;1;190;
CLI4629;M;Si;55;Si;Otros;+20annos;Medio;4;1969;Generacion X;44150;Zamora;0,74;30;0;571;4
CLI4630;F;Si;57;No;Ingeniero;+20annos;Medio;4;1967;Generacion X;31184;ilava;0,564;30;0;149;
CLI4631;M;Si;74;No;Servicios;+20annos;Alto;2;1950;Generacion X;77339;Las Palmas;0,915;120;0;217;
CLI4632;M;No;36;Si;Otros;10-20annos;Bajo;8;1988;Millennials;19607;Tarragona;1,652;30;1;159;
CLI4633;M;Si;40;No;Ejecutivo;10-20annos;Alto;6;1984;Millennials;112998;Soria;1,468;30;1;175;
CLI4634;M;Si;72;No;Otros;+20annos;Medio;4;1952;Generacion X;29178;Malaga;0,955;30;1;112;
CLI4635;F;No;28;No;Negocios/empresa;<10annos;Bajo;9;1996;Millennials;20403;Malaga;2,754;30;1;375;3
CLI4636;M;Si;30;No;Otros;<10annos;Bajo;4;1994;Millennials;25019;Leon;0,778;30;1;149;
CLI4637;M;Si;24;No;Medico;<10annos;Bajo;4;2000;Generacion Z;21171;Teruel;1,029;30;0;305;0,5
CLI4638;M;Si;56;No;Ingeniero;+20annos;Medio;3;1968;Generacion X;124288;Murcia;1,482;200;0;344;0,5
CLI4639;F;No;46;Si;Otros;+20annos;Bajo;1;1978;Generacion X;52261;Salamanca;1,482;50;0;457;1
CLI4640;M;Si;51;Si;Artista;+20annos;Medio;4;1973;Generacion X;89083;Tarragona;1,033;80;1;389;3
CLI4641;F;No;25;No;Funcionario;<10annos;Bajo;3;1999;Generacion Z;30485;Madrid;2,961;30;0;573;4
CLI4642;M;Si;88;Si;Servicios;+20annos;Alto;2;1936;Generacion Silenciosa;43712;Caceres;0,72;50;0;336;0,5
CLI4643;F;Si;44;Si;Otros;+20annos;Bajo;6;1980;Generacion X;50042;Badajoz;1,928;30;0;390;1
CLI4644;F;Si;53;Si;Artista;+20annos;Medio;2;1971;Generacion X;62671;Barcelona;1,033;50;1;170;
CLI4645;F;No;61;Si;Artista;+20annos;Bajo;1;1963;Generacion X;88654;Ceuta;1,326;50;1;148;
CLI4646;M;Si;40;Si;Otros;10-20annos;Bajo;3;1984;Millennials;60859;Alicante;1,192;30;0;436;3
CLI4647;M;Si;45;Si;Artista;+20annos;Medio;2;1979;Generacion X;51858;Barcelona;0,663;50;0;432;3
CLI4648;F;No;35;Si;Artista;10-20annos;Bajo;3;1989;Millennials;26441;ilava;1,054;30;1;318;0,5
CLI4649;M;Si;41;Si;Otros;10-20annos;Medio;2;1983;Millennials;71236;Malaga;1,606;50;0;156;
CLI4650;M;No;33;No;Funcionario;10-20annos;Bajo;2;1991;Millennials;28391;Guadalajara;1,169;30;0;300;
CLI4651;F;Si;87;Si;Servicios;+20annos;Bajo;1;1937;Generacion Silenciosa;25643;ilava;1,502;30;1;227;
CLI4652;M;Si;72;Si;Artista;+20annos;Medio;4;1952;Generacion X;94809;Madrid;1,346;80;0;320;0,5
CLI4653;M;Si;54;Si;Ejecutivo;+20annos;Alto;4;1970;Generacion X;33445;Huesca;1,756;30;0;465;1
CLI4654;M;Si;58;Si;Artista;+20annos;Medio;4;1966;Generacion X;117188;Toledo;0,72;80;0;386;3
CLI4655;M;No;22;No;Funcionario;<10annos;Bajo;5;2002;Generacion Z;15435;Burgos;3,03;30;1;161;
CLI4656;F;Si;86;No;Servicios;+20annos;Alto;2;1938;Generacion Silenciosa;127468;Granada;1,639;120;0;537;4
CLI4657;M;No;35;Si;Medico;10-20annos;Bajo;5;1989;Millennials;22057;Segovia;0,916;30;0;150;
CLI4658;M;No;25;No;Funcionario;<10annos;Bajo;2;1999;Generacion Z;30372;Cadiz;2,996;30;1;361;0,5
CLI4659;F;Si;44;Si;Artista;+20annos;Medio;2;1980;Generacion X;77520;Caceres;0,939;50;0;563;4
CLI4660;F;No;33;No;Ingeniero;10-20annos;Bajo;3;1991;Millennials;30958;Madrid;1,422;30;0;305;0,5
CLI4661;M;Si;50;Si;Otros;+20annos;Bajo;4;1974;Generacion X;30859;Toledo;0,876;30;0;523;4
CLI4662;M;Si;28;No;Funcionario;<10annos;Medio;2;1996;Millennials;23767;Caceres;3,065;30;1;350;0,5
CLI4663;F;No;22;No;Funcionario;<10annos;Bajo;4;2002;Generacion Z;20595;Cordoba;2,892;30;0;381;3
CLI4664;F;Si;31;;Construccion;<10annos;Medio;3;1993;Millennials;28429;Valladolid;1,744;30;0;162;
CLI4665;F;No;30;Si;Funcionario;<10annos;Bajo;3;1994;Millennials;21755;La Corui±a;0,755;30;0;472;3
CLI4666;M;No;21;No;Funcionario;<10annos;Bajo;3;2003;Generacion Z;20566;Alicante;14,775;30;0;110;
CLI4667;F;No;30;No;Medico;<10annos;Bajo;1;1994;Millennials;27262;Segovia;1,767;30;0;449;3
CLI4668;F;No;29;Si;Funcionario;<10annos;Bajo;4;1995;Millennials;19894;Albacete;14,775;30;1;370;3
CLI4669;M;Si;61;No;Artista;+20annos;Medio;2;1963;Generacion X;69955;Alicante;0,915;30;0;504;4
CLI4670;F;Si;45;No;Ingeniero;+20annos;Medio;3;1979;Generacion X;64089;Teruel;1,33;30;1;235;
CLI4671;M;No;28;No;Funcionario;<10annos;Bajo;4;1996;Millennials;27921;Burgos;2,582;30;1;325;0,5
CLI4672;F;Si;74;Si;Artista;+20annos;Medio;2;1950;Generacion X;99815;Soria;1,091;50;0;168;
CLI4673;F;Si;28;No;Ingeniero;<10annos;Medio;2;1996;Millennials;30571;Valladolid;1,65;30;0;85;
CLI4674;M;Si;96;Si;Servicios;+20annos;Bajo;1;1928;Generacion Silenciosa;77242;Tarragona;1,6;50;1;125;
CLI4675;M;Si;29;No;Medico;<10annos;Bajo;6;1995;Millennials;27920;Ceuta;1,65;30;0;495;3
CLI4676;F;Si;41;Si;Artista;10-20annos;Bajo;1;1983;Millennials;113034;Santa Cruz de Tenerife;1,422;50;1;279;
CLI4677;M;No;46;Si;Medico;+20annos;Bajo;1;1978;Generacion X;42449;Granada;1,502;50;0;134;
CLI4678;F;No;34;Si;Funcionario;10-20annos;Bajo;4;1990;Millennials;30473;Melilla;1,698;30;0;338;0,5
CLI4679;F;No;22;No;Funcionario;<10annos;Bajo;3;2002;Generacion Z;17056;Melilla;13,395;30;0;261;
CLI4680;M;Si;56;Si;Otros;+20annos;Alto;4;1968;Generacion X;55924;Toledo;0,994;80;0;441;3
CLI4681;F;Si;97;Si;Servicios;+20annos;Bajo;1;1927;Generacion Silenciosa;45865;ilava;1,365;50;0;454;1
CLI4682;M;No;36;Si;Funcionario;10-20annos;Bajo;4;1988;Millennials;20929;Toledo;1,146;30;0;68;
CLI4683;F;No;61;Si;Artista;+20annos;Bajo;1;1963;Generacion X;90672;Alicante;1,189;50;1;137;
CLI4684;M;No;24;No;Funcionario;<10annos;Bajo;3;2000;Generacion Z;16388;Ciudad Real;3,03;30;1;248;
CLI4685;F;No;43;Si;Ingeniero;+20annos;Bajo;3;1981;Millennials;33891;Jaen;0,709;30;1;389;3
CLI4686;M;Si;68;Si;Artista;+20annos;Bajo;3;1956;Generacion X;64635;Granada;1,385;80;1;229;
CLI4687;F;Si;41;No;Construccion;10-20annos;Medio;3;1983;Millennials;88911;Vizcaya;1,744;30;0;388;3
CLI4688;F;No;29;Si;Construccion;<10annos;Bajo;1;1995;Millennials;30757;Salamanca;2,375;30;1;364;0,5
CLI4689;M;No;30;Si;Artista;<10annos;Bajo;2;1994;Millennials;21300;Badajoz;1,997;30;1;215;
CLI4690;M;No;32;Si;Funcionario;10-20annos;Bajo;4;1992;Millennials;18528;Guadalajara;0,732;30;1;159;
CLI4691;F;No;34;Si;Otros;10-20annos;Bajo;1;1990;Millennials;27253;Vizcaya;1,261;30;0;149;
CLI4692;M;Si;44;Si;Otros;+20annos;Medio;5;1980;Generacion X;40298;Guipiºzcoa;1,905;30;0;598;4
CLI4693;M;Si;62;Si;Otros;+20annos;Bajo;2;1962;Generacion X;36217;Cuenca;1,658;50;0;528;1
CLI4694;F;Si;50;Si;Artista;+20annos;Alto;5;1974;Generacion X;64494;Cadiz;1,697;30;0;465;1
CLI4695;F;No;44;Si;Otros;+20annos;Bajo;1;1980;Generacion X;48374;Guipiºzcoa;1,077;50;0;583;4
CLI4696;M;No;33;Si;Funcionario;10-20annos;Bajo;3;1991;Millennials;26592;Granada;0,801;30;0;47;
CLI4697;M;No;25;No;Funcionario;<10annos;Bajo;4;1999;Generacion Z;24084;La Rioja;3,099;30;0;233;
CLI4698;M;Si;51;Si;Artista;+20annos;Bajo;2;1973;Generacion X;70335;ilava;0,857;50;0;165;
CLI4699;F;Si;43;Si;Funcionario;+20annos;Alto;2;1981;Millennials;58212;Vizcaya;1,169;50;0;284;
CLI4700;F;Si;72;No;Servicios;+20annos;Alto;9;1952;Generacion X;25522;Vizcaya;0,798;30;1;374;3
CLI4701;M;No;44;Si;Artista;+20annos;Bajo;1;1980;Generacion X;50911;Cadiz;1,629;50;0;399;1
CLI4702;M;Si;40;No;Ingeniero;10-20annos;Medio;1;1984;Millennials;93631;Segovia;1,56;120;0;348;0,5
CLI4703;F;No;20;No;Funcionario;<10annos;Bajo;4;2004;Generacion Z;23328;Huelva;2,582;30;0;315;0,5
CLI4704;M;Si;80;Si;Ejecutivo;+20annos;Alto;2;1944;Generacion Silenciosa;71472;Guadalajara;0,72;50;1;281;
CLI4705;F;Si;74;No;Ingeniero;+20annos;Medio;4;1950;Generacion X;117970;Zaragoza;0,7;30;0;182;
CLI4706;F;Si;55;Si;Artista;+20annos;Medio;3;1969;Generacion X;105333;Valencia;1,189;80;0;268;
CLI4707;M;Si;42;Si;Artista;+20annos;Medio;3;1982;Millennials;93191;Ceuta;1,008;30;0;256;
CLI4708;M;No;20;No;Funcionario;<10annos;Bajo;5;2004;Generacion Z;15244;Cuenca;1,719;30;0;85;
CLI4709;M;No;21;No;Servicios;<10annos;Bajo;4;2003;Generacion Z;18417;Valencia;3,03;30;0;429;3
CLI4710;M;No;21;No;Funcionario;<10annos;Bajo;4;2003;Generacion Z;17311;Pontevedra;1,754;30;0;402;3
CLI4711;F;Si;43;Si;Artista;+20annos;Bajo;1;1981;Millennials;99899;Jaen;0,663;50;0;34;
CLI4712;F;No;29;No;Ingeniero;<10annos;Bajo;2;1995;Millennials;19078;Sevilla;12,015;30;1;286;
CLI4713;M;Si;64;Si;Artista;+20annos;Bajo;2;1960;Generacion X;87341;Cadiz;1,111;50;0;61;
CLI4714;F;No;31;Si;Artista;<10annos;Bajo;2;1993;Millennials;26449;Vizcaya;1,215;30;1;307;0,5
CLI4715;F;Si;58;Si;Artista;+20annos;Medio;2;1966;Generacion X;49750;ilava;1,639;50;0;501;4
CLI4716;M;No;20;No;Medico;<10annos;Bajo;2;2004;Generacion Z;12169;Barcelona;1,616;30;0;291;
CLI4717;M;Si;54;Si;Otros;+20annos;Medio;4;1970;Generacion X;31954;Toledo;1,052;30;0;204;
CLI4718;M;No;21;No;Funcionario;<10annos;Bajo;3;2003;Generacion Z;20108;Palencia;1,995;30;0;306;0,5
CLI4719;M;No;22;No;Medico;<10annos;Bajo;4;2002;Generacion Z;12400;Barcelona;2,789;30;1;240;
CLI4720;M;Si;61;Si;Artista;+20annos;Bajo;2;1963;Generacion X;69081;Badajoz;0,74;50;0;244;
CLI4721;F;No;35;Si;Ingeniero;10-20annos;Bajo;3;1989;Millennials;25769;La Rioja;0,962;30;0;166;
CLI4722;M;No;30;No;Funcionario;<10annos;Bajo;4;1994;Millennials;18411;Caceres;1,56;30;0;508;4
CLI4723;M;Si;79;Si;Ejecutivo;+20annos;Alto;5;1945;Generacion Silenciosa;128901;Santa Cruz de Tenerife;1,697;200;0;161;
CLI4724;F;No;65;Si;Artista;+20annos;Bajo;1;1959;Generacion X;61890;Orense;1,17;50;0;550;4
CLI4725;F;Si;39;Si;Artista;10-20annos;Bajo;3;1985;Millennials;19340;Cordoba;2,043;30;0;138;
CLI4726;F;No;35;Si;Ingeniero;10-20annos;Bajo;1;1989;Millennials;26198;Caceres;1,353;30;0;458;3
CLI4727;F;Si;31;Si;Funcionario;<10annos;Alto;2;1993;Millennials;26365;Zamora;1,813;30;0;518;4
CLI4728;M;Si;21;No;Otros;<10annos;Bajo;2;2003;Generacion Z;16486;Huelva;11,325;30;0;302;0,5
CLI4729;M;Si;57;Si;Artista;+20annos;Alto;1;1967;Generacion X;93676;Alicante;1,424;50;1;123;
CLI4730;M;No;32;No;Medico;10-20annos;Bajo;3;1992;Millennials;24653;Alicante;1,008;30;0;62;
CLI4731;F;Si;56;Si;Construccion;+20annos;Medio;4;1968;Generacion X;24492;Gerona;1,346;30;0;286;
CLI4732;M;No;30;Si;Funcionario;<10annos;Bajo;5;1994;Millennials;29794;Teruel;1,928;30;0;146;
CLI4733;F;No;52;Si;Otros;+20annos;Bajo;1;1972;Generacion X;110572;Santa Cruz de Tenerife;0,661;50;0;567;4
CLI4734;M;Si;67;No;Otros;+20annos;Bajo;1;1957;Generacion X;59466;Huelva;1,326;30;1;236;
CLI4735;F;Si;83;No;Servicios;+20annos;Alto;2;1941;Generacion Silenciosa;63659;Guadalajara;1,326;30;0;446;3
CLI4736;M;No;21;No;Funcionario;<10annos;Bajo;1;2003;Generacion Z;22342;Segovia;1,098;30;1;104;
CLI4737;M;Si;53;Si;Artista;+20annos;Medio;2;1971;Generacion X;82428;Segovia;0,935;50;0;281;
CLI4738;M;Si;65;Si;Artista;+20annos;Medio;2;1959;Generacion X;88475;Sevilla;0,622;50;1;302;0,5
CLI4739;M;Si;46;No;Construccion;+20annos;Bajo;1;1978;Generacion X;49940;Valladolid;1,306;30;1;161;
CLI4740;F;No;95;Si;Servicios;+20annos;Bajo;1;1929;Generacion Silenciosa;36824;Palencia;1,58;50;0;515;1
CLI4741;M;No;36;Si;Otros;10-20annos;Bajo;4;1988;Millennials;24334;Segovia;1,468;30;1;335;0,5
CLI4742;F;Si;41;Si;Artista;10-20annos;Alto;2;1983;Millennials;46336;Santa Cruz de Tenerife;1,767;50;0;505;1
CLI4743;M;Si;54;No;Ejecutivo;+20annos;Alto;5;1970;Generacion X;111655;Zaragoza;1,248;30;0;517;4
CLI4744;M;Si;57;Si;Otros;+20annos;Medio;3;1967;Generacion X;31409;Soria;1,346;30;0;482;3
CLI4745;M;No;45;Si;Artista;+20annos;Bajo;3;1979;Generacion X;104447;Cordoba;1,468;30;0;420;1
CLI4746;M;No;29;Si;Funcionario;<10annos;Bajo;1;1995;Millennials;21071;Granada;2,651;30;0;471;3
CLI4747;M;No;25;No;Medico;<10annos;Bajo;5;1999;Generacion Z;30810;La Rioja;1,719;30;0;426;3
CLI4748;M;No;39;No;Medico;10-20annos;Bajo;3;1985;Millennials;20088;Pontevedra;1,422;30;0;108;
CLI4749;M;Si;41;Si;Artista;10-20annos;Medio;2;1983;Millennials;118231;Huelva;1,1;50;0;409;3
CLI4750;M;Si;47;Si;Otros;+20annos;Bajo;2;1977;Generacion X;22300;Murcia;1,463;30;0;320;0,5
CLI4751;M;Si;55;No;Ingeniero;+20annos;Bajo;2;1969;Generacion X;82204;Valladolid;0,974;120;0;115;
CLI4752;F;No;55;No;Ingeniero;+20annos;Bajo;1;1969;Generacion X;59472;Granada;0,896;30;0;273;
CLI4753;F;No;29;No;Funcionario;<10annos;Bajo;1;1995;Millennials;26124;ilava;1,961;30;0;291;
CLI4754;F;No;22;No;Funcionario;<10annos;Bajo;3;2002;Generacion Z;21378;Gerona;2,202;30;0;124;
CLI4755;F;Si;34;No;Construccion;10-20annos;Medio;2;1990;Millennials;24384;Pontevedra;1,744;30;0;513;4
CLI4756;F;No;34;Si;Funcionario;10-20annos;Bajo;3;1990;Millennials;18749;Guadalajara;1,905;30;0;316;0,5
CLI4757;M;Si;45;No;Ejecutivo;+20annos;Medio;5;1979;Generacion X;26889;Toledo;1,491;30;0;432;3
CLI4758;M;Si;92;No;Servicios;+20annos;Bajo;1;1932;Generacion Silenciosa;40902;Murcia;1,697;30;1;172;
CLI4759;F;No;24;;Funcionario;<10annos;Bajo;5;2000;Generacion Z;12435;Soria;2,616;30;0;600;4
CLI4760;M;Si;63;No;Servicios;+20annos;Bajo;5;1961;Generacion X;105380;Las Palmas;1,482;30;0;146;
CLI4761;F;No;25;No;Funcionario;<10annos;Bajo;4;1999;Generacion Z;26277;Melilla;2,478;30;0;267;
CLI4762;F;Si;76;No;Servicios;+20annos;Bajo;1;1948;Generacion X;24020;Madrid;11,305;30;0;360;0,5
CLI4763;F;Si;75;Si;Artista;+20annos;Bajo;2;1949;Generacion X;124003;Vizcaya;15,215;50;0;94;
CLI4764;F;No;33;No;Funcionario;10-20annos;Bajo;4;1991;Millennials;22852;Teruel;1,491;30;1;352;0,5
CLI4765;F;No;29;Si;Medico;<10annos;Bajo;1;1995;Millennials;27658;Badajoz;2,892;30;1;197;
CLI4766;M;Si;87;;Servicios;+20annos;Bajo;1;1937;Generacion Silenciosa;40187;Guipiºzcoa;0,72;30;0;597;4
CLI4767;M;Si;35;Si;Medico;10-20annos;Bajo;1;1989;Millennials;19718;La Rioja;0,985;30;0;327;0,5
CLI4768;F;No;40;Si;Artista;10-20annos;Bajo;1;1984;Millennials;46595;Tarragona;1,422;50;0;521;1
CLI4769;M;No;20;No;Otros;<10annos;Bajo;5;2004;Generacion Z;12520;Soria;2,237;30;0;163;
CLI4770;M;No;33;Si;Funcionario;10-20annos;Bajo;4;1991;Millennials;19065;Burgos;0,663;30;0;302;0,5
CLI4771;F;No;51;Si;Artista;+20annos;Bajo;1;1973;Generacion X;25355;Navarra;0,818;30;0;357;0,5
CLI4772;M;Si;36;Si;Servicios;10-20annos;Bajo;2;1988;Millennials;18438;Murcia;2,043;30;0;175;
CLI4773;M;No;21;No;Funcionario;<10annos;Bajo;5;2003;Generacion Z;20895;Ciudad Real;1,098;30;0;439;3
CLI4774;M;No;36;Si;Otros;10-20annos;Bajo;4;1988;Millennials;27823;La Corui±a;1,997;30;0;453;1
CLI4775;F;Si;72;Si;Artista;+20annos;Bajo;1;1952;Generacion X;46911;Lugo;0,779;50;0;309;0,5
CLI4776;M;Si;29;Si;Artista;<10annos;Medio;2;1995;Millennials;21403;Ciudad Real;14,775;30;0;125;
CLI4777;F;No;33;Si;Construccion;10-20annos;Bajo;1;1991;Millennials;30366;Zaragoza;1,997;30;0;502;4
CLI4778;F;No;36;Si;Otros;10-20annos;Bajo;4;1988;Millennials;27394;Granada;0,939;30;0;245;
CLI4779;F;Si;30;Si;Ingeniero;<10annos;Medio;4;1994;Millennials;26851;Segovia;0,686;30;0;587;4
CLI4780;M;Si;72;Si;Artista;+20annos;Medio;2;1952;Generacion X;68417;Barcelona;1,17;50;0;463;3
CLI4781;M;Si;85;No;Servicios;+20annos;Bajo;2;1939;Generacion Silenciosa;124082;Melilla;0,74;120;0;511;4
CLI4782;F;No;22;No;Ingeniero;<10annos;Bajo;4;2002;Generacion Z;23607;Cordoba;2,202;30;0;82;
CLI4783;F;No;30;Si;Construccion;<10annos;Bajo;7;1994;Millennials;19478;Cadiz;1,652;30;0;404;3
CLI4784;M;Si;86;;Servicios;+20annos;Bajo;1;1938;Generacion Silenciosa;124524;Burgos;0,837;120;1;305;0,5
CLI4785;F;Si;56;Si;Medico;+20annos;Medio;4;1968;Generacion X;27275;Ceuta;0,72;30;0;480;3
CLI4786;M;No;20;No;Funcionario;<10annos;Bajo;4;2004;Generacion Z;14160;Huelva;1,443;30;0;303;0,5
CLI4787;F;Si;69;Si;Artista;+20annos;Bajo;1;1955;Generacion X;57411;Melilla;1,678;50;1;202;
CLI4788;M;Si;40;Si;Ingeniero;10-20annos;Medio;3;1984;Millennials;93293;La Corui±a;1,997;30;0;225;
CLI4789;M;Si;47;Si;Ejecutivo;+20annos;Alto;4;1977;Generacion X;72130;Malaga;1,756;80;0;599;1
CLI4790;M;Si;51;Si;Ejecutivo;+20annos;Alto;4;1973;Generacion X;56308;Castellon;0,915;80;0;67;
CLI4791;M;No;56;Si;Artista;+20annos;Bajo;3;1968;Generacion X;86807;La Rioja;1,482;80;0;313;0,5
CLI4792;M;No;47;Si;Ingeniero;+20annos;Bajo;1;1977;Generacion X;32732;Lugo;1,717;30;1;291;
CLI4793;F;Si;47;Si;Artista;+20annos;Medio;2;1977;Generacion X;117570;Valladolid;1,326;50;0;182;
CLI4794;F;No;41;Si;Otros;10-20annos;Bajo;1;1983;Millennials;38477;Segovia;1,721;50;0;174;
CLI4795;F;Si;69;No;Artista;+20annos;Medio;5;1955;Generacion X;51546;Santa Cruz de Tenerife;1,228;30;0;119;
CLI4796;M;No;33;No;Medico;10-20annos;Bajo;5;1991;Millennials;22914;Castellon;1,767;30;0;385;3
CLI4797;F;Si;41;Si;Otros;10-20annos;Medio;2;1983;Millennials;95565;Ciudad Real;0,962;50;0;126;
CLI4798;M;Si;58;No;Artista;+20annos;Medio;3;1966;Generacion X;87545;Granada;1,541;30;0;510;4
CLI4799;F;Si;29;Si;Funcionario;<10annos;Alto;7;1995;Millennials;24188;Guipiºzcoa;2,099;30;0;44;
CLI4800;M;Si;44;Si;Artista;+20annos;Medio;2;1980;Generacion X;80455;Cadiz;1,79;50;1;134;
CLI4801;M;Si;45;Si;Otros;+20annos;Medio;4;1979;Generacion X;28775;Palencia;1,537;30;1;390;3
CLI4802;M;Si;73;Si;Artista;+20annos;Bajo;1;1951;Generacion X;92800;Burgos;1,58;50;0;420;1
CLI4803;M;Si;88;Si;Servicios;+20annos;Bajo;1;1936;Generacion Silenciosa;94751;La Rioja;0,798;50;0;586;4
CLI4804;F;Si;41;No;Ingeniero;10-20annos;Medio;5;1983;Millennials;122528;Almeri­a;0,962;200;1;383;3
CLI4805;F;Si;46;No;Artista;+20annos;Alto;4;1978;Generacion X;102942;Palencia;0,915;30;0;121;
CLI4806;F;No;42;Si;Artista;+20annos;Bajo;2;1982;Millennials;44303;La Rioja;1,215;50;0;386;3
CLI4807;F;No;58;No;Servicios;+20annos;Bajo;1;1966;Generacion X;82410;Vizcaya;1,717;120;0;39;
CLI4808;M;No;36;No;Ejecutivo;10-20annos;Bajo;2;1988;Millennials;21049;ivila;1,169;30;0;285;
CLI4809;F;Si;57;No;Servicios;+20annos;Medio;7;1967;Generacion X;43043;Lugo;1,287;30;0;420;3
CLI4810;M;Si;36;No;Ejecutivo;10-20annos;Alto;4;1988;Millennials;22859;Teruel;1,445;30;0;505;4
CLI4811;M;No;21;No;Funcionario;<10annos;Bajo;3;2003;Generacion Z;16809;Vizcaya;3,065;30;0;267;
CLI4812;M;Si;58;Si;Artista;+20annos;Medio;3;1966;Generacion X;96219;Caceres;1,561;80;1;315;0,5
CLI4813;M;Si;55;Si;Medico;+20annos;Medio;8;1969;Generacion X;108820;Cordoba;1,404;30;1;116;
CLI4814;F;No;29;No;Ingeniero;<10annos;Bajo;2;1995;Millennials;31633;ilava;13,395;30;0;591;4
CLI4815;M;No;22;No;Funcionario;<10annos;Bajo;3;2002;Generacion Z;22491;LLeida;1,374;30;1;105;
CLI4816;F;Si;58;Si;Ejecutivo;+20annos;Alto;4;1966;Generacion X;60437;Leon;1,209;80;1;139;
CLI4817;F;Si;45;Si;Artista;+20annos;Medio;2;1979;Generacion X;89668;Leon;1,399;50;0;391;3
CLI4818;M;Si;53;Si;Ejecutivo;+20annos;Alto;3;1971;Generacion X;82426;Segovia;0,935;80;0;433;3
CLI4819;M;Si;62;No;Ejecutivo;+20annos;Alto;4;1962;Generacion X;67198;Badajoz;1,17;30;1;242;
CLI4820;F;No;73;Si;Artista;+20annos;Bajo;1;1951;Generacion X;72554;Guadalajara;1,756;50;0;449;1
CLI4821;M;Si;39;No;Otros;10-20annos;Medio;4;1985;Millennials;31350;Castellon;1,56;30;0;149;
CLI4822;M;Si;55;No;Otros;+20annos;Bajo;2;1969;Generacion X;86540;Albacete;1,639;120;1;168;
CLI4823;F;Si;56;Si;Artista;+20annos;Bajo;2;1968;Generacion X;115787;Zamora;1,58;50;1;358;0,5
CLI4824;F;No;33;No;Funcionario;10-20annos;Bajo;3;1991;Millennials;29035;Cordoba;1,882;30;0;123;
CLI4825;M;No;33;No;Ejecutivo;10-20annos;Bajo;4;1991;Millennials;19041;Orense;1,675;30;0;451;3
CLI4826;F;No;55;Si;Artista;+20annos;Bajo;1;1969;Generacion X;66760;Santa Cruz de Tenerife;1,189;50;1;107;
CLI4827;M;Si;67;Si;Artista;+20annos;Bajo;1;1957;Generacion X;22348;Castellon;0,642;30;0;454;3
CLI4828;M;No;21;No;Funcionario;<10annos;Bajo;5;2003;Generacion Z;12895;Valencia;2,927;30;1;155;
CLI4829;F;No;24;No;Medico;<10annos;Bajo;2;2000;Generacion Z;22003;ivila;2,858;30;0;394;3
CLI4830;F;No;39;Si;Funcionario;10-20annos;Bajo;1;1985;Millennials;19789;Vizcaya;1,284;30;0;498;1
CLI4831;F;Si;52;Si;Ingeniero;+20annos;Bajo;4;1972;Generacion X;55562;Tarragona;1,58;80;1;274;
CLI4832;M;No;35;No;Medico;10-20annos;Bajo;4;1989;Millennials;20903;Guadalajara;1,031;30;1;329;0,5
CLI4833;M;Si;36;No;Funcionario;10-20annos;Alto;2;1988;Millennials;27187;Soria;1,146;30;0;215;
CLI4834;F;No;28;Si;Funcionario;<10annos;Bajo;2;1996;Millennials;25558;Cadiz;1,892;30;0;291;
CLI4835;F;No;31;No;Funcionario;<10annos;Bajo;4;1993;Millennials;27769;Baleares;1,675;30;0;509;4
CLI4836;M;No;35;No;Construccion;10-20annos;Bajo;2;1989;Millennials;27312;Barcelona;2,043;30;0;185;
CLI4837;F;Si;55;Si;Funcionario;+20annos;Alto;6;1969;Generacion X;116074;Guadalajara;1,639;30;1;243;
CLI4838;F;Si;41;Si;Ingeniero;10-20annos;Medio;3;1983;Millennials;97387;Burgos;0,663;30;1;171;
CLI4839;M;No;58;Si;Artista;+20annos;Bajo;1;1966;Generacion X;90505;Teruel;1,248;50;0;492;1
CLI4840;F;Si;54;Si;Artista;+20annos;Bajo;2;1970;Generacion X;68589;Santa Cruz de Tenerife;0,837;50;0;95;
CLI4841;M;Si;79;Si;Servicios;+20annos;Bajo;1;1945;Generacion Silenciosa;38891;ivila;0,857;50;0;363;0,5
CLI4842;M;Si;66;Si;Ejecutivo;+20annos;Alto;3;1958;Generacion X;68180;Baleares;1,697;80;1;327;0,5
CLI4843;M;No;53;Si;Artista;+20annos;Bajo;1;1971;Generacion X;43211;Ceuta;0,857;50;0;76;
CLI4844;F;No;35;No;Funcionario;10-20annos;Bajo;4;1989;Millennials;18393;Cordoba;1,514;30;0;102;
CLI4845;M;No;53;Si;Otros;+20annos;Bajo;2;1971;Generacion X;77479;Cuenca;15,215;50;0;366;1
CLI4846;F;No;36;Si;Otros;10-20annos;Bajo;1;1988;Millennials;20131;Granada;1,008;30;0;327;0,5
CLI4847;F;Si;29;No;Ingeniero;<10annos;Bajo;2;1995;Millennials;28710;Madrid;2,754;30;0;341;0,5
CLI4848;F;Si;42;Si;Artista;+20annos;Medio;4;1982;Millennials;121024;Baleares;1,744;200;0;389;3
CLI4849;F;Si;62;Si;Artista;+20annos;Bajo;1;1962;Generacion X;31762;Leon;0,994;30;0;159;
CLI4850;F;No;45;Si;Otros;+20annos;Bajo;1;1979;Generacion X;27387;Tarragona;1,008;30;0;232;
CLI4851;F;Si;47;Si;Ingeniero;+20annos;Alto;4;1977;Generacion X;45001;Las Palmas;1,678;30;0;368;1
CLI4852;F;Si;56;Si;Artista;+20annos;Medio;2;1968;Generacion X;55352;Guadalajara;1,326;50;1;211;
CLI4853;F;Si;52;Si;Artista;+20annos;Medio;2;1972;Generacion X;22963;Teruel;1,052;30;0;455;3
CLI4854;M;No;31;Si;Artista;<10annos;Bajo;3;1993;Millennials;22944;Vizcaya;0,778;30;0;230;
CLI4855;M;No;22;No;Funcionario;<10annos;Bajo;2;2002;Generacion Z;18783;Gerona;2,237;30;1;400;3
CLI4856;F;Si;42;No;Artista;+20annos;Bajo;3;1982;Millennials;101383;Orense;1,629;30;0;541;4
CLI4857;M;Si;63;Si;Ejecutivo;+20annos;Alto;3;1961;Generacion X;70048;Gerona;0,857;80;0;393;3
CLI4858;F;Si;31;No;Ingeniero;<10annos;Medio;2;1993;Millennials;21368;Guadalajara;0,824;30;0;103;
CLI4859;M;No;43;Si;Artista;+20annos;Bajo;1;1981;Millennials;113372;Sevilla;1,215;50;0;406;3
CLI4860;M;Si;98;Si;Negocios/empresa;+20annos;Alto;2;1926;Generacion Silenciosa;101479;Valladolid;1,697;50;0;195;
CLI4861;F;Si;89;Si;Servicios;+20annos;Medio;2;1935;Generacion Silenciosa;33438;Toledo;1,658;30;0;125;
CLI4862;M;No;36;Si;Otros;10-20annos;Bajo;4;1988;Millennials;22573;Soria;1,284;30;1;343;0,5
CLI4863;M;Si;35;Si;Artista;10-20annos;Medio;2;1989;Millennials;19893;Soria;1,261;30;0;419;3
CLI4864;M;;87;No;Servicios;+20annos;Bajo;1;1937;Generacion Silenciosa;91629;Segovia;0,955;120;1;242;
CLI4865;F;Si;45;Si;Artista;+20annos;Medio;3;1979;Generacion X;123763;Toledo;2,066;200;0;522;4
CLI4866;M;Si;47;Si;Artista;+20annos;Medio;2;1977;Generacion X;45443;Valencia;11,305;50;1;123;
CLI4867;F;Si;75;No;Medico;+20annos;Medio;2;1949;Generacion X;67907;Tarragona;1,678;30;0;476;3
CLI4868;F;Si;64;Si;Artista;+20annos;Bajo;2;1960;Generacion X;53928;Murcia;1,033;50;0;512;4
CLI4869;M;Si;56;Si;Otros;+20annos;Medio;5;1968;Generacion X;118025;Cadiz;0,72;30;0;505;4
CLI4870;M;Si;52;Si;Artista;+20annos;Bajo;2;1972;Generacion X;100043;Pontevedra;0,818;50;1;265;
CLI4871;F;Si;61;Si;Construccion;+20annos;Medio;3;1963;Generacion X;109131;Santa Cruz de Tenerife;1,482;80;0;511;4
CLI4872;F;No;43;Si;Artista;+20annos;Bajo;1;1981;Millennials;84599;Ceuta;1,652;50;0;347;0,5
CLI4873;F;No;36;Si;Funcionario;10-20annos;Bajo;5;1988;Millennials;28778;Cadiz;1,491;30;1;122;
CLI4874;F;Si;68;Si;Artista;+20annos;Bajo;1;1956;Generacion X;48105;LLeida;0,955;50;0;590;4
CLI4875;M;Si;56;No;Ejecutivo;+20annos;Alto;4;1968;Generacion X;27839;Zaragoza;1,052;30;0;69;
CLI4876;M;No;32;Si;Otros;10-20annos;Bajo;3;1992;Millennials;18890;Murcia;1,882;30;0;470;3
CLI4877;F;No;53;Si;Artista;+20annos;Bajo;1;1971;Generacion X;45238;Guadalajara;1,717;50;0;38;
CLI4878;M;No;45;No;Ingeniero;+20annos;Bajo;7;1979;Generacion X;110821;Vizcaya;0,962;30;0;423;3
CLI4879;M;No;46;Si;Funcionario;+20annos;Bajo;1;1978;Generacion X;59084;Salamanca;0,661;50;1;321;0,5
CLI4880;F;No;22;No;Funcionario;<10annos;Bajo;3;2002;Generacion Z;18753;Tarragona;13,395;30;0;449;3
CLI4881;F;Si;66;Si;Artista;+20annos;Medio;4;1958;Generacion X;71464;Ciudad Real;0,915;80;1;234;
CLI4882;F;Si;79;Si;Servicios;+20annos;Alto;2;1945;Generacion Silenciosa;116401;Malaga;0,779;50;1;274;
CLI4883;M;No;28;Si;Otros;<10annos;Bajo;1;1996;Millennials;21028;Leon;2,03;30;1;375;3
CLI4884;F;Si;63;Si;Medico;+20annos;Medio;4;1961;Generacion X;88296;Jaen;1,717;80;0;452;3
CLI4885;F;Si;44;Si;Ingeniero;+20annos;Medio;4;1980;Generacion X;34438;Sevilla;0,663;30;1;231;
CLI4886;M;Si;39;No;Medico;10-20annos;Bajo;2;1985;Millennials;27444;Baleares;1,445;30;0;448;3
CLI4887;F;Si;34;Si;Ingeniero;10-20annos;Bajo;2;1990;Millennials;20457;Ciudad Real;0,847;30;0;272;
CLI4888;F;Si;86;No;Servicios;+20annos;Bajo;1;1938;Generacion Silenciosa;123190;Leon;0,818;120;0;319;0,5
CLI4889;F;No;45;Si;Artista;+20annos;Bajo;1;1979;Generacion X;25084;Huesca;1,836;30;1;339;0,5
CLI4890;M;Si;63;Si;Artista;+20annos;Medio;3;1961;Generacion X;96623;Orense;1,561;80;1;118;
CLI4891;F;Si;45;Si;Negocios/empresa;+20annos;Bajo;3;1979;Generacion X;27736;LLeida;0,939;30;0;480;3
CLI4892;M;Si;54;Si;Artista;+20annos;Bajo;2;1970;Generacion X;115507;Jaen;1,17;50;1;313;0,5
CLI4893;M;No;44;No;Ingeniero;+20annos;Bajo;2;1980;Generacion X;32043;Murcia;1,767;30;1;109;
CLI4894;M;Si;98;Si;Servicios;+20annos;Bajo;2;1926;Generacion Silenciosa;54784;Caceres;1,385;50;0;580;1
CLI4895;M;Si;67;Si;Ejecutivo;+20annos;Alto;2;1957;Generacion X;104191;Gerona;0,896;50;0;84;
CLI4896;F;Si;42;No;Otros;+20annos;Medio;3;1982;Millennials;99977;Lugo;1,721;30;1;337;0,5
CLI4897;F;Si;64;Si;Medico;+20annos;Medio;3;1960;Generacion X;72912;Tarragona;0,915;80;0;335;0,5
CLI4898;F;Si;51;Si;Artista;+20annos;Medio;2;1973;Generacion X;50361;Orense;1,443;50;1;244;
CLI4899;F;No;24;No;Ingeniero;<10annos;Bajo;3;2000;Generacion Z;20814;Valladolid;2,237;30;0;235;
CLI4900;M;Si;43;Si;Otros;+20annos;Medio;2;1981;Millennials;60762;Sevilla;1,606;50;0;65;
CLI4901;F;Si;64;Si;Ingeniero;+20annos;Medio;4;1960;Generacion X;22664;La Rioja;0,564;30;0;579;4
CLI4902;F;Si;42;Si;Artista;+20annos;Medio;2;1982;Millennials;51928;Guipiºzcoa;1,882;50;0;356;0,5
CLI4903;M;Si;31;No;Artista;<10annos;Medio;2;1993;Millennials;21572;Guipiºzcoa;1,721;30;0;432;3
CLI4904;F;Si;39;Si;Artista;10-20annos;Alto;4;1985;Millennials;27187;La Rioja;1,008;30;0;361;0,5
CLI4905;F;Si;77;Si;Servicios;+20annos;Alto;2;1947;Generacion X;97889;Huelva;1,6;50;0;512;1
CLI4906;M;Si;33;No;Ejecutivo;10-20annos;Alto;4;1991;Millennials;19919;Alicante;1,767;30;0;414;3
CLI4907;M;Si;61;No;Otros;+20annos;Bajo;1;1963;Generacion X;108723;Pontevedra;1,717;120;0;209;
CLI4908;F;Si;63;Si;Artista;+20annos;Bajo;1;1961;Generacion X;125933;Santa Cruz de Tenerife;1,248;50;0;175;
CLI4909;F;;24;No;Funcionario;<10annos;Bajo;6;2000;Generacion Z;16545;Melilla;2,064;30;1;162;
CLI4910;M;Si;69;Si;Otros;+20annos;Medio;4;1955;Generacion X;96792;Toledo;0,955;80;0;405;3
CLI4911;F;No;46;Si;Ejecutivo;+20annos;Bajo;1;1978;Generacion X;32821;Sevilla;1,17;30;0;599;4
CLI4912;M;Si;30;Si;Funcionario;<10annos;Alto;3;1994;Millennials;21317;Leon;1,422;30;1;279;
CLI4913;F;No;47;Si;Artista;+20annos;Bajo;1;1977;Generacion X;128524;LLeida;1,717;50;0;152;
CLI4914;M;Si;76;No;Ejecutivo;+20annos;Alto;4;1948;Generacion X;83296;Lugo;1,013;30;0;586;4
CLI4915;M;Si;74;Si;Ejecutivo;+20annos;Bajo;1;1950;Generacion X;49007;Valencia;1,404;50;0;164;
CLI4916;M;Si;79;Si;Negocios/empresa;+20annos;Bajo;1;1945;Generacion Silenciosa;89520;Valladolid;0,661;50;0;464;3
CLI4917;F;Si;98;Si;Servicios;+20annos;Bajo;1;1926;Generacion Silenciosa;32074;Murcia;0,915;30;0;568;4
CLI4918;M;Si;29;Si;Ejecutivo;<10annos;Bajo;3;1995;Millennials;19870;Orense;1,443;30;1;131;
CLI4919;F;No;58;Si;Artista;+20annos;Bajo;1;1966;Generacion X;108116;Burgos;1,619;50;1;301;0,5
CLI4920;M;Si;54;Si;Artista;+20annos;Medio;4;1970;Generacion X;129847;Zamora;1,756;80;0;143;
CLI4921;F;No;31;No;Artista;<10annos;Bajo;5;1993;Millennials;26958;Guipiºzcoa;1,951;30;1;252;
CLI4922;M;Si;57;Si;Ejecutivo;+20annos;Alto;4;1967;Generacion X;58348;Cadiz;1,6;80;1;124;
CLI4923;M;Si;47;Si;Ejecutivo;+20annos;Alto;4;1977;Generacion X;85085;Santa Cruz de Tenerife;1,365;80;0;106;
CLI4924;M;Si;42;No;Artista;+20annos;Alto;5;1982;Millennials;96049;Zamora;1,767;30;0;527;4
CLI4925;F;Si;30;No;Construccion;<10annos;Medio;2;1994;Millennials;28638;Leon;1,767;30;0;269;
CLI4926;M;No;20;No;Funcionario;<10annos;Bajo;4;2004;Generacion Z;13261;Cordoba;1,098;30;0;450;3
CLI4927;M;Si;65;Si;Otros;+20annos;Bajo;3;1959;Generacion X;26151;Huesca;0,974;30;1;335;0,5
CLI4928;M;No;24;No;Funcionario;<10annos;Bajo;3;2000;Generacion Z;18312;Barcelona;11,325;30;0;209;
CLI4929;M;No;35;Si;Medico;10-20annos;Bajo;4;1989;Millennials;28661;Salamanca;2,02;30;0;560;4
CLI4930;F;Si;39;Si;Artista;10-20annos;Bajo;2;1985;Millennials;19673;Guipiºzcoa;1,008;30;1;248;
CLI4931;M;Si;56;Si;Artista;+20annos;Medio;4;1968;Generacion X;70724;Caceres;1,189;80;0;96;
CLI4932;F;No;24;No;Funcionario;<10annos;Bajo;6;2000;Generacion Z;21629;Guipiºzcoa;2,064;30;0;97;
CLI4933;M;Si;54;No;Ejecutivo;+20annos;Alto;3;1970;Generacion X;42584;Guipiºzcoa;0,74;30;0;200;
CLI4934;F;Si;46;Si;Artista;+20annos;Bajo;1;1978;Generacion X;88651;Guipiºzcoa;1,365;50;1;279;
CLI4935;M;No;35;No;Otros;10-20annos;Bajo;3;1989;Millennials;26481;Almeri­a;1,744;30;0;283;
CLI4936;M;No;61;No;Servicios;+20annos;Bajo;1;1963;Generacion X;117519;Melilla;1,678;120;0;134;
CLI4937;M;No;34;Si;Otros;10-20annos;Bajo;1;1990;Millennials;28584;Ceuta;1,997;30;1;341;0,5
CLI4938;F;Si;40;Si;Medico;10-20annos;Medio;2;1984;Millennials;127031;Cadiz;1,054;50;1;294;
CLI4939;M;No;35;Si;Funcionario;10-20annos;Bajo;3;1989;Millennials;24277;Baleares;0,732;30;1;133;
CLI4940;M;No;20;No;Funcionario;<10annos;Bajo;4;2004;Generacion Z;23771;Albacete;2,237;30;0;57;
CLI4941;F;No;34;Si;Funcionario;10-20annos;Bajo;3;1990;Millennials;30714;Toledo;1,146;30;1;369;3
CLI4942;M;Si;58;Si;Artista;+20annos;Alto;7;1966;Generacion X;21925;Cuenca;1,6;30;0;166;
CLI4943;F;No;46;Si;Ingeniero;+20annos;Bajo;3;1978;Generacion X;85680;Alicante;1,15;80;0;542;4
CLI4944;M;No;83;No;Servicios;+20annos;Bajo;2;1941;Generacion Silenciosa;129938;Leon;0,857;120;0;357;0,5
CLI4945;M;No;33;Si;Artista;10-20annos;Bajo;3;1991;Millennials;22314;Las Palmas;1,215;30;1;258;
CLI4946;M;No;21;No;Funcionario;<10annos;Bajo;4;2003;Generacion Z;17921;Badajoz;13,395;30;1;336;0,5
CLI4947;M;Si;74;No;Servicios;+20annos;Bajo;1;1950;Generacion X;34480;Sevilla;1,326;30;1;241;
CLI4948;M;Si;51;Si;Otros;+20annos;Bajo;2;1973;Generacion X;27944;La Rioja;1,287;30;0;241;
CLI4949;M;Si;56;Si;Ingeniero;+20annos;Bajo;2;1968;Generacion X;105682;Granada;1,248;50;0;390;1
CLI4950;F;No;35;No;Ingeniero;10-20annos;Bajo;9;1989;Millennials;23346;Palencia;1,284;30;0;47;
CLI4951;F;;58;No;Artista;+20annos;Bajo;2;1966;Generacion X;37936;Albacete;0,642;30;0;154;
CLI4952;F;No;51;Si;Artista;+20annos;Bajo;1;1973;Generacion X;50439;Malaga;1,189;50;0;116;
CLI4953;F;No;50;Si;Artista;+20annos;Bajo;1;1974;Generacion X;80299;Cadiz;1,463;50;0;465;1
CLI4954;M;Si;55;Si;Ejecutivo;+20annos;Medio;3;1969;Generacion X;117422;Almeri­a;0,564;80;0;63;
CLI4955;F;Si;40;No;Ingeniero;10-20annos;Bajo;3;1984;Millennials;105879;Sevilla;2,066;30;1;220;
CLI4956;F;No;44;Si;Artista;+20annos;Bajo;1;1980;Generacion X;95729;Murcia;1,284;50;1;386;3
CLI4957;F;Si;44;Si;Artista;+20annos;Bajo;2;1980;Generacion X;107993;Zaragoza;1,537;50;0;520;1
CLI4958;M;Si;47;No;Artista;+20annos;Alto;9;1977;Generacion X;70367;Caceres;1,678;30;0;521;4
CLI4959;M;No;21;No;Funcionario;<10annos;Bajo;5;2003;Generacion Z;17929;Salamanca;2,927;30;1;267;
CLI4960;M;Si;46;No;Otros;+20annos;Medio;2;1978;Generacion X;37207;Santa Cruz de Tenerife;0,896;30;1;361;0,5
CLI4961;M;No;32;Si;Funcionario;10-20annos;Bajo;1;1992;Millennials;18069;Palencia;1,882;30;0;350;0,5
CLI4962;F;Si;41;Si;Medico;10-20annos;Medio;2;1983;Millennials;40543;Jaen;1,721;50;0;351;0,5
CLI4963;F;No;42;No;Artista;+20annos;Bajo;1;1982;Millennials;102939;Valladolid;0,962;120;1;128;
CLI4964;F;Si;87;Si;Servicios;+20annos;Bajo;1;1937;Generacion Silenciosa;100579;Ciudad Real;0,583;50;0;291;
CLI4965;M;No;28;No;Otros;<10annos;Bajo;7;1996;Millennials;23499;Cordoba;1,65;30;0;209;
CLI4966;F;No;32;No;Negocios/empresa;10-20annos;Bajo;5;1992;Millennials;20286;Ciudad Real;1,928;30;1;297;
CLI4967;F;No;36;Si;Construccion;10-20annos;Bajo;1;1988;Millennials;19295;Lugo;1,882;30;1;298;
CLI4968;F;No;29;No;Funcionario;<10annos;Bajo;6;1995;Millennials;21183;La Rioja;1,547;30;0;177;
CLI4969;M;No;29;No;Medico;<10annos;Bajo;4;1995;Millennials;21872;Zaragoza;0,995;30;0;503;4
CLI4970;F;Si;42;Si;Artista;+20annos;Medio;2;1982;Millennials;41068;Lugo;1,123;50;0;381;3
CLI4971;M;Si;69;Si;Artista;+20annos;Medio;1;1955;Generacion X;102398;Caceres;1,248;50;0;545;4
CLI4972;F;No;66;Si;Artista;+20annos;Bajo;3;1958;Generacion X;110613;Alicante;11,305;80;0;567;1
CLI4973;F;No;36;No;Ingeniero;10-20annos;Bajo;7;1988;Millennials;30428;Zamora;1,537;30;1;164;
CLI4974;F;Si;78;Si;Servicios;+20annos;Bajo;1;1946;Generacion X;30121;Zaragoza;1,091;30;0;118;
CLI4975;M;Si;50;Si;Artista;+20annos;Bajo;2;1974;Generacion X;110342;Zamora;1,697;50;0;443;1
CLI4976;F;Si;66;Si;Artista;+20annos;Medio;2;1958;Generacion X;57121;Las Palmas;1,267;50;0;546;4
CLI4977;F;Si;34;Si;Artista;10-20annos;Medio;2;1990;Millennials;23780;ilava;0,686;30;0;421;3
CLI4978;F;No;29;Si;Funcionario;<10annos;Bajo;1;1995;Millennials;21058;Malaga;1,547;30;0;140;
CLI4979;F;Si;46;Si;Ingeniero;+20annos;Bajo;1;1978;Generacion X;128390;Jaen;1,385;50;1;172;
CLI4980;F;No;39;No;Artista;10-20annos;Bajo;1;1985;Millennials;23699;Santa Cruz de Tenerife;0,962;30;0;368;3
CLI4981;F;No;22;No;Funcionario;<10annos;Bajo;3;2002;Generacion Z;21517;Castellon;3,065;30;0;91;
CLI4982;M;No;28;Si;Funcionario;<10annos;Bajo;5;1996;Millennials;28364;Valencia;2,547;30;1;139;
CLI4983;F;No;25;No;Otros;<10annos;Bajo;2;1999;Generacion Z;18627;Castellon;1,029;30;0;134;
CLI4984;M;Si;58;Si;Artista;+20annos;Medio;5;1966;Generacion X;30392;Orense;0,896;30;1;393;3
CLI4985;F;No;54;Si;Medico;+20annos;Bajo;2;1970;Generacion X;63120;Sevilla;0,876;50;0;425;3
CLI4986;F;No;39;Si;Medico;10-20annos;Bajo;1;1985;Millennials;26751;Valladolid;1,882;30;0;218;
CLI4987;M;Si;66;Si;Ejecutivo;+20annos;Alto;3;1958;Generacion X;55474;Santa Cruz de Tenerife;0,974;80;1;201;
CLI4988;M;Si;95;Si;Servicios;+20annos;Bajo;1;1929;Generacion Silenciosa;119018;Albacete;1,189;50;0;34;
CLI4989;F;;34;No;Funcionario;10-20annos;Bajo;4;1990;Millennials;30342;Madrid;0,939;30;0;30;
CLI4990;M;No;20;No;Negocios/empresa;<10annos;Bajo;2;2004;Generacion Z;22766;Alicante;1,305;30;0;322;0,5
CLI4991;M;Si;42;Si;Medico;+20annos;Alto;4;1982;Millennials;81323;Tarragona;0,824;30;0;279;
CLI4992;M;No;43;Si;Artista;+20annos;Bajo;2;1981;Millennials;41990;La Corui±a;1,514;50;0;265;
CLI4993;F;No;50;No;Negocios/empresa;+20annos;Bajo;1;1974;Generacion X;111361;Gerona;1,052;120;1;259;
CLI4994;M;No;31;Si;Funcionario;<10annos;Bajo;4;1993;Millennials;23975;Malaga;0,893;30;0;81;
CLI4995;M;Si;72;Si;Servicios;+20annos;Alto;2;1952;Generacion X;43145;Granada;1,248;50;0;542;1
CLI4996;F;No;45;Si;Artista;+20annos;Bajo;1;1979;Generacion X;106550;Pontevedra;1,813;50;0;138;
CLI4997;M;Si;53;No;Otros;+20annos;Medio;3;1971;Generacion X;56713;Toledo;0,896;30;1;282;
CLI4998;F;Si;57;Si;Ingeniero;+20annos;Alto;4;1967;Generacion X;52977;Salamanca;0,857;30;0;287;
CLI4999;F;No;29;Si;Funcionario;<10annos;Bajo;1;1995;Millennials;29180;Navarra;2,892;30;0;502;4
CLI5000;F;;47;Si;Ingeniero;+20annos;Bajo;1;1977;Generacion X;103427;Lugo;1,561;50;0;577;1
CLI5001;F;No;33;Si;Funcionario;10-20annos;Bajo;4;1991;Millennials;21971;Castellon;1,905;30;0;386;3
CLI5002;F;Si;85;No;Servicios;+20annos;Bajo;1;1939;Generacion Silenciosa;58576;Huelva;0,622;30;0;431;3
CLI5003;F;No;41;No;Artista;10-20annos;Bajo;1;1983;Millennials;60062;LLeida;1,054;30;1;201;
CLI5004;F;No;72;Si;Servicios;+20annos;Bajo;5;1952;Generacion X;83460;Palencia;0,955;30;0;487;3
CLI5005;M;Si;67;Si;Artista;+20annos;Medio;2;1957;Generacion X;119511;Pontevedra;1,365;50;0;516;4
CLI5006;F;No;35;No;Funcionario;10-20annos;Bajo;5;1989;Millennials;21018;Segovia;1,629;30;0;109;
CLI5007;M;Si;54;Si;Artista;+20annos;Bajo;3;1970;Generacion X;99852;Guipiºzcoa;1,697;80;0;219;
CLI5008;M;No;21;No;Funcionario;<10annos;Bajo;4;2003;Generacion Z;20409;Leon;2,444;30;1;313;0,5
CLI5009;M;Si;55;Si;Artista;+20annos;Medio;3;1969;Generacion X;113250;Badajoz;1,6;80;0;562;4
CLI5010;F;No;34;No;Funcionario;10-20annos;Bajo;5;1990;Millennials;28179;Cadiz;1,054;30;0;557;4
CLI5011;M;Si;50;Si;Medico;+20annos;Medio;2;1974;Generacion X;29535;Melilla;1,58;30;0;327;0,5
CLI5012;M;Si;90;Si;Servicios;+20annos;Alto;2;1934;Generacion Silenciosa;72026;Badajoz;1,678;50;0;442;1
CLI5013;M;No;36;No;Servicios;10-20annos;Bajo;3;1988;Millennials;28165;Soria;0,778;30;0;345;0,5
CLI5014;M;Si;43;Si;Otros;+20annos;Alto;3;1981;Millennials;42707;Cadiz;1,514;30;0;559;1
CLI5015;M;No;22;No;Funcionario;<10annos;Bajo;5;2002;Generacion Z;14793;Cadiz;1,029;30;0;470;3
CLI5016;F;Si;94;Si;Servicios;+20annos;Bajo;5;1930;Generacion Silenciosa;58441;Orense;1,6;30;0;483;1
CLI5017;M;Si;54;Si;Otros;+20annos;Bajo;2;1970;Generacion X;47649;Melilla;1,424;50;1;153;
CLI5018;F;Si;84;Si;Artista;+20annos;Alto;2;1940;Generacion Silenciosa;121919;Leon;0,798;50;1;379;3
CLI5019;M;Si;41;Si;Artista;10-20annos;Alto;4;1983;Millennials;107852;Cadiz;1,721;30;0;81;
CLI5020;M;Si;68;No;Artista;+20annos;Medio;3;1956;Generacion X;88441;ilava;1,697;30;0;500;
CLI5021;F;No;25;No;Negocios/empresa;<10annos;Bajo;6;1999;Generacion Z;18613;Cadiz;1,892;30;0;416;3
CLI5022;M;No;36;Si;Artista;10-20annos;Bajo;1;1988;Millennials;22086;Cuenca;1,215;30;1;209;
CLI5023;M;Si;58;Si;Artista;+20annos;Bajo;3;1966;Generacion X;32940;Badajoz;1,15;30;0;509;4
CLI5024;M;Si;51;No;Ejecutivo;+20annos;Medio;3;1973;Generacion X;26385;Huesca;1,326;30;1;194;
CLI5025;M;Si;31;No;Ingeniero;<10annos;Medio;2;1993;Millennials;27268;Ciudad Real;1,675;30;0;96;
CLI5026;F;No;96;No;Servicios;+20annos;Bajo;2;1928;Generacion Silenciosa;63608;Palencia;0,935;30;0;179;
CLI5027;F;Si;50;Si;Artista;+20annos;Medio;2;1974;Generacion X;38152;Guipiºzcoa;1,385;50;0;506;4
CLI5028;F;No;23;No;Funcionario;<10annos;Bajo;4;2001;Generacion Z;21871;Tarragona;14,775;30;1;332;0,5
CLI5029;F;No;56;Si;Artista;+20annos;Bajo;1;1968;Generacion X;93740;Salamanca;0,779;50;0;320;0,5
CLI5030;F;Si;41;Si;Medico;10-20annos;Medio;4;1983;Millennials;32274;ivila;1,008;30;0;456;3
CLI5031;M;;74;Si;Ejecutivo;+20annos;Alto;3;1950;Generacion X;102612;Alicante;0,583;80;0;584;4
CLI5032;M;Si;54;Si;Artista;+20annos;Medio;4;1970;Generacion X;76268;Teruel;1,209;80;0;578;4
CLI5033;F;No;73;No;Otros;+20annos;Bajo;3;1951;Generacion X;114722;Alicante;0,818;30;0;214;
CLI5034;M;Si;46;Si;Otros;+20annos;Bajo;2;1978;Generacion X;69337;Malaga;1,443;50;1;150;
CLI5035;M;Si;50;No;Medico;+20annos;Medio;3;1974;Generacion X;102103;Albacete;1,737;30;0;407;3
CLI5036;M;No;35;Si;Funcionario;10-20annos;Bajo;4;1989;Millennials;28276;Zaragoza;1,606;30;0;559;4
CLI5037;M;No;52;Si;Medico;+20annos;Bajo;1;1972;Generacion X;117163;Alicante;1,58;50;1;129;
CLI5038;F;Si;42;Si;Ingeniero;+20annos;Bajo;3;1982;Millennials;125673;Pontevedra;1,79;200;1;291;
CLI5039;M;Si;55;No;Ejecutivo;+20annos;Alto;4;1969;Generacion X;73670;Leon;1,189;30;1;140;
CLI5040;F;Si;56;Si;Otros;+20annos;Medio;2;1968;Generacion X;43562;Burgos;1,072;50;1;189;
CLI5041;M;Si;35;No;Otros;10-20annos;Medio;2;1989;Millennials;27761;Soria;1,974;30;0;155;
CLI5042;M;Si;58;Si;Otros;+20annos;Alto;1;1966;Generacion X;125279;Ciudad Real;1,052;50;1;370;3
CLI5043;F;Si;50;Si;Artista;+20annos;Bajo;1;1974;Generacion X;35005;Orense;11,305;50;1;364;0,5
CLI5044;F;No;35;No;Funcionario;10-20annos;Bajo;4;1989;Millennials;29658;Almeri­a;1,721;30;0;556;4
CLI5045;M;No;24;No;Servicios;<10annos;Bajo;2;2000;Generacion Z;15908;Salamanca;1,167;30;0;209;
CLI5046;M;No;65;Si;Otros;+20annos;Bajo;1;1959;Generacion X;123747;Madrid;1,6;50;0;389;1
CLI5047;F;No;23;No;Funcionario;<10annos;Bajo;4;2001;Generacion Z;22718;Almeri­a;1,512;30;0;100;
CLI5048;M;Si;68;Si;Artista;+20annos;Medio;3;1956;Generacion X;70770;Ciudad Real;1,697;80;0;253;
CLI5049;M;Si;74;Si;Servicios;+20annos;Bajo;2;1950;Generacion X;104863;Las Palmas;0,935;50;0;298;
CLI5050;F;No;80;Si;Artista;+20annos;Bajo;1;1944;Generacion Silenciosa;64374;Baleares;0,994;50;0;545;4
CLI5051;M;Si;94;No;Servicios;+20annos;Bajo;1;1930;Generacion Silenciosa;63962;La Rioja;0,896;30;0;420;3
CLI5052;F;No;44;Si;Artista;+20annos;Bajo;1;1980;Generacion X;94315;Burgos;1,468;50;0;109;
CLI5053;F;Si;30;No;Artista;<10annos;Bajo;2;1994;Millennials;22485;Palencia;1,353;30;1;183;
CLI5054;M;Si;45;Si;Ingeniero;+20annos;Medio;2;1979;Generacion X;36182;La Rioja;1,33;50;0;509;4
CLI5055;M;Si;51;Si;Medico;+20annos;Bajo;3;1973;Generacion X;33691;Cadiz;1,737;30;0;276;
CLI5056;M;Si;45;Si;Artista;+20annos;Medio;3;1979;Generacion X;21157;Valencia;1,077;30;0;33;
CLI5057;F;Si;42;Si;Artista;+20annos;Medio;3;1982;Millennials;57385;Valencia;0,985;30;1;283;
CLI5058;F;Si;61;Si;Artista;+20annos;Medio;4;1963;Generacion X;76055;Vizcaya;1,248;80;0;512;4
CLI5059;F;No;47;Si;Artista;+20annos;Bajo;2;1977;Generacion X;33375;Cadiz;1,658;30;0;125;
CLI5060;F;Si;53;Si;Artista;+20annos;Alto;4;1971;Generacion X;112006;Orense;0,798;80;1;383;3
CLI5061;F;Si;97;Si;Servicios;+20annos;Alto;3;1927;Generacion Silenciosa;34398;Leon;1,091;30;1;171;
CLI5062;M;Si;73;No;Otros;+20annos;Alto;2;1951;Generacion X;59015;Cordoba;1,463;30;0;551;4
CLI5063;F;Si;80;No;Servicios;+20annos;Bajo;2;1944;Generacion Silenciosa;59189;Las Palmas;1,482;30;0;61;
CLI5064;M;Si;54;Si;Artista;+20annos;Medio;2;1970;Generacion X;49059;Segovia;0,583;50;0;434;3
CLI5065;M;Si;53;Si;Artista;+20annos;Bajo;2;1971;Generacion X;53121;Tarragona;0,74;50;1;134;
CLI5066;F;Si;43;No;Medico;+20annos;Medio;4;1981;Millennials;41946;Zamora;1,146;30;0;344;0,5
CLI5067;M;Si;57;Si;Artista;+20annos;Medio;2;1967;Generacion X;113506;Barcelona;1,072;50;1;205;
CLI5068;M;No;33;Si;Artista;10-20annos;Bajo;1;1991;Millennials;30080;Gerona;1,974;30;0;313;0,5
CLI5069;M;Si;67;Si;Artista;+20annos;Medio;2;1957;Generacion X;74183;Palencia;1,678;50;0;332;0,5
CLI5070;M;No;36;Si;Funcionario;10-20annos;Bajo;7;1988;Millennials;26801;Melilla;1,054;30;0;155;
CLI5071;M;Si;75;Si;Artista;+20annos;Bajo;1;1949;Generacion X;23614;Teruel;1,404;30;0;120;
CLI5072;F;Si;53;Si;Artista;+20annos;Medio;2;1971;Generacion X;40431;Guadalajara;1,228;50;0;567;4
CLI5073;M;Si;43;Si;Ejecutivo;+20annos;Alto;3;1981;Millennials;82493;Cordoba;1,905;30;0;279;
CLI5074;F;Si;40;No;Otros;10-20annos;Medio;2;1984;Millennials;103984;Soria;1,537;120;1;338;0,5
CLI5075;M;Si;84;Si;Servicios;+20annos;Alto;2;1940;Generacion Silenciosa;22732;Madrid;0,74;30;1;297;
CLI5076;M;Si;76;No;Artista;+20annos;Bajo;2;1948;Generacion X;112263;Teruel;1,189;120;0;311;0,5
CLI5077;M;Si;87;No;Otros;+20annos;Bajo;1;1937;Generacion Silenciosa;39937;Guadalajara;1,619;30;0;554;4
CLI5078;F;Si;43;Si;Funcionario;+20annos;Alto;3;1981;Millennials;30012;Las Palmas;1,744;30;0;192;
CLI5079;M;No;35;No;Medico;10-20annos;Bajo;6;1989;Millennials;21130;La Corui±a;0,686;30;0;440;3
CLI5080;M;Si;62;Si;Ejecutivo;+20annos;Alto;9;1962;Generacion X;106784;Cordoba;1,228;30;0;180;
CLI5081;M;No;25;No;Medico;<10annos;Bajo;5;1999;Generacion Z;18276;Jaen;2,064;30;0;105;
CLI5082;M;Si;78;No;Servicios;+20annos;Bajo;2;1946;Generacion X;56947;Ciudad Real;1,365;30;1;223;
CLI5083;M;Si;53;Si;Artista;+20annos;Medio;3;1971;Generacion X;42378;Almeri­a;1,502;30;0;349;0,5
CLI5084;F;Si;41;No;Artista;10-20annos;Bajo;3;1983;Millennials;54049;Las Palmas;1,583;30;1;184;
CLI5085;F;Si;51;Si;Artista;+20annos;Bajo;2;1973;Generacion X;62807;Valencia;11,305;50;1;204;
CLI5086;F;Si;73;No;Servicios;+20annos;Bajo;1;1951;Generacion X;97638;Valencia;1,463;120;1;134;
CLI5087;F;No;28;Si;Ingeniero;<10annos;Bajo;7;1996;Millennials;18101;Santa Cruz de Tenerife;0,995;30;0;583;4
CLI5088;M;No;29;Si;Funcionario;<10annos;Bajo;4;1995;Millennials;24623;Teruel;2,03;30;0;303;0,5
CLI5089;M;No;25;No;Funcionario;<10annos;Bajo;3;1999;Generacion Z;29474;Gerona;12,705;30;0;195;
CLI5090;F;Si;35;No;Medico;10-20annos;Alto;6;1989;Millennials;24709;Ceuta;2,02;30;0;308;0,5
CLI5091;F;Si;92;Si;Servicios;+20annos;Bajo;1;1932;Generacion Silenciosa;110216;Barcelona;1,541;50;0;57;
CLI5092;M;Si;63;No;Otros;+20annos;Bajo;1;1961;Generacion X;55596;Caceres;1,756;30;0;493;3
CLI5093;M;Si;43;Si;Otros;+20annos;Medio;4;1981;Millennials;81584;Lugo;1,261;30;0;78;
CLI5094;M;Si;78;Si;Servicios;+20annos;Bajo;2;1946;Generacion X;72200;Pontevedra;1,697;50;0;432;1
CLI5095;M;Si;53;Si;Artista;+20annos;Bajo;3;1971;Generacion X;58447;Zaragoza;0,837;80;1;345;0,5
CLI5096;F;Si;43;Si;Artista;+20annos;Medio;3;1981;Millennials;111136;Cordoba;1,882;30;1;153;
CLI5097;F;Si;66;Si;Ingeniero;+20annos;Alto;4;1958;Generacion X;128298;Baleares;1,619;80;0;172;
CLI5098;F;No;47;Si;Construccion;+20annos;Bajo;1;1977;Generacion X;23553;Almeri­a;0,583;30;1;222;
CLI5099;M;Si;51;No;Otros;+20annos;Alto;3;1973;Generacion X;127755;ilava;0,915;200;0;583;4
CLI5100;F;Si;61;Si;Artista;+20annos;Bajo;1;1963;Generacion X;38670;Malaga;1,58;50;0;435;1
CLI5101;F;Si;68;Si;Otros;+20annos;Bajo;1;1956;Generacion X;68909;Guipiºzcoa;1,15;50;0;46;
CLI5102;M;No;63;Si;Medico;+20annos;Bajo;1;1961;Generacion X;93884;Alicante;1,404;50;1;192;
CLI5103;M;No;32;Si;Funcionario;10-20annos;Bajo;4;1992;Millennials;22476;Vizcaya;0,755;30;1;163;
CLI5104;M;Si;36;No;Artista;10-20annos;Bajo;4;1988;Millennials;25302;Burgos;1,307;30;0;370;3
CLI5105;M;Si;66;Si;Otros;+20annos;Medio;4;1958;Generacion X;31448;Cuenca;0,564;30;0;416;3
CLI5106;F;Si;64;Si;Artista;+20annos;Bajo;1;1960;Generacion X;53616;Granada;1,658;50;0;513;1
CLI5107;M;Si;57;No;Otros;+20annos;Medio;4;1967;Generacion X;115366;Valencia;1,17;30;1;127;
CLI5108;F;Si;33;No;Construccion;10-20annos;Bajo;3;1991;Millennials;22522;Badajoz;0,663;30;0;180;
CLI5109;M;Si;57;Si;Otros;+20annos;Medio;3;1967;Generacion X;52891;Gerona;0,642;30;0;193;
CLI5110;M;Si;34;Si;Artista;10-20annos;Medio;2;1990;Millennials;20431;Santa Cruz de Tenerife;2,02;30;1;238;
CLI5111;F;Si;74;Si;Otros;+20annos;Bajo;1;1950;Generacion X;64856;Valencia;0,74;50;0;226;
CLI5112;M;Si;68;Si;Artista;+20annos;Medio;4;1956;Generacion X;68532;Malaga;0,681;80;0;88;
CLI5113;M;Si;42;Si;Funcionario;+20annos;Alto;4;1982;Millennials;103031;Jaen;1,882;30;0;236;
CLI5114;M;Si;66;Si;Artista;+20annos;Alto;3;1958;Generacion X;49137;Jaen;1,697;30;0;328;0,5
CLI5115;M;Si;52;Si;Artista;+20annos;Medio;6;1972;Generacion X;59706;Huesca;0,622;30;0;222;
CLI5116;M;No;58;Si;Artista;+20annos;Bajo;1;1966;Generacion X;24312;Caceres;0,622;30;0;367;3
CLI5117;M;Si;78;No;Servicios;+20annos;Bajo;1;1946;Generacion X;118234;Valladolid;0,642;120;0;490;3
CLI5118;M;Si;50;No;Ejecutivo;+20annos;Alto;3;1974;Generacion X;106326;Badajoz;0,681;30;0;92;
CLI5119;F;No;41;No;Construccion;10-20annos;Bajo;2;1983;Millennials;38909;Las Palmas;0,732;30;0;48;
CLI5120;M;Si;64;Si;Artista;+20annos;Bajo;1;1960;Generacion X;61735;Melilla;1,346;50;1;285;
CLI5121;M;Si;42;Si;Artista;+20annos;Medio;3;1982;Millennials;35844;Guipiºzcoa;1,652;30;1;363;0,5
CLI5122;F;No;31;Si;Construccion;<10annos;Bajo;1;1993;Millennials;25453;Ciudad Real;0,801;30;0;117;
CLI5123;F;Si;62;Si;Artista;+20annos;Alto;4;1962;Generacion X;51525;Valladolid;0,915;30;0;295;
CLI5124;M;Si;54;Si;Artista;+20annos;Medio;4;1970;Generacion X;83374;Zamora;0,779;80;1;203;
CLI5125;M;Si;55;Si;Servicios;+20annos;Medio;4;1969;Generacion X;75911;Almeri­a;1,052;80;1;339;0,5
CLI5126;M;Si;62;Si;Ejecutivo;+20annos;Alto;2;1962;Generacion X;114075;Valencia;0,622;50;0;543;4
CLI5127;M;No;31;Si;Artista;<10annos;Bajo;1;1993;Millennials;30643;Huesca;0,916;30;0;292;
CLI5128;M;No;77;No;Otros;+20annos;Bajo;1;1947;Generacion X;84587;Caceres;1,404;120;0;575;4
CLI5129;F;Si;57;No;Ingeniero;+20annos;Alto;2;1967;Generacion X;86896;Baleares;0,876;120;0;59;
CLI5130;M;Si;83;Si;Servicios;+20annos;Bajo;1;1941;Generacion Silenciosa;93202;Guadalajara;0,564;50;1;238;
CLI5131;M;Si;53;No;Otros;+20annos;Medio;2;1971;Generacion X;115668;ilava;1,619;120;1;349;0,5
CLI5132;M;Si;56;Si;Artista;+20annos;Bajo;3;1968;Generacion X;46189;Castellon;1,111;30;0;142;
CLI5133;M;Si;68;Si;Artista;+20annos;Bajo;1;1956;Generacion X;96966;Murcia;1,697;50;0;489;1
CLI5134;F;No;47;Si;Funcionario;+20annos;Bajo;6;1977;Generacion X;107590;Sevilla;1,482;30;1;233;
CLI5135;F;No;24;No;Medico;<10annos;Bajo;4;2000;Generacion Z;22035;Valencia;1,961;30;0;184;
CLI5136;M;Si;35;Si;Medico;10-20annos;Bajo;3;1989;Millennials;29014;Palencia;1,652;30;0;67;
CLI5137;F;Si;47;Si;Funcionario;+20annos;Bajo;2;1977;Generacion X;90365;Salamanca;1,58;50;0;119;
CLI5138;M;Si;39;No;Medico;10-20annos;Bajo;4;1985;Millennials;26667;Malaga;1,836;30;0;593;4
CLI5139;F;Si;75;No;Servicios;+20annos;Bajo;1;1949;Generacion X;38733;Zaragoza;1,306;30;1;361;0,5
CLI5140;F;Si;40;Si;Otros;10-20annos;Medio;3;1984;Millennials;61484;Jaen;0,778;30;0;393;3
CLI5141;F;Si;40;Si;Artista;10-20annos;Medio;3;1984;Millennials;24530;Lugo;1,307;30;1;169;
CLI5142;M;Si;52;Si;Artista;+20annos;Medio;4;1972;Generacion X;89892;Salamanca;1,463;80;0;535;4
CLI5143;M;Si;41;Si;Artista;10-20annos;Alto;2;1983;Millennials;26808;Orense;1,376;30;1;156;
CLI5144;M;No;22;No;Funcionario;<10annos;Bajo;4;2002;Generacion Z;15742;Ceuta;1,995;30;0;300;
CLI5145;F;Si;44;Si;Artista;+20annos;Bajo;1;1980;Generacion X;89180;Segovia;1,537;50;0;236;
CLI5146;F;Si;44;Si;Construccion;+20annos;Medio;2;1980;Generacion X;63467;Navarra;1,675;50;1;144;
CLI5147;M;No;29;No;Otros;<10annos;Bajo;2;1995;Millennials;19085;Jaen;2,478;30;0;281;
CLI5148;F;Si;62;Si;Negocios/empresa;+20annos;Medio;2;1962;Generacion X;78595;Badajoz;1,639;50;1;357;0,5
CLI5149;M;Si;39;Si;Artista;10-20annos;Alto;2;1985;Millennials;29266;Teruel;1,031;30;0;446;3
CLI5150;M;Si;62;No;Otros;+20annos;Medio;3;1962;Generacion X;106020;Ceuta;0,994;30;0;470;3
CLI5151;M;Si;52;Si;Funcionario;+20annos;Bajo;2;1972;Generacion X;66635;Segovia;1,541;50;0;275;
CLI5152;M;Si;97;Si;Servicios;+20annos;Alto;2;1927;Generacion Silenciosa;127515;Cuenca;0,74;50;0;143;
CLI5153;F;No;34;No;Funcionario;10-20annos;Bajo;5;1990;Millennials;23527;Zamora;0,824;30;1;256;
CLI5154;M;Si;55;Si;Otros;+20annos;Medio;2;1969;Generacion X;52489;Navarra;1,013;50;1;347;0,5
CLI5155;M;Si;47;No;Otros;+20annos;Medio;3;1977;Generacion X;36600;Malaga;0,857;30;0;551;4
CLI5156;M;Si;52;No;Ingeniero;+20annos;Bajo;1;1972;Generacion X;112464;Soria;1,346;120;0;592;4
CLI5157;M;No;20;No;Funcionario;<10annos;Bajo;3;2004;Generacion Z;15930;Caceres;2,478;30;0;233;
CLI5158;F;Si;62;Si;Artista;+20annos;Bajo;1;1962;Generacion X;21634;Valencia;1,756;30;0;363;0,5
CLI5159;M;Si;97;Si;Servicios;+20annos;Bajo;1;1927;Generacion Silenciosa;50269;Burgos;0,74;50;0;217;
CLI5160;F;Si;50;Si;Artista;+20annos;Bajo;3;1974;Generacion X;22203;LLeida;0,915;30;0;464;3
CLI5161;F;No;31;No;Ingeniero;<10annos;Bajo;1;1993;Millennials;20354;Gerona;1,284;30;0;222;
CLI5162;M;Si;63;Si;Artista;+20annos;Bajo;1;1961;Generacion X;123233;Badajoz;0,896;50;1;241;
CLI5163;M;Si;51;Si;Artista;+20annos;Medio;4;1973;Generacion X;29424;Gerona;0,876;30;0;558;4
CLI5164;M;Si;94;Si;Ejecutivo;+20annos;Alto;2;1930;Generacion Silenciosa;44419;Baleares;1,072;50;0;513;4
CLI5165;F;No;39;No;Otros;10-20annos;Bajo;1;1985;Millennials;24785;Castellon;1,123;30;0;519;4
CLI5166;F;No;44;No;Ingeniero;+20annos;Bajo;3;1980;Generacion X;45209;Santa Cruz de Tenerife;2,043;30;0;89;
CLI5167;M;Si;42;Si;Artista;+20annos;Bajo;1;1982;Millennials;104130;Huesca;0,916;50;1;303;0,5
CLI5168;F;No;20;No;Funcionario;<10annos;Bajo;3;2004;Generacion Z;16716;Burgos;1,581;30;0;296;
CLI5169;M;No;34;Si;Medico;10-20annos;Bajo;1;1990;Millennials;25030;Castellon;1,652;30;1;118;
CLI5170;F;Si;53;Si;Artista;+20annos;Medio;3;1971;Generacion X;41021;Malaga;1,619;30;0;476;3
CLI5171;F;Si;64;Si;Ingeniero;+20annos;Medio;1;1960;Generacion X;106524;Toledo;0,935;50;0;442;3
CLI5172;M;No;34;No;Medico;10-20annos;Bajo;2;1990;Millennials;22606;Barcelona;0,87;30;0;59;
CLI5173;M;Si;51;No;Otros;+20annos;Medio;4;1973;Generacion X;98403;Guipiºzcoa;1,033;30;0;405;3
CLI5174;F;No;34;No;Ingeniero;10-20annos;Bajo;2;1990;Millennials;30974;La Rioja;1,537;30;0;137;
CLI5175;M;No;34;Si;Funcionario;10-20annos;Bajo;4;1990;Millennials;23403;Pontevedra;1,307;30;0;296;
CLI5176;F;No;35;Si;Construccion;10-20annos;Bajo;1;1989;Millennials;19464;Teruel;1,169;30;1;107;
CLI5177;F;No;89;Si;Servicios;+20annos;Bajo;1;1935;Generacion Silenciosa;127007;Badajoz;0,622;50;0;322;0,5
CLI5178;M;Si;73;Si;Servicios;+20annos;Alto;2;1951;Generacion X;49840;Badajoz;1,15;50;0;335;0,5
CLI5179;F;No;24;No;Medico;<10annos;Bajo;2;2000;Generacion Z;22967;Teruel;12,015;30;1;303;0,5
CLI5180;M;Si;56;Si;Otros;+20annos;Bajo;2;1968;Generacion X;49373;ilava;0,915;50;0;433;3
CLI5181;M;No;24;No;Funcionario;<10annos;Bajo;1;2000;Generacion Z;18432;Leon;2,685;30;0;112;
CLI5182;F;No;36;Si;Ingeniero;10-20annos;Bajo;6;1988;Millennials;30512;Salamanca;1,514;30;0;520;1
CLI5183;F;No;32;Si;Ingeniero;10-20annos;Bajo;1;1992;Millennials;29093;Segovia;1,606;30;0;346;0,5
CLI5184;F;Si;45;Si;Artista;+20annos;Alto;2;1979;Generacion X;78955;Salamanca;1,054;50;0;138;
CLI5185;F;No;20;No;Funcionario;<10annos;Bajo;4;2004;Generacion Z;14303;Malaga;1,926;30;0;230;
CLI5186;F;No;53;Si;Servicios;+20annos;Bajo;1;1971;Generacion X;81032;Tarragona;0,7;50;1;324;0,5
CLI5187;M;Si;86;No;Ejecutivo;+20annos;Alto;2;1938;Generacion Silenciosa;70439;Las Palmas;1,6;30;0;58;
CLI5188;M;No;28;Si;Funcionario;<10annos;Bajo;3;1996;Millennials;19252;Zamora;2,444;30;1;278;
CLI5189;M;Si;51;Si;Artista;+20annos;Medio;2;1973;Generacion X;116511;LLeida;11,305;50;1;373;3
CLI5190;M;Si;58;Si;Otros;+20annos;Bajo;2;1966;Generacion X;91773;Almeri­a;0,72;50;0;408;3
CLI5191;M;Si;62;;Artista;+20annos;Medio;3;1962;Generacion X;104370;La Rioja;0,564;30;0;205;
CLI5192;M;Si;52;Si;Artista;+20annos;Bajo;1;1972;Generacion X;68642;LLeida;0,603;50;1;358;0,5
CLI5193;F;Si;44;No;Construccion;+20annos;Bajo;1;1980;Generacion X;30704;Zamora;0,939;30;0;385;3
CLI5194;M;No;30;No;Artista;<10annos;Bajo;4;1994;Millennials;24426;Malaga;0,709;30;1;333;0,5
CLI5195;M;No;20;No;Funcionario;<10annos;Bajo;1;2004;Generacion Z;16900;Murcia;2,409;30;0;130;
CLI5196;M;Si;45;Si;Servicios;+20annos;Medio;4;1979;Generacion X;74853;Sevilla;0,755;30;1;294;
CLI5197;F;Si;34;No;Ingeniero;10-20annos;Alto;4;1990;Millennials;31387;Huesca;1,399;30;0;122;
CLI5198;F;No;44;Si;Artista;+20annos;Bajo;1;1980;Generacion X;85334;ivila;1,514;50;0;206;
CLI5199;M;Si;52;Si;Artista;+20annos;Bajo;2;1972;Generacion X;91220;Cadiz;1,697;50;1;213;
CLI5200;F;No;47;No;Ingeniero;+20annos;Bajo;1;1977;Generacion X;77018;Valladolid;0,622;120;1;168;
CLI5201;M;Si;89;Si;Otros;+20annos;Bajo;1;1935;Generacion Silenciosa;74266;Gerona;0,818;50;1;142;
CLI5202;M;Si;68;Si;Ejecutivo;+20annos;Alto;4;1956;Generacion X;114827;Tarragona;0,857;80;0;99;
CLI5203;M;Si;56;Si;Artista;+20annos;Medio;2;1968;Generacion X;27875;LLeida;0,583;30;1;274;
CLI5204;M;No;22;No;Funcionario;<10annos;Bajo;5;2002;Generacion Z;20677;Jaen;3,065;30;1;282;
CLI5205;M;No;46;Si;Medico;+20annos;Bajo;1;1978;Generacion X;114206;Leon;1,678;50;0;380;1
CLI5206;F;No;36;No;Medico;10-20annos;Bajo;4;1988;Millennials;23525;Ciudad Real;1,169;30;0;508;4
CLI5207;F;Si;65;Si;Artista;+20annos;Medio;2;1959;Generacion X;94489;Zamora;1,287;50;0;212;
CLI5208;M;Si;40;Si;Funcionario;10-20annos;Alto;2;1984;Millennials;126332;Burgos;1,491;50;0;293;
CLI5209;M;Si;61;Si;Ejecutivo;+20annos;Alto;3;1963;Generacion X;116497;Badajoz;1,013;80;1;340;0,5
CLI5210;M;Si;65;No;Otros;+20annos;Bajo;2;1959;Generacion X;100155;Salamanca;0,798;120;0;243;
CLI5211;F;No;43;Si;Artista;+20annos;Bajo;3;1981;Millennials;54160;Santa Cruz de Tenerife;0,686;30;0;292;
CLI5212;F;No;43;Si;Ingeniero;+20annos;Bajo;4;1981;Millennials;60798;Alicante;1,882;30;0;462;1
CLI5213;M;Si;58;No;Ejecutivo;+20annos;Alto;4;1966;Generacion X;37684;ivila;1,326;30;0;153;
CLI5214;F;No;35;No;Construccion;10-20annos;Bajo;1;1989;Millennials;21304;Guipiºzcoa;1,928;30;0;111;
CLI5215;M;Si;39;Si;Funcionario;10-20annos;Alto;4;1985;Millennials;19594;Guadalajara;1,698;30;1;335;0,5
CLI5216;M;Si;44;Si;Artista;+20annos;Medio;4;1980;Generacion X;101684;Guadalajara;2,02;30;0;549;4
CLI5217;M;Si;66;Si;Otros;+20annos;Bajo;3;1958;Generacion X;89754;Orense;1,287;80;0;558;1
CLI5218;F;No;41;Si;Artista;10-20annos;Bajo;4;1983;Millennials;91401;Caceres;1,583;30;0;119;
CLI5219;M;;57;Si;Artista;+20annos;Bajo;4;1967;Generacion X;63532;Las Palmas;1,17;80;0;422;3
CLI5220;F;Si;39;Si;Ingeniero;10-20annos;Medio;2;1985;Millennials;29676;Vizcaya;1,215;30;0;199;
CLI5221;F;No;30;No;Ingeniero;<10annos;Bajo;1;1994;Millennials;29128;Malaga;1,33;30;0;142;
CLI5222;F;Si;31;Si;Artista;<10annos;Bajo;4;1993;Millennials;29447;Valencia;1,33;30;0;473;3
CLI5223;M;Si;94;No;Ejecutivo;+20annos;Alto;2;1930;Generacion Silenciosa;56989;Las Palmas;1,189;30;0;159;
CLI5224;M;No;32;Si;Artista;10-20annos;Bajo;2;1992;Millennials;28124;LLeida;1,859;30;0;319;0,5
CLI5225;M;Si;86;Si;Servicios;+20annos;Bajo;2;1938;Generacion Silenciosa;117157;Badajoz;1,639;50;0;38;
CLI5226;F;Si;56;Si;Artista;+20annos;Alto;2;1968;Generacion X;28380;Pontevedra;1,267;30;0;515;1
CLI5227;F;No;36;No;Funcionario;10-20annos;Bajo;5;1988;Millennials;26237;Huesca;1,514;30;0;227;
CLI5228;M;Si;32;Si;Funcionario;10-20annos;Bajo;2;1992;Millennials;20196;Teruel;1,445;30;1;245;
CLI5229;F;No;32;No;Funcionario;10-20annos;Bajo;3;1992;Millennials;30604;Murcia;0,962;30;1;107;
CLI5230;M;Si;80;Si;Ejecutivo;+20annos;Alto;2;1944;Generacion Silenciosa;75080;Zamora;1,482;50;1;390;3
CLI5231;F;No;47;Si;Construccion;+20annos;Bajo;1;1977;Generacion X;39262;La Corui±a;0,564;50;1;297;
CLI5232;F;No;36;No;Otros;10-20annos;Bajo;5;1988;Millennials;24539;Barcelona;1,951;30;1;349;0,5
CLI5233;F;No;25;No;Funcionario;<10annos;Bajo;3;1999;Generacion Z;23902;Caceres;14,775;30;0;417;3
CLI5234;M;Si;62;Si;Ejecutivo;+20annos;Alto;1;1962;Generacion X;39288;Lugo;1,306;50;1;207;
CLI5235;F;Si;72;No;Ingeniero;+20annos;Medio;3;1952;Generacion X;100401;La Rioja;1,111;30;1;287;
CLI5236;F;Si;45;Si;Artista;+20annos;Medio;2;1979;Generacion X;49640;Santa Cruz de Tenerife;1,606;50;0;379;3
CLI5237;M;Si;64;Si;Artista;+20annos;Medio;2;1960;Generacion X;91051;Murcia;1,424;50;0;249;
CLI5238;F;Si;53;Si;Artista;+20annos;Medio;2;1971;Generacion X;53711;Albacete;1,678;50;1;273;
CLI5239;F;No;40;Si;Ingeniero;10-20annos;Bajo;5;1984;Millennials;50622;Soria;0,893;30;1;320;0,5
CLI5240;M;No;40;Si;Artista;10-20annos;Bajo;1;1984;Millennials;88874;Gerona;1,146;50;1;269;
CLI5241;M;No;25;No;Medico;<10annos;Bajo;3;1999;Generacion Z;30840;Huesca;1,65;30;1;125;
CLI5242;F;Si;75;No;Artista;+20annos;Medio;3;1949;Generacion X;25504;Leon;1,619;30;1;365;
CLI5243;F;Si;30;Si;Ingeniero;<10annos;Bajo;2;1994;Millennials;29464;Murcia;1,606;30;1;185;
CLI5244;F;Si;46;No;Negocios/empresa;+20annos;Medio;2;1978;Generacion X;25287;Gerona;1,365;30;0;438;3
CLI5245;M;Si;32;No;Medico;10-20annos;Bajo;2;1992;Millennials;24285;Zaragoza;1,376;30;0;404;3
CLI5246;F;No;34;Si;Medico;10-20annos;Bajo;3;1990;Millennials;29456;Segovia;1,399;30;0;40;
CLI5247;F;No;50;Si;Construccion;+20annos;Bajo;1;1974;Generacion X;54344;Zamora;1,033;50;0;350;0,5
CLI5248;M;Si;55;Si;Medico;+20annos;Bajo;3;1969;Generacion X;37607;Huelva;1,502;30;0;389;1
CLI5249;M;No;46;Si;Artista;+20annos;Bajo;1;1978;Generacion X;117849;Almeri­a;0,583;50;0;595;4
CLI5250;F;No;61;Si;Artista;+20annos;Bajo;1;1963;Generacion X;46173;Zamora;1,306;50;0;371;1
CLI5251;F;No;47;Si;Ingeniero;+20annos;Bajo;2;1977;Generacion X;86008;ivila;1,209;50;0;324;0,5
CLI5252;M;No;33;Si;Funcionario;10-20annos;Bajo;1;1991;Millennials;31999;Malaga;1,261;30;1;386;3
CLI5253;M;No;35;No;Medico;10-20annos;Bajo;1;1989;Millennials;22426;Gerona;1,468;30;1;233;
CLI5254;F;No;30;Si;Artista;<10annos;Bajo;5;1994;Millennials;19854;Gerona;1,238;30;0;60;
CLI5255;M;No;36;Si;Otros;10-20annos;Bajo;1;1988;Millennials;18461;Madrid;1,422;30;0;520;1
CLI5256;M;Si;56;No;Ejecutivo;+20annos;Alto;4;1968;Generacion X;124675;LLeida;11,305;200;0;402;3
CLI5257;M;No;34;No;Otros;10-20annos;Bajo;4;1990;Millennials;27142;Barcelona;1,905;30;0;101;
CLI5258;M;Si;34;No;Ejecutivo;10-20annos;Alto;3;1990;Millennials;24533;ilava;1,652;30;1;348;0,5
CLI5259;F;No;40;Si;Artista;10-20annos;Bajo;2;1984;Millennials;38399;Palencia;1,675;50;0;68;
CLI5260;M;Si;77;Si;Otros;+20annos;Bajo;1;1947;Generacion X;85642;Santa Cruz de Tenerife;1,365;50;0;514;1
CLI5261;M;Si;41;;Servicios;10-20annos;Alto;5;1983;Millennials;43813;Jaen;1,238;30;0;91;
CLI5262;F;Si;57;Si;Ingeniero;+20annos;Bajo;3;1967;Generacion X;65044;Granada;0,935;80;0;217;
CLI5263;F;No;31;Si;Funcionario;<10annos;Bajo;3;1993;Millennials;19525;Orense;1,514;30;1;113;
CLI5264;M;Si;46;Si;Otros;+20annos;Bajo;5;1978;Generacion X;127252;Cuenca;1,111;200;0;345;0,5
CLI5265;M;Si;57;Si;Artista;+20annos;Medio;4;1967;Generacion X;40316;Vizcaya;0,622;30;0;196;
CLI5266;M;No;32;No;Medico;10-20annos;Bajo;3;1992;Millennials;24028;Malaga;1,468;30;0;305;0,5
CLI5267;F;Si;67;Si;Artista;+20annos;Medio;4;1957;Generacion X;27557;Melilla;1,091;30;0;32;
CLI5268;F;Si;42;;Ingeniero;+20annos;Bajo;2;1982;Millennials;82723;Zaragoza;1,008;120;0;382;3
CLI5269;F;No;33;Si;Funcionario;10-20annos;Bajo;1;1991;Millennials;25609;Huelva;0,801;30;0;456;3
CLI5270;M;Si;43;Si;Ejecutivo;+20annos;Alto;3;1981;Millennials;39758;Huelva;0,709;30;0;123;
CLI5271;F;Si;81;No;Servicios;+20annos;Alto;2;1943;Generacion Silenciosa;98751;Toledo;1,091;120;0;573;4
CLI5272;F;Si;52;Si;Otros;+20annos;Medio;2;1972;Generacion X;30144;Segovia;0,72;30;0;600;4
CLI5273;M;No;42;Si;Artista;+20annos;Bajo;1;1982;Millennials;97462;Ciudad Real;1,031;50;0;295;
CLI5274;F;No;44;Si;Funcionario;+20annos;Bajo;1;1980;Generacion X;71413;Granada;1,997;50;0;485;1
CLI5275;M;Si;53;Si;Ejecutivo;+20annos;Bajo;2;1971;Generacion X;78000;Pontevedra;1,346;50;0;230;
CLI5276;F;Si;44;Si;Artista;+20annos;Bajo;2;1980;Generacion X;71080;Vizcaya;1,698;50;0;266;
CLI5277;M;No;42;Si;Servicios;+20annos;Bajo;2;1982;Millennials;32882;Leon;0,686;30;0;182;
CLI5278;M;No;69;Si;Medico;+20annos;Bajo;1;1955;Generacion X;76570;Lugo;1,189;50;0;386;3
CLI5279;M;Si;64;No;Artista;+20annos;Alto;3;1960;Generacion X;80928;La Corui±a;1,189;30;1;189;
CLI5280;F;Si;56;Si;Ingeniero;+20annos;Alto;3;1968;Generacion X;28785;Murcia;1,326;30;0;537;1
CLI5281;F;Si;42;Si;Artista;+20annos;Bajo;2;1982;Millennials;48854;Barcelona;1,767;50;1;341;0,5
CLI5282;F;No;29;No;Otros;<10annos;Bajo;8;1995;Millennials;29269;Valencia;2,547;30;0;453;3
CLI5283;M;Si;66;Si;Artista;+20annos;Medio;3;1958;Generacion X;50963;Soria;0,857;30;1;399;3
CLI5284;M;Si;56;Si;Otros;+20annos;Bajo;3;1968;Generacion X;69559;Sevilla;0,974;80;0;246;
CLI5285;F;Si;62;No;Artista;+20annos;Medio;3;1962;Generacion X;25158;Toledo;0,896;30;0;289;
CLI5286;F;No;28;Si;Medico;<10annos;Bajo;1;1996;Millennials;30272;Lugo;2,064;30;0;306;0,5
CLI5287;M;No;47;No;Artista;+20annos;Bajo;2;1977;Generacion X;114820;Huesca;0,564;120;0;481;3
CLI5288;M;Si;80;Si;Artista;+20annos;Bajo;2;1944;Generacion Silenciosa;94551;Cadiz;1,111;50;0;406;3
CLI5289;M;No;24;No;Funcionario;<10annos;Bajo;4;2000;Generacion Z;21892;Guipiºzcoa;2,72;30;1;378;3
CLI5290;M;Si;73;Si;Servicios;+20annos;Alto;2;1951;Generacion X;41563;Vizcaya;1,326;50;1;131;
CLI5291;F;Si;58;No;Ingeniero;+20annos;Medio;2;1966;Generacion X;75945;Huelva;1,248;120;1;250;
CLI5292;M;No;23;No;Funcionario;<10annos;Bajo;4;2001;Generacion Z;14099;Tarragona;14,775;30;1;160;
CLI5293;F;Si;50;Si;Artista;+20annos;Alto;4;1974;Generacion X;22888;Ciudad Real;1,17;30;0;195;
CLI5294;M;Si;63;Si;Otros;+20annos;Bajo;1;1961;Generacion X;91241;Almeri­a;1,737;50;1;370;3
CLI5295;F;No;39;Si;Medico;10-20annos;Bajo;4;1985;Millennials;19777;Palencia;0,916;30;1;148;
CLI5296;M;Si;44;Si;Ejecutivo;+20annos;Alto;4;1980;Generacion X;48923;Pontevedra;1,905;30;1;266;
CLI5297;M;Si;39;Si;Artista;10-20annos;Alto;2;1985;Millennials;26573;Cuenca;1,813;30;1;365;
CLI5298;M;Si;44;Si;Otros;+20annos;Bajo;1;1980;Generacion X;112008;Valladolid;1,215;50;0;560;4
CLI5299;M;Si;55;Si;Artista;+20annos;Bajo;1;1969;Generacion X;114055;Cadiz;0,876;50;0;128;
CLI5300;F;Si;47;No;Otros;+20annos;Medio;5;1977;Generacion X;129170;Cadiz;1,228;200;0;476;3
CLI5301;F;Si;54;Si;Artista;+20annos;Bajo;4;1970;Generacion X;27896;Pontevedra;0,779;30;0;529;4
CLI5302;F;Si;41;Si;Artista;10-20annos;Bajo;2;1983;Millennials;100581;Teruel;1,606;50;0;264;
CLI5303;M;Si;44;Si;Artista;+20annos;Medio;2;1980;Generacion X;93469;Gerona;2,043;50;0;271;
CLI5304;M;No;45;Si;Medico;+20annos;Bajo;1;1979;Generacion X;82071;Malaga;1,744;50;0;447;1
CLI5305;F;Si;43;Si;Artista;+20annos;Medio;4;1981;Millennials;128326;Caceres;2,043;200;0;184;
CLI5306;F;No;28;No;Medico;<10annos;Bajo;4;1996;Millennials;26108;Zamora;2,789;30;1;263;
CLI5307;F;No;35;No;Otros;10-20annos;Bajo;2;1989;Millennials;27394;Barcelona;0,847;30;0;132;
CLI5308;F;No;43;Si;Construccion;+20annos;Bajo;6;1981;Millennials;87576;Guipiºzcoa;0,87;30;1;164;
CLI5309;F;Si;42;Si;Funcionario;+20annos;Medio;3;1982;Millennials;83281;ilava;1,33;30;0;294;
CLI5310;F;No;28;Si;Medico;<10annos;Bajo;4;1996;Millennials;31333;Caceres;2,789;30;0;349;0,5
CLI5311;F;Si;67;No;Ingeniero;+20annos;Bajo;1;1957;Generacion X;88696;La Rioja;0,955;120;0;291;
CLI5312;F;No;34;Si;Construccion;10-20annos;Bajo;1;1990;Millennials;30642;Las Palmas;1,514;30;0;326;0,5
CLI5313;M;Si;79;Si;Artista;+20annos;Bajo;1;1945;Generacion Silenciosa;67804;La Corui±a;0,622;50;0;90;
CLI5314;F;Si;66;Si;Artista;+20annos;Alto;2;1958;Generacion X;29949;Almeri­a;1,697;30;0;70;
CLI5315;F;No;29;No;Construccion;<10annos;Bajo;1;1995;Millennials;27683;ivila;13,395;30;0;488;3
CLI5316;M;Si;56;Si;Medico;+20annos;Alto;5;1968;Generacion X;103353;Santa Cruz de Tenerife;1,072;30;0;335;0,5
CLI5317;M;Si;62;No;Servicios;+20annos;Bajo;2;1962;Generacion X;123287;Cadiz;1,209;120;1;104;
CLI5318;M;Si;39;;Otros;10-20annos;Alto;2;1985;Millennials;31787;Jaen;2,066;30;0;85;
CLI5319;M;Si;61;Si;Otros;+20annos;Bajo;1;1963;Generacion X;23921;LLeida;1,17;30;0;474;3
CLI5320;F;Si;43;Si;Artista;+20annos;Alto;2;1981;Millennials;82765;Cuenca;1,859;50;0;286;
CLI5321;F;Si;46;Si;Ingeniero;+20annos;Bajo;1;1978;Generacion X;128348;Burgos;1,385;50;1;339;0,5
CLI5322;F;Si;66;Si;Artista;+20annos;Medio;6;1958;Generacion X;41594;Barcelona;1,717;30;0;387;3
CLI5323;M;No;40;Si;Artista;10-20annos;Bajo;1;1984;Millennials;82951;Las Palmas;1,836;50;0;331;0,5
CLI5324;M;Si;28;Si;Medico;<10annos;Medio;2;1996;Millennials;23232;Cordoba;1,65;30;0;194;
CLI5325;M;No;28;No;Funcionario;<10annos;Bajo;3;1996;Millennials;18150;Burgos;2,754;30;0;345;0,5
CLI5326;M;No;32;No;Medico;10-20annos;Bajo;5;1992;Millennials;24038;Jaen;0,824;30;0;298;
CLI5327;F;No;30;No;Funcionario;<10annos;Bajo;5;1994;Millennials;29875;Melilla;1,56;30;0;465;3
CLI5328;M;Si;57;Si;Artista;+20annos;Bajo;1;1967;Generacion X;119673;Toledo;0,857;50;0;544;4
CLI5329;M;Si;40;No;Otros;10-20annos;Bajo;2;1984;Millennials;54107;Valencia;1,56;30;0;496;3
CLI5330;M;Si;45;Si;Artista;+20annos;Alto;4;1979;Generacion X;21428;LLeida;1,376;30;1;122;
CLI5331;M;No;34;No;Ingeniero;10-20annos;Bajo;2;1990;Millennials;23675;Madrid;0,916;30;0;118;
CLI5332;M;Si;50;Si;Otros;+20annos;Medio;4;1974;Generacion X;39097;LLeida;1,013;30;1;383;3
CLI5333;F;No;35;No;Funcionario;10-20annos;Bajo;4;1989;Millennials;28907;Madrid;1,882;30;1;120;
CLI5334;M;Si;61;Si;Ingeniero;+20annos;Medio;3;1963;Generacion X;100026;Melilla;1,717;80;0;365;
CLI5335;M;No;31;Si;Funcionario;<10annos;Bajo;3;1993;Millennials;24212;Jaen;2,043;30;0;235;
CLI5336;F;Si;77;Si;Artista;+20annos;Alto;2;1947;Generacion X;125793;Soria;0,622;50;0;342;0,5
CLI5337;M;Si;90;Si;Servicios;+20annos;Bajo;1;1934;Generacion Silenciosa;27552;Guipiºzcoa;1,17;30;1;172;
CLI5338;F;No;29;No;Ingeniero;<10annos;Bajo;7;1995;Millennials;25574;La Corui±a;2,202;30;0;186;
CLI5339;M;No;24;No;Ingeniero;<10annos;Bajo;4;2000;Generacion Z;14856;Toledo;1,754;30;1;269;
CLI5340;F;;32;No;Otros;10-20annos;Alto;1;1992;Millennials;21682;Pontevedra;1,583;30;0;151;
CLI5341;F;Si;53;Si;Otros;+20annos;Bajo;1;1971;Generacion X;80828;Palencia;0,915;50;0;137;
CLI5342;M;Si;53;Si;Otros;+20annos;Bajo;2;1971;Generacion X;27781;Zaragoza;0,857;30;1;176;
CLI5343;M;No;35;Si;Funcionario;10-20annos;Bajo;4;1989;Millennials;24756;Madrid;0,755;30;1;102;
CLI5344;M;No;32;No;Funcionario;10-20annos;Bajo;5;1992;Millennials;30803;Tarragona;1,031;30;0;542;4
CLI5345;M;No;39;Si;Artista;10-20annos;Bajo;3;1985;Millennials;24807;Santa Cruz de Tenerife;1,997;30;0;61;
CLI5346;M;Si;43;No;Otros;+20annos;Medio;4;1981;Millennials;123160;Madrid;0,663;200;1;116;
CLI5347;F;No;29;No;Artista;<10annos;Bajo;2;1995;Millennials;19994;Leon;2,306;30;0;173;
CLI5348;M;No;22;No;Funcionario;<10annos;Bajo;4;2002;Generacion Z;19444;Valladolid;12,015;30;1;395;3
CLI5349;F;No;39;Si;Negocios/empresa;10-20annos;Bajo;1;1985;Millennials;25968;Tarragona;1,284;30;0;304;0,5
CLI5350;M;No;20;No;Funcionario;<10annos;Bajo;3;2004;Generacion Z;19482;Almeri­a;2,513;30;1;346;0,5
CLI5351;F;Si;62;Si;Artista;+20annos;Alto;2;1962;Generacion X;46206;Guadalajara;1,697;50;0;188;
CLI5352;M;No;44;No;Construccion;+20annos;Bajo;1;1980;Generacion X;112378;Navarra;0,962;120;1;188;
CLI5353;F;No;41;No;Ingeniero;10-20annos;Bajo;1;1983;Millennials;86873;Zaragoza;0,709;120;0;348;0,5
CLI5354;F;Si;63;Si;Artista;+20annos;Alto;3;1961;Generacion X;121358;Huesca;1,248;80;0;451;1
CLI5355;M;No;25;No;Funcionario;<10annos;Bajo;4;1999;Generacion Z;26011;Las Palmas;2,961;30;0;476;3
CLI5356;M;Si;57;Si;Artista;+20annos;Bajo;1;1967;Generacion X;23032;Leon;1,326;30;0;485;1
CLI5357;F;Si;50;No;Ingeniero;+20annos;Medio;7;1974;Generacion X;63813;Baleares;1,111;30;0;333;0,5
CLI5358;M;No;22;No;Funcionario;<10annos;Bajo;4;2002;Generacion Z;20931;Ciudad Real;2,168;30;0;277;
CLI5359;F;No;22;No;Funcionario;<10annos;Bajo;6;2002;Generacion Z;22186;Pontevedra;1,788;30;0;31;
CLI5360;M;Si;67;Si;Funcionario;+20annos;Medio;7;1957;Generacion X;97069;Soria;1,639;30;1;234;
CLI5361;M;No;25;No;Medico;<10annos;Bajo;4;1999;Generacion Z;30362;Teruel;2,444;30;0;99;
CLI5362;F;No;57;Si;Artista;+20annos;Bajo;2;1967;Generacion X;66431;Tarragona;1,228;50;0;411;1
CLI5363;M;Si;28;Si;Funcionario;<10annos;Bajo;2;1996;Millennials;21516;Huelva;2,996;30;0;218;
CLI5364;M;No;23;No;Funcionario;<10annos;Bajo;6;2001;Generacion Z;23349;ivila;1,029;30;0;518;4
CLI5365;M;Si;65;Si;Artista;+20annos;Medio;6;1959;Generacion X;125789;Jaen;1,267;200;0;130;
CLI5366;F;No;41;Si;Negocios/empresa;10-20annos;Bajo;3;1983;Millennials;104589;Palencia;1,974;30;0;288;
CLI5367;F;Si;79;Si;Servicios;+20annos;Alto;2;1945;Generacion Silenciosa;22861;Valencia;0,72;30;0;119;
CLI5368;M;Si;55;Si;Artista;+20annos;Bajo;1;1969;Generacion X;74949;Leon;1,697;50;1;150;
CLI5369;M;No;21;No;Funcionario;<10annos;Bajo;1;2003;Generacion Z;18886;Teruel;3,03;30;0;124;
CLI5370;M;No;22;No;Funcionario;<10annos;Bajo;8;2002;Generacion Z;14106;Salamanca;3,065;30;0;37;
CLI5371;F;Si;35;No;Artista;10-20annos;Medio;4;1989;Millennials;20026;Cuenca;1,721;30;1;227;
CLI5372;F;No;40;No;Medico;10-20annos;Bajo;2;1984;Millennials;66296;Burgos;1,836;30;1;392;3
CLI5373;F;Si;32;No;Medico;10-20annos;Medio;2;1992;Millennials;19656;Teruel;1,951;30;1;325;0,5
CLI5374;M;Si;28;No;Otros;<10annos;Medio;1;1996;Millennials;26473;La Rioja;1,995;30;1;315;0,5
CLI5375;F;No;24;;Funcionario;<10annos;Bajo;4;2000;Generacion Z;14422;Guipiºzcoa;1,823;30;0;362;0,5
CLI5376;M;Si;73;Si;Artista;+20annos;Bajo;1;1951;Generacion X;101380;Pontevedra;0,876;50;0;131;
CLI5377;M;Si;55;Si;Artista;+20annos;Bajo;4;1969;Generacion X;77797;Burgos;1,404;80;0;565;1
CLI5378;M;;58;Si;Artista;+20annos;Medio;3;1966;Generacion X;56593;Ceuta;0,622;80;0;490;3
CLI5379;M;No;43;Si;Otros;+20annos;Bajo;2;1981;Millennials;68196;Las Palmas;1,79;50;0;558;1
CLI5380;M;Si;66;Si;Artista;+20annos;Bajo;2;1958;Generacion X;75607;Soria;1,737;50;0;54;
CLI5381;M;Si;77;Si;Otros;+20annos;Medio;2;1947;Generacion X;112597;Soria;0,642;50;0;176;
CLI5382;M;No;20;No;Medico;<10annos;Bajo;3;2004;Generacion Z;13675;ilava;14,775;30;0;197;
CLI5383;F;No;36;Si;Ingeniero;10-20annos;Bajo;2;1988;Millennials;20606;Caceres;1,767;30;0;293;
CLI5384;M;No;58;Si;Artista;+20annos;Bajo;2;1966;Generacion X;78838;Zaragoza;0,876;50;1;117;
CLI5385;M;Si;30;Si;Artista;<10annos;Medio;3;1994;Millennials;29439;Alicante;1,767;30;0;240;
CLI5386;M;Si;75;Si;Servicios;+20annos;Bajo;2;1949;Generacion X;118579;Santa Cruz de Tenerife;1,072;50;0;166;
CLI5387;F;No;30;Si;Artista;<10annos;Bajo;3;1994;Millennials;27296;Teruel;1,928;30;0;241;
CLI5388;M;Si;41;Si;Artista;10-20annos;Medio;2;1983;Millennials;36817;Zaragoza;1,1;50;1;338;0,5
CLI5389;M;Si;46;Si;Artista;+20annos;Medio;4;1978;Generacion X;93937;Gerona;1,561;80;0;71;
CLI5390;M;No;35;No;Artista;10-20annos;Bajo;7;1989;Millennials;29863;Cadiz;0,824;30;0;183;
CLI5391;F;No;31;Si;Ingeniero;<10annos;Bajo;1;1993;Millennials;26423;Gerona;1,859;30;0;94;
CLI5392;M;No;34;No;Funcionario;10-20annos;Bajo;4;1990;Millennials;23853;Guipiºzcoa;1,422;30;0;440;3
CLI5393;M;Si;97;No;Servicios;+20annos;Bajo;1;1927;Generacion Silenciosa;107917;Burgos;1,6;120;0;536;4
CLI5394;M;No;39;Si;Artista;10-20annos;Bajo;1;1985;Millennials;25082;La Rioja;1,261;30;0;171;
CLI5395;M;No;40;No;Funcionario;10-20annos;Bajo;4;1984;Millennials;24595;Orense;0,778;30;1;367;3
CLI5396;M;Si;36;No;Construccion;10-20annos;Medio;2;1988;Millennials;30740;Valencia;1,997;30;0;200;
CLI5397;F;No;44;Si;Construccion;+20annos;Bajo;1;1980;Generacion X;82222;Zaragoza;0,778;50;0;565;4
CLI5398;M;Si;28;Si;Otros;<10annos;Alto;2;1996;Millennials;24537;Zamora;2,961;30;1;347;0,5
CLI5399;M;Si;74;Si;Artista;+20annos;Medio;2;1950;Generacion X;24370;Madrid;0,759;30;1;155;
CLI5400;F;;20;No;Funcionario;<10annos;Medio;3;2004;Generacion Z;21160;La Rioja;1,443;30;0;392;3
CLI5401;F;Si;68;No;Ingeniero;+20annos;Alto;2;1956;Generacion X;49032;Palencia;0,603;30;0;288;
CLI5402;F;No;23;No;Funcionario;<10annos;Bajo;2;2001;Generacion Z;22569;Gerona;1,926;30;1;284;
CLI5403;F;No;31;No;Funcionario;<10annos;Bajo;4;1993;Millennials;26842;Madrid;1,192;30;0;427;3
CLI5404;F;No;40;No;Ingeniero;10-20annos;Bajo;1;1984;Millennials;112972;Malaga;1,537;120;1;191;
CLI5405;M;No;30;No;Medico;<10annos;Bajo;3;1994;Millennials;18397;Almeri­a;2,043;30;0;570;4
CLI5406;F;Si;40;Si;Otros;10-20annos;Medio;4;1984;Millennials;119445;Madrid;1,905;30;0;207;
CLI5407;M;Si;58;No;Ejecutivo;+20annos;Medio;4;1966;Generacion X;27625;Lugo;0,876;30;1;300;
CLI5408;F;No;33;Si;Medico;10-20annos;Bajo;5;1991;Millennials;22541;Baleares;1,445;30;1;149;
CLI5409;F;Si;58;Si;Artista;+20annos;Medio;3;1966;Generacion X;59969;Toledo;1,267;80;1;272;
CLI5410;F;No;36;No;Medico;10-20annos;Bajo;3;1988;Millennials;23566;Albacete;0,962;30;0;493;3
CLI5411;F;No;40;Si;Negocios/empresa;10-20annos;Bajo;3;1984;Millennials;58133;Melilla;1,077;30;0;309;0,5
CLI5412;F;Si;58;No;Ingeniero;+20annos;Bajo;3;1966;Generacion X;80415;Salamanca;1,619;30;0;556;4
CLI5413;M;No;32;No;Medico;10-20annos;Bajo;4;1992;Millennials;30842;Las Palmas;1,123;30;0;402;3
CLI5414;F;No;31;No;Ingeniero;<10annos;Bajo;8;1993;Millennials;18327;Alicante;1,813;30;0;417;3
CLI5415;M;Si;52;Si;Artista;+20annos;Bajo;1;1972;Generacion X;95960;Zaragoza;1,639;50;0;113;
CLI5416;M;No;25;No;Servicios;<10annos;Bajo;4;1999;Generacion Z;29372;Leon;1,616;30;0;360;0,5
CLI5417;F;Si;39;Si;Otros;10-20annos;Bajo;4;1985;Millennials;27796;Madrid;1,79;30;0;599;1
CLI5418;M;Si;96;Si;Servicios;+20annos;Bajo;1;1928;Generacion Silenciosa;49760;Valladolid;0,955;50;1;380;3
CLI5419;M;Si;62;Si;Artista;+20annos;Medio;4;1962;Generacion X;86095;Cadiz;0,564;80;0;390;3
CLI5420;F;Si;29;No;Servicios;<10annos;Bajo;9;1995;Millennials;30339;Albacete;1,167;30;1;260;
CLI5421;F;Si;83;Si;Artista;+20annos;Alto;3;1941;Generacion Silenciosa;38887;Melilla;0,681;30;1;239;
CLI5422;F;Si;85;Si;Servicios;+20annos;Alto;2;1939;Generacion Silenciosa;68192;Burgos;0,642;50;0;203;
CLI5423;M;Si;73;No;Artista;+20annos;Alto;3;1951;Generacion X;125624;Ceuta;1,756;200;0;149;
CLI5424;M;Si;61;Si;Artista;+20annos;Medio;2;1963;Generacion X;62613;LLeida;1,228;50;0;496;3
CLI5425;M;Si;67;Si;Ejecutivo;+20annos;Bajo;6;1957;Generacion X;107305;Jaen;1,717;30;0;523;1
CLI5426;M;Si;43;Si;Otros;+20annos;Medio;3;1981;Millennials;129550;Badajoz;0,87;200;1;244;
CLI5427;M;Si;67;Si;Ejecutivo;+20annos;Alto;2;1957;Generacion X;44242;Salamanca;1,717;50;0;156;
CLI5428;M;No;44;No;Ingeniero;+20annos;Bajo;4;1980;Generacion X;96922;Albacete;1,951;30;0;577;4
CLI5429;M;Si;47;Si;Ejecutivo;+20annos;Alto;3;1977;Generacion X;61580;Cuenca;1,306;80;0;490;1
CLI5430;F;No;63;Si;Artista;+20annos;Bajo;1;1961;Generacion X;99763;Pontevedra;1,385;50;0;592;1
CLI5431;F;No;41;Si;Artista;10-20annos;Bajo;2;1983;Millennials;30759;Leon;0,755;30;1;275;
CLI5432;M;Si;45;Si;Otros;+20annos;Medio;2;1979;Generacion X;104993;Cuenca;1,146;50;0;586;4
CLI5433;F;No;22;No;Servicios;<10annos;Bajo;2;2002;Generacion Z;23179;Jaen;2,34;30;0;233;
CLI5434;M;Si;75;No;Ejecutivo;+20annos;Medio;2;1949;Generacion X;122514;Alicante;1,072;120;0;407;3
CLI5435;F;Si;47;Si;Artista;+20annos;Alto;4;1977;Generacion X;31856;Huelva;0,955;30;1;381;3
CLI5436;M;No;23;No;Funcionario;<10annos;Bajo;5;2001;Generacion Z;23832;La Corui±a;2,996;30;1;256;
CLI5437;M;Si;42;Si;Ingeniero;+20annos;Medio;4;1982;Millennials;93636;Murcia;1,445;30;1;123;
CLI5438;M;Si;68;Si;Artista;+20annos;Medio;5;1956;Generacion X;101133;Orense;1,502;30;0;337;0,5
CLI5439;F;No;33;Si;Medico;10-20annos;Bajo;7;1991;Millennials;28757;Las Palmas;0,87;30;0;399;3
CLI5440;M;No;35;Si;Artista;10-20annos;Bajo;3;1989;Millennials;19798;Cuenca;1,169;30;0;84;
CLI5441;F;No;20;No;Funcionario;<10annos;Bajo;5;2004;Generacion Z;13702;Valencia;2,996;30;0;135;
CLI5442;M;Si;39;Si;Funcionario;10-20annos;Bajo;1;1985;Millennials;28981;Albacete;1,56;30;0;482;1
CLI5443;F;No;31;No;Medico;<10annos;Bajo;4;1993;Millennials;24338;Segovia;1,054;30;0;278;
CLI5444;M;Si;28;No;Artista;<10annos;Medio;4;1996;Millennials;24635;Barcelona;1,581;30;1;244;
CLI5445;M;Si;46;No;Servicios;+20annos;Bajo;1;1978;Generacion X;42430;Cordoba;1,385;30;0;61;
CLI5446;F;No;32;No;Funcionario;10-20annos;Bajo;4;1992;Millennials;23929;Orense;1,1;30;0;484;3
CLI5447;M;No;44;Si;Medico;+20annos;Bajo;1;1980;Generacion X;93999;Guadalajara;1,675;50;0;201;
CLI5448;F;No;44;Si;Otros;+20annos;Bajo;3;1980;Generacion X;38547;Barcelona;0,778;30;0;194;
CLI5449;M;Si;43;Si;Artista;+20annos;Medio;1;1981;Millennials;103149;Palencia;1,79;50;0;41;
CLI5450;F;No;20;No;Funcionario;<10annos;Bajo;3;2004;Generacion Z;20432;Caceres;2,409;30;0;210;
CLI5451;M;No;43;No;Otros;+20annos;Bajo;3;1981;Millennials;94786;Navarra;1,422;30;1;358;0,5
CLI5452;M;Si;54;No;Otros;+20annos;Medio;6;1970;Generacion X;113312;La Rioja;1,639;30;0;560;4
CLI5453;F;No;28;Si;Funcionario;<10annos;Bajo;1;1996;Millennials;30509;Burgos;13,395;30;0;544;4
CLI5454;F;No;36;Si;Construccion;10-20annos;Bajo;1;1988;Millennials;19427;Lugo;1,951;30;0;78;
CLI5455;M;Si;42;No;Artista;+20annos;Bajo;1;1982;Millennials;24744;Lugo;1,675;30;1;143;
CLI5456;M;Si;94;Si;Servicios;+20annos;Bajo;1;1930;Generacion Silenciosa;66218;Palencia;1,619;50;0;331;0,5
CLI5457;M;Si;56;Si;Medico;+20annos;Medio;3;1968;Generacion X;84092;Santa Cruz de Tenerife;1,189;80;0;431;3
CLI5458;M;No;29;Si;Ingeniero;<10annos;Bajo;3;1995;Millennials;21516;Huesca;1,685;30;0;261;
CLI5459;F;Si;39;Si;Artista;10-20annos;Medio;3;1985;Millennials;22488;Cadiz;0,916;30;0;591;4
CLI5460;M;Si;36;No;Otros;10-20annos;Bajo;3;1988;Millennials;21872;Tarragona;0,709;30;1;335;0,5
CLI5461;M;No;45;Si;Otros;+20annos;Bajo;1;1979;Generacion X;55297;Zaragoza;1,284;50;1;345;0,5
CLI5462;M;Si;45;Si;Construccion;+20annos;Medio;3;1979;Generacion X;91856;ivila;1,928;30;0;182;
CLI5463;M;No;85;Si;Servicios;+20annos;Bajo;1;1939;Generacion Silenciosa;116168;Almeri­a;0,974;50;0;521;4
CLI5464;F;No;45;No;Negocios/empresa;+20annos;Bajo;2;1979;Generacion X;22673;Malaga;1,583;30;1;159;
CLI5465;M;Si;51;Si;Otros;+20annos;Bajo;3;1973;Generacion X;113726;Lugo;1,639;80;1;202;
CLI5466;M;Si;69;Si;Artista;+20annos;Bajo;1;1955;Generacion X;35238;Segovia;0,622;50;1;339;0,5
CLI5467;F;Si;41;Si;Artista;10-20annos;Alto;2;1983;Millennials;97785;Toledo;0,824;50;0;45;
CLI5468;M;Si;64;;Artista;+20annos;Medio;2;1960;Generacion X;58802;Guadalajara;1,033;30;0;231;
CLI5469;M;Si;56;Si;Ingeniero;+20annos;Bajo;2;1968;Generacion X;78829;Madrid;0,642;50;0;282;
CLI5470;F;No;31;No;Ingeniero;<10annos;Bajo;2;1993;Millennials;23370;Huesca;1,261;30;0;519;4
CLI5471;M;Si;51;Si;Artista;+20annos;Medio;5;1973;Generacion X;79943;Pontevedra;1,737;30;0;116;
CLI5472;M;No;31;Si;Medico;<10annos;Bajo;2;1993;Millennials;25813;Alicante;1,445;30;0;309;0,5
CLI5473;F;No;53;Si;Artista;+20annos;Bajo;1;1971;Generacion X;22310;Almeri­a;0,818;30;0;240;
CLI5474;F;No;31;;Ingeniero;<10annos;Bajo;3;1993;Millennials;20333;Cuenca;1,583;30;0;311;0,5
CLI5475;M;No;40;Si;Artista;10-20annos;Bajo;1;1984;Millennials;121728;Orense;1,169;50;1;376;3
CLI5476;M;No;55;Si;Artista;+20annos;Bajo;3;1969;Generacion X;24075;Malaga;1,697;30;1;199;
CLI5477;F;No;35;Si;Funcionario;10-20annos;Bajo;3;1989;Millennials;23606;Cadiz;1,675;30;0;158;
CLI5478;M;Si;61;Si;Ejecutivo;+20annos;Alto;4;1963;Generacion X;33911;Lugo;1,697;30;0;298;
CLI5479;F;Si;47;Si;Artista;+20annos;Bajo;1;1977;Generacion X;65953;ivila;0,837;50;0;374;3
CLI5480;F;No;33;Si;Servicios;10-20annos;Bajo;2;1991;Millennials;30761;Almeri­a;1,698;30;0;502;4
CLI5481;F;Si;35;Si;Negocios/empresa;10-20annos;Bajo;2;1989;Millennials;24650;La Corui±a;1,215;30;0;587;4
CLI5482;M;Si;90;Si;Artista;+20annos;Alto;2;1934;Generacion Silenciosa;97608;Santa Cruz de Tenerife;0,935;50;1;148;
CLI5483;M;Si;36;Si;Otros;10-20annos;Medio;2;1988;Millennials;27944;Teruel;1,905;30;0;558;4
CLI5484;M;No;36;Si;Medico;10-20annos;Bajo;4;1988;Millennials;29541;Zamora;0,939;30;0;489;3
CLI5485;M;Si;61;Si;Artista;+20annos;Medio;5;1963;Generacion X;38542;Las Palmas;1,267;30;0;351;0,5
CLI5486;F;No;44;;Negocios/empresa;+20annos;Bajo;1;1980;Generacion X;107314;Santa Cruz de Tenerife;1,905;120;1;116;
CLI5487;M;Si;98;Si;Medico;+20annos;Bajo;1;1926;Generacion Silenciosa;102940;Santa Cruz de Tenerife;0,583;50;0;330;0,5
CLI5488;F;No;36;Si;Medico;10-20annos;Bajo;4;1988;Millennials;19520;Tarragona;1,146;30;0;65;
CLI5489;M;No;24;No;Funcionario;<10annos;Bajo;3;2000;Generacion Z;20467;Valladolid;1,892;30;1;234;
CLI5490;M;Si;64;Si;Artista;+20annos;Medio;2;1960;Generacion X;43759;Cuenca;1,482;50;0;272;
CLI5491;F;No;35;Si;Funcionario;10-20annos;Bajo;3;1989;Millennials;18457;Valladolid;0,962;30;0;230;
CLI5492;M;Si;53;Si;Ejecutivo;+20annos;Alto;5;1971;Generacion X;72138;Valencia;0,603;30;0;291;
CLI5493;M;Si;68;Si;Artista;+20annos;Medio;2;1956;Generacion X;110811;Baleares;1,17;50;0;399;3
CLI5494;F;Si;43;Si;Artista;+20annos;Medio;2;1981;Millennials;91857;Barcelona;1,077;50;0;132;
CLI5495;M;Si;39;Si;Negocios/empresa;10-20annos;Bajo;5;1985;Millennials;20415;Soria;1,008;30;0;173;
CLI5496;M;No;52;No;Otros;+20annos;Bajo;1;1972;Generacion X;125429;Salamanca;1,424;120;0;80;
CLI5497;F;Si;39;Si;Medico;10-20annos;Medio;3;1985;Millennials;21908;Zamora;1,813;30;0;341;0,5
CLI5498;M;Si;86;Si;Servicios;+20annos;Alto;5;1938;Generacion Silenciosa;96823;Gerona;1,424;30;1;329;0,5
CLI5499;F;No;46;No;Artista;+20annos;Bajo;4;1978;Generacion X;80676;Teruel;1,6;30;1;184;
CLI5500;F;No;41;Si;Artista;10-20annos;Bajo;1;1983;Millennials;106970;ivila;1,399;50;0;583;1
CLI5501;F;No;47;Si;Medico;+20annos;Bajo;1;1977;Generacion X;27011;ilava;1,6;30;0;533;1
CLI5502;M;Si;53;Si;Artista;+20annos;Medio;3;1971;Generacion X;76347;Guadalajara;1,404;80;0;285;
CLI5503;M;No;24;No;Funcionario;<10annos;Bajo;5;2000;Generacion Z;21245;Palencia;2,202;30;1;326;0,5
CLI5504;M;No;34;No;Funcionario;10-20annos;Bajo;5;1990;Millennials;22088;Lugo;0,824;30;0;284;
CLI5505;F;No;56;Si;Artista;+20annos;Bajo;1;1968;Generacion X;114022;Tarragona;0,896;50;0;246;
CLI5506;M;No;46;Si;Artista;+20annos;Bajo;1;1978;Generacion X;109151;Madrid;0,564;50;1;244;
CLI5507;M;Si;64;Si;Medico;+20annos;Alto;2;1960;Generacion X;91063;Pontevedra;1,658;50;0;495;1
CLI5508;M;Si;55;Si;Otros;+20annos;Medio;4;1969;Generacion X;73666;Palencia;1,326;80;1;390;3
CLI5509;M;Si;78;Si;Servicios;+20annos;Alto;2;1946;Generacion X;61266;Cadiz;0,896;50;1;156;
CLI5510;M;No;90;;Servicios;+20annos;Bajo;2;1934;Generacion Silenciosa;70460;Ciudad Real;0,7;30;0;286;
CLI5511;M;Si;54;No;Ejecutivo;+20annos;Alto;5;1970;Generacion X;68297;Ceuta;11,305;30;0;519;4
CLI5512;M;Si;58;Si;Artista;+20annos;Medio;2;1966;Generacion X;79043;Melilla;1,013;50;0;556;4
CLI5513;F;No;34;No;Ingeniero;10-20annos;Bajo;1;1990;Millennials;29089;La Corui±a;1,445;30;1;156;
CLI5514;F;No;23;No;Funcionario;<10annos;Bajo;7;2001;Generacion Z;20529;Navarra;14,775;30;0;342;0,5
CLI5515;M;Si;67;Si;Ejecutivo;+20annos;Alto;2;1957;Generacion X;56454;Ciudad Real;1,111;50;0;30;
CLI5516;M;No;39;Si;Artista;10-20annos;Bajo;2;1985;Millennials;28842;Huelva;1,169;30;0;268;
CLI5517;M;Si;52;Si;Negocios/empresa;+20annos;Bajo;2;1972;Generacion X;87086;La Corui±a;0,837;50;1;380;3
CLI5518;M;;31;No;Otros;<10annos;Bajo;2;1993;Millennials;27189;LLeida;0,87;30;1;122;
CLI5519;F;Si;42;Si;Artista;+20annos;Medio;3;1982;Millennials;48066;Badajoz;1,353;30;0;447;3
CLI5520;M;No;43;Si;Otros;+20annos;Bajo;1;1981;Millennials;69483;Granada;0,985;50;1;375;3
CLI5521;M;Si;61;Si;Artista;+20annos;Bajo;2;1963;Generacion X;48305;Cordoba;0,935;50;0;87;
CLI5522;F;No;21;No;Funcionario;<10annos;Bajo;3;2003;Generacion Z;20053;Castellon;2,34;30;0;206;
CLI5523;F;Si;64;No;Ingeniero;+20annos;Medio;2;1960;Generacion X;32855;Albacete;0,622;30;1;115;
CLI5524;F;Si;84;No;Servicios;+20annos;Alto;2;1940;Generacion Silenciosa;128261;Valladolid;1,072;120;0;316;0,5
CLI5525;M;No;21;No;Funcionario;<10annos;Bajo;4;2003;Generacion Z;15198;Ciudad Real;2,858;30;0;522;4
CLI5526;F;Si;56;Si;Artista;+20annos;Bajo;2;1968;Generacion X;56633;Sevilla;1,404;50;1;195;
CLI5527;M;No;43;Si;Artista;+20annos;Bajo;2;1981;Millennials;121225;Segovia;1,813;50;0;530;1
CLI5528;M;No;24;No;Funcionario;<10annos;Bajo;3;2000;Generacion Z;18644;La Rioja;1,788;30;0;107;
CLI5529;F;Si;52;Si;Medico;+20annos;Medio;5;1972;Generacion X;78512;Alicante;1,561;30;1;323;0,5
CLI5530;M;No;35;No;Funcionario;10-20annos;Bajo;4;1989;Millennials;23698;Zaragoza;1,353;30;0;365;
CLI5531;F;Si;33;No;Ingeniero;10-20annos;Medio;2;1991;Millennials;21928;La Corui±a;1,606;30;1;200;
CLI5532;F;Si;39;Si;Construccion;10-20annos;Alto;7;1985;Millennials;23196;Sevilla;1,514;30;0;345;0,5
CLI5533;M;No;39;Si;Otros;10-20annos;Bajo;2;1985;Millennials;22280;Jaen;0,778;30;0;530;4
CLI5534;F;Si;46;Si;Artista;+20annos;Bajo;1;1978;Generacion X;54573;Zaragoza;1,306;50;0;370;1
CLI5535;F;Si;39;Si;Funcionario;10-20annos;Medio;2;1985;Millennials;25823;Albacete;2,066;30;1;327;0,5
CLI5536;M;Si;40;Si;Artista;10-20annos;Medio;2;1984;Millennials;100583;Granada;1,537;50;1;386;3
CLI5537;M;No;20;No;Funcionario;<10annos;Bajo;5;2004;Generacion Z;17877;Huelva;1,581;30;0;330;0,5
CLI5538;M;Si;83;No;Ejecutivo;+20annos;Alto;2;1941;Generacion Silenciosa;77963;Huesca;0,681;120;0;510;4
CLI5539;M;No;51;Si;Artista;+20annos;Bajo;1;1973;Generacion X;115101;Jaen;0,681;50;1;235;
CLI5540;M;Si;75;No;Artista;+20annos;Bajo;2;1949;Generacion X;87067;Burgos;1,697;120;0;583;4
CLI5541;M;Si;74;Si;Medico;+20annos;Medio;2;1950;Generacion X;40842;ilava;1,658;50;0;101;
CLI5542;F;Si;55;No;Ingeniero;+20annos;Medio;4;1969;Generacion X;112818;Orense;1,541;30;1;344;0,5
CLI5543;M;No;35;No;Artista;10-20annos;Bajo;4;1989;Millennials;18733;Malaga;2,043;30;0;213;
CLI5544;M;No;23;No;Funcionario;<10annos;Bajo;5;2001;Generacion Z;18045;Sevilla;1,374;30;1;132;
CLI5545;F;Si;53;Si;Artista;+20annos;Alto;4;1971;Generacion X;98991;Gerona;1,385;80;0;332;0,5
CLI5546;M;Si;41;Si;Otros;10-20annos;Medio;2;1983;Millennials;55450;Las Palmas;1,399;50;0;225;
CLI5547;M;Si;45;Si;Artista;+20annos;Bajo;2;1979;Generacion X;114450;Zaragoza;1,514;50;0;521;1
CLI5548;F;Si;69;Si;Ejecutivo;+20annos;Alto;5;1955;Generacion X;44386;Orense;1,502;30;1;239;
CLI5549;M;No;46;Si;Artista;+20annos;Bajo;1;1978;Generacion X;42684;Soria;0,974;50;0;275;
CLI5550;F;Si;54;Si;Ingeniero;+20annos;Alto;5;1970;Generacion X;90005;Burgos;1,052;30;0;404;3
CLI5551;M;No;25;No;Funcionario;<10annos;Bajo;4;1999;Generacion Z;28606;Palencia;2,961;30;0;504;4
CLI5552;M;No;34;No;Otros;10-20annos;Bajo;3;1990;Millennials;22773;Burgos;1,698;30;0;263;
CLI5553;M;No;50;Si;Artista;+20annos;Bajo;1;1974;Generacion X;103256;Murcia;0,7;50;1;132;
CLI5554;M;Si;23;No;Otros;<10annos;Bajo;3;2001;Generacion Z;22653;Zamora;12,705;30;0;168;
CLI5555;M;Si;61;Si;Otros;+20annos;Bajo;4;1963;Generacion X;122283;Soria;0,837;80;0;33;
CLI5556;F;No;29;Si;Artista;<10annos;Bajo;2;1995;Millennials;24361;Madrid;2,513;30;1;166;
CLI5557;M;No;56;Si;Artista;+20annos;Bajo;1;1968;Generacion X;127115;Orense;0,564;50;1;387;3
CLI5558;M;No;30;No;Medico;<10annos;Bajo;3;1994;Millennials;27858;Valencia;0,87;30;1;245;
CLI5559;M;No;45;Si;Otros;+20annos;Bajo;4;1979;Generacion X;100642;Valladolid;1,008;30;0;164;
CLI5560;M;Si;47;No;Ejecutivo;+20annos;Alto;8;1977;Generacion X;28492;Melilla;1,15;30;1;258;
CLI5561;F;Si;31;Si;Artista;<10annos;Bajo;2;1993;Millennials;20625;Madrid;1,031;30;0;512;4
CLI5562;M;Si;52;No;Ingeniero;+20annos;Medio;3;1972;Generacion X;89509;Melilla;1,287;30;0;408;3
CLI5563;F;No;28;No;Medico;<10annos;Bajo;1;1996;Millennials;30798;Huesca;1,029;30;0;311;0,5
CLI5564;F;Si;79;Si;Ingeniero;+20annos;Alto;2;1945;Generacion Silenciosa;87697;Cordoba;1,678;50;0;298;
CLI5565;M;No;25;No;Funcionario;<10annos;Bajo;4;1999;Generacion Z;22327;Soria;1,305;30;0;576;4
CLI5566;M;Si;53;Si;Artista;+20annos;Bajo;3;1971;Generacion X;81426;Cadiz;0,818;80;0;361;0,5
CLI5567;F;Si;36;Si;Artista;10-20annos;Medio;3;1988;Millennials;22403;Caceres;1,583;30;0;474;3
CLI5568;M;Si;34;Si;Funcionario;10-20annos;Bajo;1;1990;Millennials;24938;Toledo;1,238;30;0;265;
CLI5569;M;Si;79;Si;Ejecutivo;+20annos;Alto;2;1945;Generacion Silenciosa;76786;Soria;0,74;50;1;275;
CLI5570;M;Si;73;No;Ejecutivo;+20annos;Bajo;2;1951;Generacion X;31678;Las Palmas;1,639;30;1;218;
CLI5571;F;No;36;Si;Funcionario;10-20annos;Bajo;4;1988;Millennials;26509;Guipiºzcoa;0,732;30;0;407;3
CLI5572;F;Si;77;Si;Artista;+20annos;Alto;2;1947;Generacion X;33426;Burgos;1,033;30;0;351;0,5
CLI5573;F;No;39;Si;Artista;10-20annos;Bajo;1;1985;Millennials;25016;Tarragona;1,077;30;1;110;
CLI5574;M;No;42;Si;Artista;+20annos;Bajo;1;1982;Millennials;54419;Las Palmas;1,123;50;0;135;
CLI5575;F;Si;56;Si;Artista;+20annos;Medio;4;1968;Generacion X;75345;Zamora;0,7;80;1;270;
CLI5576;M;Si;74;Si;Construccion;+20annos;Medio;2;1950;Generacion X;104424;Ceuta;1,541;50;1;139;
CLI5577;F;No;51;Si;Artista;+20annos;Bajo;2;1973;Generacion X;27175;Cadiz;1,561;30;1;303;0,5
CLI5578;F;No;52;No;Otros;+20annos;Bajo;1;1972;Generacion X;54424;Leon;1,639;30;1;234;
CLI5579;M;Si;61;Si;Artista;+20annos;Bajo;1;1963;Generacion X;73048;ivila;0,876;50;0;299;
CLI5580;M;Si;56;No;Ejecutivo;+20annos;Alto;2;1968;Generacion X;30552;Segovia;1,091;30;0;155;
CLI5581;F;Si;52;Si;Artista;+20annos;Bajo;1;1972;Generacion X;78438;Las Palmas;1,189;50;0;526;4
CLI5582;M;Si;34;No;Construccion;10-20annos;Bajo;1;1990;Millennials;31916;Lugo;0,663;30;0;45;
CLI5583;F;No;33;No;Funcionario;10-20annos;Bajo;9;1991;Millennials;19232;Caceres;1,79;30;0;593;4
CLI5584;M;No;29;No;Funcionario;<10annos;Bajo;4;1995;Millennials;31516;ivila;1,512;30;0;76;
CLI5585;M;Si;66;Si;Ejecutivo;+20annos;Alto;4;1958;Generacion X;87357;Barcelona;1,697;80;1;399;3
CLI5586;M;No;23;No;Funcionario;<10annos;Bajo;4;2001;Generacion Z;19347;Almeri­a;1,754;30;1;295;
CLI5587;M;No;21;No;Medico;<10annos;Bajo;3;2003;Generacion Z;22038;Valencia;2,064;30;0;576;4
CLI5588;F;Si;66;Si;Artista;+20annos;Medio;3;1958;Generacion X;61859;Lugo;1,091;80;1;323;0,5
CLI5589;M;No;28;Si;Funcionario;<10annos;Bajo;3;1996;Millennials;20312;Malaga;1,65;30;0;129;
CLI5590;F;No;23;No;Funcionario;<10annos;Bajo;1;2001;Generacion Z;19098;Huesca;2,582;30;0;528;4
CLI5591;F;No;28;Si;Ingeniero;<10annos;Bajo;2;1996;Millennials;31257;Cordoba;1,616;30;0;266;
CLI5592;M;Si;40;Si;Medico;10-20annos;Medio;2;1984;Millennials;36132;Salamanca;1,284;50;0;58;
CLI5593;F;Si;57;Si;Ingeniero;+20annos;Medio;5;1967;Generacion X;43209;Burgos;1,482;30;0;35;
CLI5594;F;Si;91;Si;Servicios;+20annos;Alto;2;1933;Generacion Silenciosa;125208;Sevilla;1,482;50;0;330;0,5
CLI5595;F;Si;62;Si;Artista;+20annos;Alto;5;1962;Generacion X;61432;Baleares;1,346;30;0;253;
CLI5596;F;Si;52;Si;Ingeniero;+20annos;Medio;4;1972;Generacion X;61871;Cadiz;0,622;80;0;299;
CLI5597;M;Si;44;Si;Artista;+20annos;Medio;2;1980;Generacion X;92768;Guipiºzcoa;1,744;50;0;156;
CLI5598;M;Si;74;Si;Servicios;+20annos;Alto;2;1950;Generacion X;117650;Huelva;0,583;50;0;229;
CLI5599;M;No;45;Si;Artista;+20annos;Bajo;2;1979;Generacion X;126133;Burgos;1,652;50;0;425;1
CLI5600;F;Si;44;No;Otros;+20annos;Bajo;4;1980;Generacion X;83720;Toledo;1,468;30;0;124;
CLI5601;M;Si;32;Si;Medico;10-20annos;Bajo;3;1992;Millennials;19816;Cordoba;1,675;30;0;384;3
CLI5602;F;No;45;Si;Artista;+20annos;Bajo;1;1979;Generacion X;35765;Teruel;1,399;50;0;60;
CLI5603;M;Si;55;No;Ejecutivo;+20annos;Alto;4;1969;Generacion X;121568;Navarra;0,74;200;0;532;4
CLI5604;M;Si;42;Si;Servicios;+20annos;Medio;2;1982;Millennials;60079;Valencia;1,077;50;0;247;
CLI5605;F;No;36;No;Negocios/empresa;10-20annos;Bajo;4;1988;Millennials;27874;Cordoba;1,537;30;0;555;4
CLI5606;F;No;53;No;Funcionario;+20annos;Bajo;4;1971;Generacion X;123763;Vizcaya;1,17;200;0;193;
CLI5607;M;No;41;Si;Artista;10-20annos;Bajo;1;1983;Millennials;48217;Melilla;1,468;50;0;587;1
CLI5608;M;Si;41;Si;Artista;10-20annos;Medio;2;1983;Millennials;129117;Guadalajara;1,583;50;0;297;
CLI5609;F;Si;40;Si;Otros;10-20annos;Medio;3;1984;Millennials;102441;Orense;1,284;30;0;411;3
CLI5610;M;No;69;Si;Artista;+20annos;Bajo;1;1955;Generacion X;40269;Santa Cruz de Tenerife;1,346;50;0;334;0,5
CLI5611;F;No;24;No;Funcionario;<10annos;Bajo;4;2000;Generacion Z;13235;La Corui±a;1,788;30;0;539;4
CLI5612;M;Si;45;Si;Artista;+20annos;Medio;3;1979;Generacion X;110565;Tarragona;1,79;30;0;466;3
CLI5613;F;No;46;Si;Artista;+20annos;Bajo;1;1978;Generacion X;93533;Pontevedra;1,463;50;0;47;
CLI5614;M;No;29;Si;Medico;<10annos;Bajo;5;1995;Millennials;20486;Caceres;1,443;30;0;314;0,5
CLI5615;F;No;39;Si;Artista;10-20annos;Bajo;3;1985;Millennials;26939;Valencia;0,755;30;0;428;3
CLI5616;M;Si;86;No;Servicios;+20annos;Alto;2;1938;Generacion Silenciosa;85573;Albacete;1,267;120;0;157;
CLI5617;M;No;63;Si;Otros;+20annos;Bajo;1;1961;Generacion X;54825;Palencia;0,798;50;1;213;
CLI5618;M;Si;67;Si;Otros;+20annos;Medio;2;1957;Generacion X;65634;LLeida;0,896;50;0;495;3
CLI5619;M;No;20;No;Funcionario;<10annos;Bajo;3;2004;Generacion Z;14789;Valladolid;2,03;30;1;192;
CLI5620;M;Si;55;No;Negocios/empresa;+20annos;Alto;6;1969;Generacion X;27378;Cordoba;0,974;30;0;500;
CLI5621;F;No;56;Si;Artista;+20annos;Bajo;1;1968;Generacion X;92637;Huesca;0,994;50;1;294;
CLI5622;F;;21;No;Funcionario;<10annos;Bajo;1;2003;Generacion Z;14053;Barcelona;1,788;30;0;397;3
CLI5623;M;Si;72;Si;Ejecutivo;+20annos;Alto;2;1952;Generacion X;82808;Burgos;0,974;50;1;131;
CLI5624;M;No;29;Si;Funcionario;<10annos;Bajo;3;1995;Millennials;22059;Almeri­a;1,098;30;1;153;
CLI5625;M;Si;55;Si;Artista;+20annos;Medio;2;1969;Generacion X;125441;Guadalajara;1,424;50;0;549;4
CLI5626;F;No;40;Si;Artista;10-20annos;Bajo;1;1984;Millennials;66692;Jaen;0,916;50;0;591;4
CLI5627;M;Si;78;Si;Servicios;+20annos;Alto;1;1946;Generacion X;73136;ilava;0,955;50;1;355;0,5
CLI5628;F;Si;83;No;Servicios;+20annos;Alto;2;1941;Generacion Silenciosa;121324;Ciudad Real;0,896;120;1;336;0,5
CLI5629;F;No;57;Si;Funcionario;+20annos;Bajo;1;1967;Generacion X;78001;Las Palmas;0,994;50;0;85;
CLI5630;F;No;34;No;Funcionario;10-20annos;Bajo;3;1990;Millennials;25926;Albacete;1,859;30;0;418;3
CLI5631;M;Si;88;Si;Servicios;+20annos;Bajo;1;1936;Generacion Silenciosa;24348;Santa Cruz de Tenerife;1,424;30;0;600;1
CLI5632;M;No;36;No;Medico;10-20annos;Bajo;3;1988;Millennials;22682;Guipiºzcoa;1,238;30;1;146;
CLI5633;F;Si;63;Si;Artista;+20annos;Medio;4;1961;Generacion X;42158;Malaga;0,759;30;0;136;
CLI5634;M;Si;74;Si;Ejecutivo;+20annos;Alto;2;1950;Generacion X;125621;Las Palmas;1,365;50;0;576;1
CLI5635;F;No;33;No;Negocios/empresa;10-20annos;Bajo;4;1991;Millennials;21316;Almeri­a;1,974;30;0;93;
CLI5636;M;Si;90;Si;Servicios;+20annos;Bajo;2;1934;Generacion Silenciosa;63745;Salamanca;0,994;50;1;211;
CLI5637;M;No;25;No;Funcionario;<10annos;Bajo;4;1999;Generacion Z;25744;Alicante;1,926;30;1;225;
CLI5638;M;Si;68;No;Otros;+20annos;Medio;2;1956;Generacion X;50415;Leon;1,17;30;0;445;3
CLI5639;M;Si;77;Si;Artista;+20annos;Medio;2;1947;Generacion X;53383;Castellon;1,541;50;1;351;0,5
CLI5640;M;Si;42;Si;Medico;+20annos;Medio;4;1982;Millennials;111685;Palencia;1,813;30;0;58;
CLI5641;F;No;35;No;Negocios/empresa;10-20annos;Bajo;6;1989;Millennials;22211;Cadiz;2,043;30;1;364;0,5
CLI5642;M;;47;Si;Artista;+20annos;Bajo;2;1977;Generacion X;66075;Navarra;1,326;50;0;136;
CLI5643;F;Si;65;No;Ingeniero;+20annos;Medio;4;1959;Generacion X;94908;Pontevedra;1,267;30;1;103;
CLI5644;M;No;31;Si;Funcionario;<10annos;Bajo;5;1993;Millennials;23229;Cordoba;1,169;30;1;311;0,5
CLI5645;M;Si;46;Si;Artista;+20annos;Medio;3;1978;Generacion X;111860;Murcia;1,15;80;0;595;4
CLI5646;M;Si;96;No;Servicios;+20annos;Bajo;1;1928;Generacion Silenciosa;105228;Malaga;0,661;120;1;379;3
CLI5647;F;No;29;No;Negocios/empresa;<10annos;Bajo;4;1995;Millennials;24904;Madrid;1,443;30;0;437;3
CLI5648;M;Si;65;Si;Otros;+20annos;Bajo;1;1959;Generacion X;31326;Lugo;1,17;30;0;439;3
CLI5649;F;No;33;No;Ingeniero;10-20annos;Bajo;3;1991;Millennials;27485;Cordoba;1,123;30;0;264;
CLI5650;F;Si;33;Si;Construccion;10-20annos;Bajo;2;1991;Millennials;27796;Granada;0,985;30;0;547;4
CLI5651;F;No;21;No;Negocios/empresa;<10annos;Bajo;4;2003;Generacion Z;17593;Barcelona;1,374;30;0;43;
CLI5652;M;Si;34;Si;Artista;10-20annos;Medio;2;1990;Millennials;30529;Sevilla;1,859;30;0;435;3
CLI5653;M;Si;97;Si;Servicios;+20annos;Alto;2;1927;Generacion Silenciosa;66046;Gerona;1,561;50;0;87;
CLI5654;M;Si;44;Si;Artista;+20annos;Bajo;3;1980;Generacion X;39039;Zaragoza;1,629;30;0;271;
CLI5655;F;No;23;No;Funcionario;<10annos;Bajo;2;2001;Generacion Z;20440;La Rioja;1,374;30;0;581;4
CLI5656;M;No;42;Si;Artista;+20annos;Bajo;1;1982;Millennials;115393;Segovia;1,284;50;0;484;1
CLI5657;F;No;40;Si;Construccion;10-20annos;Bajo;1;1984;Millennials;91186;Albacete;0,732;50;0;133;
CLI5658;M;Si;52;No;Otros;+20annos;Bajo;1;1972;Generacion X;120188;Melilla;1,737;120;1;152;
CLI5659;F;No;33;Si;Otros;10-20annos;Bajo;4;1991;Millennials;26940;Alicante;1,882;30;0;434;3
CLI5660;F;No;39;Si;Funcionario;10-20annos;Bajo;2;1985;Millennials;30370;Teruel;1,399;30;0;418;1
CLI5661;M;Si;64;Si;Artista;+20annos;Medio;3;1960;Generacion X;94033;Ciudad Real;0,603;80;1;175;
CLI5662;F;Si;57;Si;Ingeniero;+20annos;Alto;5;1967;Generacion X;121539;Guipiºzcoa;0,759;200;0;554;4
CLI5663;M;Si;51;Si;Artista;+20annos;Alto;4;1973;Generacion X;115509;Baleares;1,717;80;0;362;0,5
CLI5664;M;Si;52;Si;Otros;+20annos;Medio;4;1972;Generacion X;23676;Pontevedra;1,639;30;1;326;0,5
CLI5665;F;Si;50;Si;Artista;+20annos;Medio;5;1974;Generacion X;117877;Murcia;1,424;30;0;36;
CLI5666;M;Si;66;No;Otros;+20annos;Bajo;2;1958;Generacion X;77304;Las Palmas;1,111;120;0;552;4
CLI5667;M;Si;39;Si;Artista;10-20annos;Medio;2;1985;Millennials;27821;Ceuta;0,893;30;1;228;
CLI5668;M;Si;78;Si;Servicios;+20annos;Medio;2;1946;Generacion X;73756;Lugo;1,697;50;0;464;3
CLI5669;M;Si;40;Si;Artista;10-20annos;Medio;5;1984;Millennials;70195;Caceres;1,261;30;0;599;4
CLI5670;F;No;58;Si;Ingeniero;+20annos;Bajo;1;1966;Generacion X;26549;Jaen;15,215;30;0;232;
CLI5671;M;No;58;No;Ingeniero;+20annos;Bajo;3;1966;Generacion X;72650;Teruel;0,896;30;0;373;3
CLI5672;M;No;34;Si;Artista;10-20annos;Bajo;1;1990;Millennials;25509;La Rioja;1,1;30;0;80;
CLI5673;M;No;22;No;Servicios;<10annos;Bajo;2;2002;Generacion Z;14249;Salamanca;1,305;30;0;390;3
CLI5674;F;Si;73;Si;Ingeniero;+20annos;Bajo;2;1951;Generacion X;48524;Vizcaya;1,052;50;1;391;3
CLI5675;M;Si;41;Si;Artista;10-20annos;Bajo;2;1983;Millennials;31612;Ceuta;1,33;30;0;311;0,5
CLI5676;F;Si;52;Si;Artista;+20annos;Alto;5;1972;Generacion X;25667;Sevilla;1,346;30;1;374;3
CLI5677;F;Si;73;Si;Servicios;+20annos;Alto;3;1951;Generacion X;30263;Lugo;0,994;30;0;303;0,5
CLI5678;F;No;28;No;Funcionario;<10annos;Bajo;3;1996;Millennials;26907;Huesca;1,581;30;0;204;
CLI5679;F;No;47;Si;Artista;+20annos;Bajo;1;1977;Generacion X;85666;Zaragoza;1,443;50;0;108;
CLI5680;F;No;33;Si;Ingeniero;10-20annos;Bajo;5;1991;Millennials;18173;Cordoba;1,79;30;1;101;
CLI5681;F;Si;50;Si;Artista;+20annos;Medio;4;1974;Generacion X;89230;Barcelona;0,583;80;0;85;
CLI5682;F;No;36;No;Medico;10-20annos;Bajo;8;1988;Millennials;28613;Teruel;1,284;30;0;34;
CLI5683;M;Si;41;Si;Artista;10-20annos;Medio;3;1983;Millennials;97504;Valladolid;1,859;30;0;472;3
CLI5684;M;Si;39;Si;Ingeniero;10-20annos;Medio;4;1985;Millennials;23137;Sevilla;0,686;30;0;178;
CLI5685;M;No;23;No;Funcionario;<10annos;Bajo;4;2001;Generacion Z;19570;Leon;2,685;30;0;404;3
CLI5686;M;Si;55;Si;Artista;+20annos;Bajo;1;1969;Generacion X;106424;Navarra;1,072;50;0;491;3
CLI5687;M;Si;62;;Otros;+20annos;Medio;4;1962;Generacion X;120228;Navarra;1,189;200;0;100;
CLI5688;M;Si;62;Si;Artista;+20annos;Bajo;3;1962;Generacion X;59337;Orense;0,72;80;1;333;0,5
CLI5689;F;No;22;No;Funcionario;<10annos;Bajo;3;2002;Generacion Z;14084;Teruel;1,995;30;0;558;4
CLI5690;M;Si;65;No;Ejecutivo;+20annos;Alto;2;1959;Generacion X;102242;Albacete;0,642;120;1;133;
CLI5691;M;No;23;No;Funcionario;<10annos;Bajo;4;2001;Generacion Z;17282;Jaen;2,72;30;0;491;3
CLI5692;M;Si;41;Si;Otros;10-20annos;Medio;3;1983;Millennials;93717;Alicante;1,445;30;1;274;
CLI5693;F;Si;75;Si;Artista;+20annos;Bajo;1;1949;Generacion X;120265;Segovia;0,779;50;0;204;
CLI5694;M;Si;36;No;Ejecutivo;10-20annos;Alto;2;1988;Millennials;28607;Ceuta;1,422;30;1;372;3
CLI5695;F;No;29;No;Construccion;<10annos;Bajo;2;1995;Millennials;24208;Orense;1,167;30;0;244;
CLI5696;F;No;47;No;Negocios/empresa;+20annos;Bajo;2;1977;Generacion X;66924;Palencia;1,756;30;1;396;3
CLI5697;M;Si;57;No;Ejecutivo;+20annos;Bajo;5;1967;Generacion X;126098;Tarragona;1,463;200;0;108;
CLI5698;M;No;41;Si;Artista;10-20annos;Bajo;1;1983;Millennials;124898;Valencia;1,767;50;0;359;0,5
CLI5699;M;No;61;Si;Ejecutivo;+20annos;Bajo;5;1963;Generacion X;59139;La Rioja;0,661;30;0;137;
CLI5700;M;Si;63;Si;Artista;+20annos;Medio;4;1961;Generacion X;87325;Navarra;1,033;80;0;337;0,5
CLI5701;M;Si;39;No;Artista;10-20annos;Medio;3;1985;Millennials;23095;La Rioja;1,629;30;0;148;
CLI5702;M;No;36;No;Otros;10-20annos;Bajo;1;1988;Millennials;24310;Orense;1,951;30;0;476;3
CLI5703;M;Si;75;Si;Artista;+20annos;Alto;1;1949;Generacion X;85949;Sevilla;1,306;50;1;272;
CLI5704;M;Si;66;Si;Artista;+20annos;Bajo;1;1958;Generacion X;28331;Alicante;0,759;30;1;397;3
CLI5705;M;Si;57;Si;Artista;+20annos;Bajo;2;1967;Generacion X;33720;Las Palmas;1,248;30;0;529;1
CLI5706;M;No;20;No;Funcionario;<10annos;Bajo;3;2004;Generacion Z;23412;Toledo;12,015;30;0;258;
CLI5707;M;No;28;Si;Artista;<10annos;Bajo;1;1996;Millennials;29323;La Corui±a;2,651;30;1;246;
CLI5708;M;No;39;Si;Otros;10-20annos;Bajo;3;1985;Millennials;22321;LLeida;1,813;30;0;477;1
CLI5709;M;No;20;No;Medico;<10annos;Bajo;6;2004;Generacion Z;14994;Leon;1,995;30;1;243;
CLI5710;F;Si;85;Si;Servicios;+20annos;Alto;2;1939;Generacion Silenciosa;90479;Malaga;0,622;50;1;299;
CLI5711;M;No;20;No;Funcionario;<10annos;Bajo;5;2004;Generacion Z;21750;Lugo;2,409;30;0;253;
CLI5712;M;No;20;No;Funcionario;<10annos;Bajo;3;2004;Generacion Z;21770;Orense;3,065;30;0;68;
CLI5713;F;No;28;No;Funcionario;<10annos;Bajo;5;1996;Millennials;26781;ivila;2,789;30;0;546;4
CLI5714;M;Si;54;Si;Otros;+20annos;Bajo;1;1970;Generacion X;93112;Albacete;1,639;50;1;126;
CLI5715;F;No;41;Si;Negocios/empresa;10-20annos;Bajo;1;1983;Millennials;72154;Pontevedra;1,422;50;0;51;
CLI5716;M;Si;54;Si;Artista;+20annos;Medio;2;1970;Generacion X;86646;Soria;1,306;50;0;545;4
CLI5717;M;Si;29;Si;Otros;<10annos;Medio;2;1995;Millennials;18985;Cordoba;2,996;30;0;133;
CLI5718;M;No;50;Si;Otros;+20annos;Bajo;1;1974;Generacion X;114206;Baleares;1,443;50;0;258;
CLI5719;F;No;46;Si;Artista;+20annos;Bajo;1;1978;Generacion X;72481;La Rioja;1,052;50;0;493;3
CLI5720;M;Si;53;No;Negocios/empresa;+20annos;Bajo;5;1971;Generacion X;24295;Ceuta;0,994;30;1;239;
CLI5721;M;No;25;No;Funcionario;<10annos;Bajo;4;1999;Generacion Z;21566;Las Palmas;11,325;30;0;374;3
CLI5722;F;Si;57;Si;Ingeniero;+20annos;Alto;2;1967;Generacion X;91332;Toledo;1,209;50;0;229;
CLI5723;M;Si;89;Si;Otros;+20annos;Bajo;1;1935;Generacion Silenciosa;55333;Caceres;1,482;50;0;463;1
CLI5724;M;Si;66;Si;Artista;+20annos;Bajo;1;1958;Generacion X;107575;LLeida;0,955;50;1;273;
CLI5725;M;Si;63;Si;Servicios;+20annos;Alto;2;1961;Generacion X;77745;Tarragona;1,033;50;0;108;
CLI5726;F;No;23;No;Otros;<10annos;Bajo;4;2001;Generacion Z;21593;Salamanca;1,616;30;0;382;3
CLI5727;F;No;47;Si;Ingeniero;+20annos;Bajo;4;1977;Generacion X;111498;Soria;1,189;80;0;47;
CLI5728;M;Si;35;Si;Otros;10-20annos;Medio;3;1989;Millennials;18522;ilava;1,238;30;0;322;0,5
CLI5729;M;Si;55;Si;Artista;+20annos;Medio;2;1969;Generacion X;112303;ilava;1,6;50;0;195;
CLI5730;M;No;28;No;Otros;<10annos;Bajo;3;1996;Millennials;22933;ivila;3,065;30;0;255;
CLI5731;M;No;28;No;Funcionario;<10annos;Bajo;4;1996;Millennials;25182;Albacete;12,705;30;0;413;3
CLI5732;M;Si;62;Si;Artista;+20annos;Medio;4;1962;Generacion X;34697;LLeida;1,189;30;1;233;
CLI5733;F;No;40;Si;Artista;10-20annos;Bajo;2;1984;Millennials;87440;Segovia;2,066;50;0;162;
CLI5734;F;No;51;Si;Ingeniero;+20annos;Bajo;1;1973;Generacion X;62077;Orense;1,111;50;1;317;0,5
CLI5735;F;No;30;No;Medico;<10annos;Bajo;3;1994;Millennials;26821;Cuenca;1,008;30;0;541;4
CLI5736;M;No;23;No;Funcionario;<10annos;Bajo;4;2001;Generacion Z;14751;Castellon;3,099;30;1;223;
CLI5737;F;;54;Si;Otros;+20annos;Alto;1;1970;Generacion X;29395;Valladolid;0,818;30;0;383;3
CLI5738;M;No;24;No;Funcionario;<10annos;Bajo;2;2000;Generacion Z;21770;Navarra;1,029;30;0;394;3
CLI5739;M;No;58;Si;Artista;+20annos;Bajo;2;1966;Generacion X;81880;Huesca;1,228;50;1;270;
CLI5740;F;Si;45;Si;Artista;+20annos;Bajo;2;1979;Generacion X;100827;Santa Cruz de Tenerife;1,859;50;0;222;
CLI5741;M;Si;58;Si;Medico;+20annos;Medio;2;1966;Generacion X;109785;Huelva;1,111;50;0;491;3
CLI5742;F;Si;87;No;Ingeniero;+20annos;Alto;2;1937;Generacion Silenciosa;108364;Huelva;0,935;120;0;532;4
CLI5743;F;No;36;No;Ingeniero;10-20annos;Bajo;3;1988;Millennials;24682;Jaen;1,813;30;1;301;0,5
CLI5744;F;No;25;No;Funcionario;<10annos;Bajo;4;1999;Generacion Z;30006;Salamanca;2,582;30;1;289;
CLI5745;M;Si;79;Si;Servicios;+20annos;Alto;2;1945;Generacion Silenciosa;27085;La Rioja;1,678;30;0;434;1
CLI5746;F;No;41;Si;Servicios;10-20annos;Bajo;2;1983;Millennials;108217;Madrid;1,169;50;0;371;3
CLI5747;M;Si;39;Si;Medico;10-20annos;Alto;3;1985;Millennials;23193;Segovia;1,261;30;0;37;
CLI5748;F;Si;46;No;Servicios;+20annos;Medio;1;1978;Generacion X;107996;Tarragona;1,248;120;1;124;
CLI5749;F;No;31;Si;Medico;<10annos;Bajo;3;1993;Millennials;23244;Badajoz;2,066;30;1;118;
CLI5750;M;Si;40;No;Funcionario;10-20annos;Bajo;2;1984;Millennials;125522;Huelva;1,468;120;0;287;
CLI5751;M;No;42;Si;Artista;+20annos;Bajo;1;1982;Millennials;25608;Valladolid;0,732;30;1;110;
CLI5752;F;Si;47;Si;Artista;+20annos;Alto;3;1977;Generacion X;34300;LLeida;1,697;30;1;102;
CLI5753;M;Si;52;No;Ejecutivo;+20annos;Alto;4;1972;Generacion X;92747;Murcia;0,681;30;0;88;
CLI5754;M;No;24;No;Negocios/empresa;<10annos;Bajo;3;2000;Generacion Z;18958;Tarragona;11,325;30;0;393;3
CLI5755;M;Si;90;No;Ejecutivo;+20annos;Alto;4;1934;Generacion Silenciosa;115555;Huelva;11,305;30;0;368;3
CLI5756;F;No;35;No;Funcionario;10-20annos;Bajo;3;1989;Millennials;24428;ivila;1,422;30;1;145;
CLI5757;M;Si;96;Si;Servicios;+20annos;Alto;2;1928;Generacion Silenciosa;98225;Jaen;0,857;50;1;309;0,5
CLI5758;M;Si;52;Si;Artista;+20annos;Bajo;2;1972;Generacion X;103702;Gerona;1,561;50;0;331;0,5
CLI5759;F;No;36;Si;Artista;10-20annos;Bajo;2;1988;Millennials;23884;Navarra;1,33;30;0;488;1
CLI5760;M;Si;75;No;Ejecutivo;+20annos;Alto;2;1949;Generacion X;85161;Granada;0,603;120;0;201;
CLI5761;F;Si;75;Si;Artista;+20annos;Medio;2;1949;Generacion X;34640;Cadiz;1,365;30;0;356;0,5
CLI5762;M;Si;50;Si;Ejecutivo;+20annos;Alto;4;1974;Generacion X;103265;Ciudad Real;0,603;80;1;223;
CLI5763;M;Si;54;Si;Artista;+20annos;Medio;3;1970;Generacion X;68488;Valencia;1,287;80;0;559;4
CLI5764;M;No;20;No;Funcionario;<10annos;Bajo;8;2004;Generacion Z;22851;Granada;0,995;30;0;359;0,5
CLI5765;F;No;50;Si;Medico;+20annos;Bajo;1;1974;Generacion X;99520;Huelva;0,935;50;0;288;
CLI5766;M;Si;68;Si;Medico;+20annos;Bajo;1;1956;Generacion X;117196;Huesca;1,58;50;0;484;1
CLI5767;F;Si;83;Si;Servicios;+20annos;Bajo;1;1941;Generacion Silenciosa;123761;Cadiz;0,798;50;0;33;
CLI5768;F;Si;65;Si;Construccion;+20annos;Medio;4;1959;Generacion X;76599;Zamora;1,091;80;0;267;
CLI5769;F;Si;43;Si;Artista;+20annos;Medio;4;1981;Millennials;28857;Guadalajara;2,02;30;1;282;
CLI5770;M;Si;43;No;Otros;+20annos;Medio;5;1981;Millennials;36731;Huelva;1,054;30;0;577;4
CLI5771;M;Si;75;No;Ejecutivo;+20annos;Alto;2;1949;Generacion X;21463;Vizcaya;1,248;30;1;382;3
CLI5772;M;Si;68;Si;Servicios;+20annos;Medio;3;1956;Generacion X;48188;Murcia;1,639;30;1;242;
CLI5773;M;Si;55;Si;Ejecutivo;+20annos;Alto;4;1969;Generacion X;99701;Valencia;1,013;80;0;492;3
CLI5774;M;Si;52;Si;Ejecutivo;+20annos;Alto;4;1972;Generacion X;108713;Segovia;0,818;80;1;246;
CLI5775;M;;22;No;Negocios/empresa;<10annos;Bajo;2;2002;Generacion Z;13406;Zamora;2,099;30;0;506;4
CLI5776;M;Si;63;No;Servicios;+20annos;Medio;2;1961;Generacion X;28218;Guipiºzcoa;1,658;30;0;237;
CLI5777;M;Si;56;Si;Artista;+20annos;Bajo;2;1968;Generacion X;92154;Huelva;1,717;50;0;383;1
CLI5778;F;No;45;Si;Medico;+20annos;Bajo;1;1979;Generacion X;129933;Caceres;1,031;50;0;170;
CLI5779;M;Si;50;Si;Ejecutivo;+20annos;Alto;4;1974;Generacion X;115955;Badajoz;1,287;80;1;309;0,5
CLI5780;M;Si;44;No;Medico;+20annos;Medio;5;1980;Generacion X;104924;Teruel;1,031;30;1;272;
CLI5781;F;Si;30;No;Artista;<10annos;Alto;5;1994;Millennials;26257;Valladolid;1,928;30;0;156;
CLI5782;M;Si;47;No;Otros;+20annos;Bajo;1;1977;Generacion X;68078;Almeri­a;1,267;30;1;319;0,5
CLI5783;M;Si;80;Si;Artista;+20annos;Medio;2;1944;Generacion Silenciosa;97236;Las Palmas;0,72;50;0;301;0,5
CLI5784;M;Si;47;Si;Ingeniero;+20annos;Medio;2;1977;Generacion X;24339;Ceuta;1,404;30;0;463;3
CLI5785;F;Si;90;Si;Servicios;+20annos;Bajo;1;1934;Generacion Silenciosa;86231;Cadiz;0,915;50;0;89;
CLI5786;M;Si;61;Si;Artista;+20annos;Alto;2;1963;Generacion X;73328;Gerona;0,564;50;0;299;
CLI5787;M;Si;45;No;Medico;+20annos;Medio;2;1979;Generacion X;117509;Tarragona;0,87;120;1;181;
CLI5788;M;No;28;Si;Otros;<10annos;Bajo;2;1996;Millennials;22327;Soria;2,168;30;0;403;3
CLI5789;F;Si;68;No;Ingeniero;+20annos;Bajo;1;1956;Generacion X;27696;Navarra;11,305;30;0;451;3
CLI5790;F;Si;41;No;Ingeniero;10-20annos;Bajo;2;1983;Millennials;52130;Huesca;1,652;30;0;450;3
CLI5791;F;Si;56;Si;Otros;+20annos;Medio;2;1968;Generacion X;129445;La Corui±a;1,737;50;0;193;
CLI5792;M;Si;76;No;Servicios;+20annos;Bajo;1;1948;Generacion X;91780;Ceuta;0,915;120;0;320;0,5
CLI5793;F;Si;98;Si;Otros;+20annos;Medio;4;1926;Generacion Silenciosa;47935;Sevilla;1,228;30;1;385;3
CLI5794;M;No;32;Si;Funcionario;10-20annos;Bajo;6;1992;Millennials;22288;Santa Cruz de Tenerife;0,824;30;0;429;3
CLI5795;M;No;31;No;Otros;<10annos;Bajo;3;1993;Millennials;30299;Alicante;0,801;30;0;49;
CLI5796;M;Si;44;Si;Artista;+20annos;Medio;3;1980;Generacion X;33887;Ceuta;0,778;30;1;173;
CLI5797;F;No;42;Si;Artista;+20annos;Bajo;2;1982;Millennials;67543;Valencia;1,997;50;0;189;
CLI5798;M;No;20;No;Funcionario;<10annos;Bajo;4;2004;Generacion Z;23179;La Corui±a;3,03;30;0;513;4
CLI5799;M;Si;89;Si;Servicios;+20annos;Alto;2;1935;Generacion Silenciosa;71110;Teruel;1,463;50;0;527;1
CLI5800;M;Si;50;Si;Ejecutivo;+20annos;Medio;4;1974;Generacion X;25062;Barcelona;0,915;30;0;350;0,5
CLI5801;M;Si;46;No;Ejecutivo;+20annos;Alto;5;1978;Generacion X;58138;Burgos;11,305;30;0;59;
CLI5802;M;No;40;No;Negocios/empresa;10-20annos;Bajo;1;1984;Millennials;35318;Toledo;1,675;30;0;143;
CLI5803;M;Si;33;Si;Otros;10-20annos;Bajo;2;1991;Millennials;29208;Huesca;0,916;30;0;466;3
CLI5804;F;No;36;Si;Funcionario;10-20annos;Bajo;3;1988;Millennials;31609;Huesca;2,02;30;1;262;
CLI5805;M;Si;41;No;Artista;10-20annos;Medio;2;1983;Millennials;129370;Navarra;0,755;120;0;65;
CLI5806;M;Si;39;No;Artista;10-20annos;Bajo;3;1985;Millennials;23951;ilava;1,744;30;0;473;3
CLI5807;F;No;34;Si;Medico;10-20annos;Bajo;2;1990;Millennials;29991;Burgos;1,077;30;0;496;3
CLI5808;F;Si;58;No;Ingeniero;+20annos;Medio;4;1966;Generacion X;86213;Ciudad Real;0,603;30;0;386;3
CLI5809;M;No;40;Si;Medico;10-20annos;Bajo;1;1984;Millennials;86967;Cuenca;1,905;50;0;418;1
CLI5810;M;Si;41;Si;Otros;10-20annos;Bajo;2;1983;Millennials;71491;Badajoz;0,893;50;0;474;3
CLI5811;M;Si;88;Si;Servicios;+20annos;Bajo;1;1936;Generacion Silenciosa;66295;Cadiz;0,622;50;1;267;
CLI5812;M;Si;33;Si;Medico;10-20annos;Medio;2;1991;Millennials;20353;Ceuta;1,698;30;0;382;3
CLI5813;F;Si;43;No;Ingeniero;+20annos;Medio;3;1981;Millennials;87597;Gerona;1,238;30;0;141;
CLI5814;F;No;20;No;Negocios/empresa;<10annos;Bajo;1;2004;Generacion Z;22200;Guadalajara;2,513;30;0;63;
CLI5815;M;No;35;No;Medico;10-20annos;Bajo;3;1989;Millennials;25736;Almeri­a;1,376;30;0;46;
CLI5816;M;Si;54;Si;Negocios/empresa;+20annos;Bajo;5;1970;Generacion X;118203;Ceuta;0,896;30;0;308;0,5
CLI5817;M;Si;74;Si;Ejecutivo;+20annos;Alto;4;1950;Generacion X;104993;Granada;1,756;80;0;308;0,5
CLI5818;M;No;52;No;Otros;+20annos;Bajo;1;1972;Generacion X;74847;Segovia;0,896;30;0;345;0,5
CLI5819;M;Si;39;No;Ingeniero;10-20annos;Bajo;6;1985;Millennials;19681;Granada;0,824;30;0;38;
CLI5820;F;Si;29;No;Negocios/empresa;<10annos;Bajo;5;1995;Millennials;21618;Castellon;2,34;30;0;39;
CLI5821;F;No;47;Si;Artista;+20annos;Bajo;1;1977;Generacion X;118885;Barcelona;1,443;50;0;296;
CLI5822;F;No;33;No;Funcionario;10-20annos;Bajo;1;1991;Millennials;20776;Madrid;1,514;30;1;308;0,5
CLI5823;M;No;32;Si;Medico;10-20annos;Bajo;2;1992;Millennials;30922;Murcia;0,893;30;0;78;
CLI5824;F;;22;No;Negocios/empresa;<10annos;Alto;2;2002;Generacion Z;20579;Valencia;2,72;30;0;595;4
CLI5825;F;Si;74;No;Ingeniero;+20annos;Alto;3;1950;Generacion X;126432;Almeri­a;0,935;200;1;132;
CLI5826;M;No;45;Si;Medico;+20annos;Bajo;2;1979;Generacion X;38171;Soria;0,686;50;0;566;4
CLI5827;M;No;44;Si;Artista;+20annos;Bajo;2;1980;Generacion X;79622;Gerona;0,939;50;1;108;
CLI5828;F;Si;44;Si;Medico;+20annos;Bajo;2;1980;Generacion X;34475;Lugo;1,974;30;1;212;
CLI5829;M;No;20;No;Funcionario;<10annos;Bajo;4;2004;Generacion Z;18537;Gerona;2,237;30;0;178;
CLI5830;M;No;32;No;Funcionario;10-20annos;Bajo;5;1992;Millennials;23726;Segovia;1,514;30;0;367;3
CLI5831;F;Si;56;No;Ingeniero;+20annos;Medio;5;1968;Generacion X;42971;Guipiºzcoa;1,463;30;0;77;
CLI5832;M;No;35;Si;Ingeniero;10-20annos;Bajo;1;1989;Millennials;23084;Orense;1,008;30;1;111;
CLI5833;F;No;53;Si;Artista;+20annos;Bajo;1;1971;Generacion X;32678;Las Palmas;0,935;30;0;330;0,5
CLI5834;M;No;24;No;Artista;<10annos;Bajo;3;2000;Generacion Z;20930;Jaen;2,72;30;1;147;
CLI5835;F;Si;39;Si;Otros;10-20annos;Medio;2;1985;Millennials;30426;ivila;1,054;30;0;174;
CLI5836;F;No;56;Si;Artista;+20annos;Bajo;1;1968;Generacion X;124906;Badajoz;0,837;50;0;158;
CLI5837;F;Si;51;No;Ingeniero;+20annos;Bajo;1;1973;Generacion X;60671;Ciudad Real;0,935;30;0;288;
CLI5838;F;No;30;Si;Funcionario;<10annos;Bajo;5;1994;Millennials;21156;Soria;1,606;30;1;199;
CLI5839;F;Si;62;Si;Artista;+20annos;Medio;4;1962;Generacion X;40456;ivila;1,697;30;0;138;
CLI5840;M;Si;55;Si;Artista;+20annos;Medio;4;1969;Generacion X;24861;ilava;0,759;30;0;270;
CLI5841;M;Si;65;Si;Funcionario;+20annos;Bajo;3;1959;Generacion X;30958;Soria;1,091;30;0;149;
CLI5842;F;Si;67;Si;Artista;+20annos;Bajo;1;1957;Generacion X;21784;La Rioja;11,305;30;0;331;0,5
CLI5843;M;No;35;Si;Medico;10-20annos;Bajo;1;1989;Millennials;27121;Valencia;1,238;30;0;69;
CLI5844;F;No;29;Si;Funcionario;<10annos;Bajo;5;1995;Millennials;23166;La Rioja;1,857;30;0;96;
CLI5845;F;No;25;No;Funcionario;<10annos;Bajo;4;1999;Generacion Z;28820;La Corui±a;1,443;30;1;362;0,5
CLI5846;M;Si;55;Si;Ejecutivo;+20annos;Alto;6;1969;Generacion X;57357;Granada;1,17;30;1;108;
CLI5847;M;No;24;No;Negocios/empresa;<10annos;Bajo;4;2000;Generacion Z;19384;Lugo;1,823;30;0;49;
CLI5848;F;No;32;No;Negocios/empresa;10-20annos;Bajo;3;1992;Millennials;28665;Barcelona;1,56;30;0;368;3
CLI5849;M;Si;51;Si;Artista;+20annos;Bajo;3;1973;Generacion X;82210;Guadalajara;1,306;80;0;237;
CLI5850;M;No;47;Si;Artista;+20annos;Bajo;4;1977;Generacion X;66328;Orense;0,642;80;0;526;4
CLI5851;M;No;36;No;Artista;10-20annos;Bajo;1;1988;Millennials;24100;Almeri­a;1,031;30;1;282;
CLI5852;F;Si;94;Si;Servicios;+20annos;Bajo;1;1930;Generacion Silenciosa;109347;Navarra;1,15;50;1;182;
CLI5853;M;Si;63;Si;Otros;+20annos;Bajo;1;1961;Generacion X;41189;Lugo;0,935;50;0;397;3
CLI5854;M;Si;47;Si;Artista;+20annos;Alto;2;1977;Generacion X;91986;ivila;0,935;50;0;192;
CLI5855;F;No;20;No;Funcionario;<10annos;Bajo;4;2004;Generacion Z;20008;Navarra;2,651;30;0;34;
CLI5856;M;Si;96;No;Artista;+20annos;Bajo;1;1928;Generacion Silenciosa;92194;Sevilla;1,287;120;0;408;3
CLI5857;M;Si;44;Si;Artista;+20annos;Medio;2;1980;Generacion X;107259;Malaga;0,709;50;0;344;0,5
CLI5858;M;Si;28;Si;Otros;<10annos;Bajo;2;1996;Millennials;21908;ivila;1,236;30;1;197;
CLI5859;F;;20;No;Funcionario;<10annos;Bajo;3;2004;Generacion Z;20293;Cadiz;2,72;30;1;168;
CLI5860;F;Si;53;Si;Artista;+20annos;Alto;3;1971;Generacion X;21642;Guipiºzcoa;1,658;30;1;278;
CLI5861;F;Si;62;Si;Otros;+20annos;Medio;2;1962;Generacion X;54366;Madrid;1,209;50;1;197;
CLI5862;F;No;35;No;Otros;10-20annos;Bajo;3;1989;Millennials;23677;Cadiz;1,56;30;1;176;
CLI5863;F;No;42;Si;Artista;+20annos;Bajo;7;1982;Millennials;27861;Soria;1,031;30;0;323;0,5
CLI5864;F;No;34;No;Medico;10-20annos;Bajo;2;1990;Millennials;23215;Badajoz;1,744;30;0;397;3
CLI5865;F;Si;40;No;Ejecutivo;10-20annos;Medio;5;1984;Millennials;81673;LLeida;1,974;30;0;268;
CLI5866;M;No;41;Si;Funcionario;10-20annos;Bajo;2;1983;Millennials;106408;Cadiz;1,767;50;0;363;0,5
CLI5867;F;Si;44;Si;Medico;+20annos;Bajo;2;1980;Generacion X;34742;Granada;0,778;30;0;566;4
CLI5868;M;No;20;No;Funcionario;<10annos;Bajo;4;2004;Generacion Z;15669;LLeida;1,167;30;0;93;
CLI5869;F;No;29;No;Funcionario;<10annos;Bajo;6;1995;Millennials;28523;La Corui±a;2,099;30;1;134;
CLI5870;F;No;25;No;Funcionario;<10annos;Bajo;2;1999;Generacion Z;23493;Tarragona;13,395;30;0;356;0,5
CLI5871;M;No;30;Si;Funcionario;<10annos;Bajo;2;1994;Millennials;25362;Huesca;0,778;30;0;428;3
CLI5872;F;No;22;No;Funcionario;<10annos;Bajo;3;2002;Generacion Z;21501;Zaragoza;2,478;30;0;275;
CLI5873;M;Si;52;No;Artista;+20annos;Medio;4;1972;Generacion X;100076;Soria;0,759;30;0;285;
CLI5874;M;Si;55;No;Otros;+20annos;Medio;3;1969;Generacion X;30490;Burgos;1,013;30;0;449;3
CLI5875;M;No;41;Si;Medico;10-20annos;Bajo;3;1983;Millennials;106687;Leon;1,215;30;0;506;4
CLI5876;F;Si;54;Si;Artista;+20annos;Medio;2;1970;Generacion X;113191;Murcia;1,658;50;0;365;
CLI5877;M;Si;32;Si;Funcionario;10-20annos;Bajo;3;1992;Millennials;19166;Sevilla;1,399;30;0;598;4
CLI5878;M;Si;41;Si;Ejecutivo;10-20annos;Alto;3;1983;Millennials;121832;Murcia;1,997;200;0;201;
CLI5879;F;Si;64;Si;Artista;+20annos;Bajo;1;1960;Generacion X;69844;Teruel;1,443;50;0;106;
CLI5880;M;Si;65;No;Ingeniero;+20annos;Medio;3;1959;Generacion X;67106;La Rioja;1,033;30;0;45;
CLI5881;M;No;23;No;Negocios/empresa;<10annos;Bajo;5;2001;Generacion Z;15965;Ciudad Real;2,754;30;0;521;4
CLI5882;F;Si;46;Si;Artista;+20annos;Medio;4;1978;Generacion X;83553;Cadiz;1,619;80;1;352;0,5
CLI5883;M;No;32;No;Funcionario;10-20annos;Bajo;6;1992;Millennials;22765;Malaga;0,847;30;0;383;3
CLI5884;M;No;36;Si;Funcionario;10-20annos;Bajo;5;1988;Millennials;27096;Navarra;1,008;30;1;155;
CLI5885;F;No;42;Si;Medico;+20annos;Bajo;2;1982;Millennials;61375;Huelva;1,353;50;1;304;0,5
CLI5886;M;Si;41;Si;Artista;10-20annos;Bajo;3;1983;Millennials;55142;Castellon;1,974;30;0;253;
CLI5887;M;Si;66;Si;Otros;+20annos;Medio;3;1958;Generacion X;119495;Caceres;1,482;80;1;205;
CLI5888;M;Si;61;Si;Medico;+20annos;Bajo;1;1963;Generacion X;85917;Sevilla;1,404;50;0;447;1
CLI5889;M;Si;55;Si;Artista;+20annos;Medio;2;1969;Generacion X;116070;Cadiz;1,639;50;1;369;3
CLI5890;M;No;40;Si;Artista;10-20annos;Bajo;3;1984;Millennials;123892;Tarragona;1,813;200;1;349;0,5
CLI5891;M;No;52;Si;Artista;+20annos;Bajo;2;1972;Generacion X;129183;Malaga;0,7;50;1;231;
CLI5892;M;Si;57;Si;Artista;+20annos;Medio;2;1967;Generacion X;30488;Huelva;1,209;30;1;392;3
CLI5893;F;Si;46;No;Ejecutivo;+20annos;Medio;5;1978;Generacion X;51280;Navarra;1,346;30;0;536;4
CLI5894;M;No;35;No;Funcionario;10-20annos;Bajo;3;1989;Millennials;19875;Toledo;0,663;30;0;555;4
CLI5895;F;No;36;Si;Ingeniero;10-20annos;Bajo;2;1988;Millennials;28851;Santa Cruz de Tenerife;1,146;30;0;481;3
CLI5896;F;No;28;No;Artista;<10annos;Bajo;1;1996;Millennials;23077;Granada;2,478;30;0;571;4
CLI5897;M;Si;75;Si;Otros;+20annos;Medio;2;1949;Generacion X;73641;LLeida;0,759;50;0;267;
CLI5898;M;Si;40;Si;Otros;10-20annos;Medio;2;1984;Millennials;54565;Vizcaya;1,376;50;0;303;0,5
CLI5899;M;Si;56;Si;Artista;+20annos;Medio;4;1968;Generacion X;53161;Ciudad Real;0,603;30;0;397;3
CLI5900;F;Si;52;No;Ingeniero;+20annos;Medio;5;1972;Generacion X;38130;Teruel;1,346;30;1;312;0,5
CLI5901;M;Si;68;Si;Artista;+20annos;Alto;2;1956;Generacion X;123937;Valladolid;0,564;50;1;159;
CLI5902;M;No;35;Si;Medico;10-20annos;Bajo;5;1989;Millennials;21252;Alicante;1,284;30;0;70;
CLI5903;F;Si;73;No;Artista;+20annos;Medio;2;1951;Generacion X;59887;Teruel;1,737;30;0;61;
CLI5904;F;Si;53;Si;Artista;+20annos;Bajo;1;1971;Generacion X;128222;Huesca;1,619;50;0;111;
CLI5905;M;Si;77;Si;Servicios;+20annos;Medio;2;1947;Generacion X;94503;Madrid;1,58;50;0;206;
CLI5906;F;Si;66;Si;Artista;+20annos;Alto;2;1958;Generacion X;64132;Tarragona;1,658;50;1;316;0,5
CLI5907;M;No;50;No;Artista;+20annos;Bajo;1;1974;Generacion X;92729;Santa Cruz de Tenerife;1,287;120;1;261;
CLI5908;F;Si;53;Si;Construccion;+20annos;Bajo;2;1971;Generacion X;116963;Valladolid;1,228;50;0;226;
CLI5909;M;Si;84;Si;Servicios;+20annos;Bajo;2;1940;Generacion Silenciosa;128746;Pontevedra;1,248;50;1;122;
CLI5910;M;Si;58;Si;Ingeniero;+20annos;Bajo;3;1966;Generacion X;104228;Teruel;1,463;80;0;538;1
CLI5911;M;Si;91;No;Ejecutivo;+20annos;Alto;3;1933;Generacion Silenciosa;38282;Valladolid;1,385;30;0;267;
CLI5912;F;Si;87;Si;Servicios;+20annos;Alto;2;1937;Generacion Silenciosa;27127;Valencia;1,737;30;0;138;
CLI5913;F;Si;54;Si;Ingeniero;+20annos;Bajo;1;1970;Generacion X;21534;Cadiz;0,583;30;0;118;
CLI5914;F;Si;84;Si;Servicios;+20annos;Alto;2;1940;Generacion Silenciosa;122491;Toledo;15,215;50;0;382;1
CLI5915;M;Si;41;No;Ingeniero;10-20annos;Medio;5;1983;Millennials;55943;Segovia;1,721;30;0;412;3
CLI5916;F;Si;41;Si;Artista;10-20annos;Medio;6;1983;Millennials;96472;Guadalajara;1,675;30;0;559;4
CLI5917;F;Si;39;No;Artista;10-20annos;Bajo;2;1985;Millennials;23802;Cuenca;0,824;30;1;238;
CLI5918;F;Si;34;No;Construccion;10-20annos;Medio;2;1990;Millennials;19351;Malaga;0,916;30;1;381;3
CLI5919;M;No;23;No;Negocios/empresa;<10annos;Bajo;5;2001;Generacion Z;17313;Guadalajara;2,547;30;1;367;3
CLI5920;M;No;78;Si;Otros;+20annos;Bajo;2;1946;Generacion X;101603;Valencia;1,717;50;0;393;1
CLI5921;F;No;30;No;Ingeniero;<10annos;Bajo;4;1994;Millennials;29465;Cuenca;1,882;30;0;375;3
CLI5922;M;Si;57;No;Construccion;+20annos;Medio;4;1967;Generacion X;110713;Navarra;1,443;30;0;182;
CLI5923;M;Si;79;No;Ingeniero;+20annos;Alto;1;1945;Generacion Silenciosa;29337;La Rioja;15,215;30;0;293;
CLI5924;M;Si;47;Si;Artista;+20annos;Medio;4;1977;Generacion X;124936;Cuenca;0,779;80;0;140;
CLI5925;M;Si;51;Si;Artista;+20annos;Bajo;2;1973;Generacion X;35412;Orense;0,7;50;1;316;0,5
CLI5926;M;Si;97;No;Servicios;+20annos;Bajo;1;1927;Generacion Silenciosa;37098;Ceuta;0,564;30;1;237;
CLI5927;M;No;32;No;Funcionario;10-20annos;Bajo;6;1992;Millennials;18902;LLeida;0,801;30;0;269;
CLI5928;M;No;30;No;Ingeniero;<10annos;Bajo;5;1994;Millennials;22399;La Corui±a;1,468;30;1;184;
CLI5929;M;Si;61;Si;Servicios;+20annos;Bajo;4;1963;Generacion X;125604;Malaga;1,404;80;1;279;
CLI5930;F;Si;53;No;Artista;+20annos;Medio;3;1971;Generacion X;36512;Sevilla;1,58;30;0;38;
CLI5931;M;No;22;No;Funcionario;<10annos;Bajo;5;2002;Generacion Z;14527;Toledo;1,305;30;1;376;3
CLI5932;M;No;42;Si;Otros;+20annos;Bajo;1;1982;Millennials;125727;ivila;0,663;50;0;258;
CLI5933;F;;24;No;Funcionario;<10annos;Alto;3;2000;Generacion Z;18899;Granada;2,168;30;0;318;0,5
CLI5934;F;No;32;No;Construccion;10-20annos;Bajo;6;1992;Millennials;24164;Navarra;1,261;30;0;505;4
CLI5935;F;Si;53;Si;Medico;+20annos;Medio;4;1971;Generacion X;89980;Pontevedra;0,876;80;0;460;3
CLI5936;F;No;72;Si;Servicios;+20annos;Bajo;1;1952;Generacion X;68242;Guadalajara;1,404;50;1;148;
CLI5937;M;Si;56;No;Ingeniero;+20annos;Medio;7;1968;Generacion X;111587;Santa Cruz de Tenerife;1,6;30;0;290;
CLI5938;F;No;23;No;Funcionario;<10annos;Bajo;5;2001;Generacion Z;17789;LLeida;2,582;30;0;149;
CLI5939;F;No;46;Si;Artista;+20annos;Bajo;1;1978;Generacion X;36723;Castellon;0,7;50;0;208;
CLI5940;M;Si;62;No;Negocios/empresa;+20annos;Medio;3;1962;Generacion X;84063;Orense;0,994;30;0;443;3
CLI5941;F;Si;95;Si;Servicios;+20annos;Alto;2;1929;Generacion Silenciosa;122525;Badajoz;0,935;50;0;197;
CLI5942;M;Si;65;Si;Artista;+20annos;Medio;4;1959;Generacion X;34972;Baleares;0,798;30;0;138;
CLI5943;M;Si;95;Si;Ejecutivo;+20annos;Alto;2;1929;Generacion Silenciosa;90358;Gerona;1,209;50;0;156;
CLI5944;M;Si;65;Si;Artista;+20annos;Alto;2;1959;Generacion X;33850;Cadiz;1,58;30;0;425;1
CLI5945;M;Si;42;Si;Medico;+20annos;Medio;2;1982;Millennials;60533;Caceres;1,169;50;0;419;3
CLI5946;F;No;34;Si;Negocios/empresa;10-20annos;Bajo;1;1990;Millennials;31921;Zaragoza;1,698;30;1;391;3
CLI5947;F;No;50;Si;Artista;+20annos;Bajo;1;1974;Generacion X;110139;Badajoz;0,681;50;0;222;
CLI5948;F;Si;53;Si;Artista;+20annos;Bajo;2;1971;Generacion X;81136;Melilla;0,798;50;1;364;0,5
CLI5949;F;No;36;No;Ingeniero;10-20annos;Bajo;4;1988;Millennials;25783;La Rioja;2,043;30;0;219;
CLI5950;M;Si;42;Si;Otros;+20annos;Medio;3;1982;Millennials;120774;Zamora;0,962;200;0;529;4
CLI5951;F;Si;54;Si;Artista;+20annos;Medio;4;1970;Generacion X;75257;Burgos;1,052;80;1;272;
CLI5952;F;Si;53;Si;Artista;+20annos;Medio;2;1971;Generacion X;111217;Guipiºzcoa;1,717;50;1;234;
CLI5953;M;Si;41;Si;Artista;10-20annos;Medio;3;1983;Millennials;116882;Baleares;1,146;30;0;380;3
CLI5954;M;No;31;Si;Funcionario;<10annos;Bajo;4;1993;Millennials;29456;Ceuta;1,445;30;0;564;4
CLI5955;F;Si;36;Si;Medico;10-20annos;Medio;2;1988;Millennials;29936;Soria;1,698;30;0;72;
CLI5956;M;No;22;No;Funcionario;<10annos;Bajo;4;2002;Generacion Z;18651;Cuenca;2,409;30;1;206;
CLI5957;M;Si;30;No;Otros;<10annos;Bajo;1;1994;Millennials;20819;LLeida;1,468;30;1;390;3
CLI5958;M;Si;43;Si;Artista;+20annos;Medio;4;1981;Millennials;90640;Vizcaya;2,066;30;0;355;0,5
CLI5959;F;Si;96;No;Servicios;+20annos;Bajo;1;1928;Generacion Silenciosa;115983;Leon;1,658;120;1;350;0,5
CLI5960;M;No;33;Si;Funcionario;10-20annos;Bajo;4;1991;Millennials;30114;Albacete;0,824;30;0;403;3
CLI5961;M;;33;No;Ejecutivo;10-20annos;Alto;1;1991;Millennials;21909;Guadalajara;1,652;30;1;357;0,5
CLI5962;F;Si;56;Si;Artista;+20annos;Alto;5;1968;Generacion X;85996;Lugo;1,463;30;0;586;1
CLI5963;M;Si;51;Si;Ejecutivo;+20annos;Alto;5;1973;Generacion X;77792;Valladolid;0,779;30;1;217;
CLI5964;F;No;61;No;Otros;+20annos;Bajo;1;1963;Generacion X;90624;Ceuta;1,091;120;1;377;3
CLI5965;M;No;43;No;Otros;+20annos;Bajo;4;1981;Millennials;108663;Zamora;1,261;30;0;95;
CLI5966;M;Si;69;Si;Artista;+20annos;Medio;4;1955;Generacion X;96181;Valladolid;0,994;80;0;520;4
CLI5967;M;Si;92;Si;Servicios;+20annos;Alto;2;1932;Generacion Silenciosa;68299;Barcelona;0,642;50;0;396;3
CLI5968;M;Si;45;Si;Ejecutivo;+20annos;Alto;2;1979;Generacion X;53610;Palencia;2,02;50;0;423;1
CLI5969;M;No;31;Si;Artista;<10annos;Bajo;1;1993;Millennials;18984;Pontevedra;1,997;30;0;226;
CLI5970;M;No;30;Si;Funcionario;<10annos;Bajo;4;1994;Millennials;29813;Teruel;1,928;30;1;261;
CLI5971;M;No;39;Si;Medico;10-20annos;Bajo;1;1985;Millennials;31380;Baleares;1,859;30;0;398;1
CLI5972;F;Si;52;Si;Artista;+20annos;Bajo;2;1972;Generacion X;84111;Murcia;0,7;50;1;325;0,5
CLI5973;F;No;56;Si;Artista;+20annos;Bajo;1;1968;Generacion X;32060;Barcelona;1,639;30;0;237;
CLI5974;F;Si;35;Si;Artista;10-20annos;Bajo;3;1989;Millennials;24065;Valencia;0,985;30;0;68;
CLI5975;M;Si;34;Si;Ingeniero;10-20annos;Bajo;2;1990;Millennials;19515;Gerona;1,376;30;0;352;0,5
CLI5976;F;No;42;Si;Funcionario;+20annos;Bajo;4;1982;Millennials;24686;Cuenca;1,146;30;1;299;
CLI5977;M;No;22;No;Funcionario;<10annos;Bajo;3;2002;Generacion Z;13807;Leon;11,325;30;0;93;
CLI5978;M;No;34;Si;Medico;10-20annos;Bajo;6;1990;Millennials;20193;Melilla;1,238;30;1;217;
CLI5979;M;Si;61;Si;Otros;+20annos;Bajo;2;1963;Generacion X;25557;Malaga;1,346;30;0;599;1
CLI5980;M;No;21;No;Funcionario;<10annos;Bajo;1;2003;Generacion Z;16099;Valencia;2,099;30;1;180;
CLI5981;M;No;91;Si;Servicios;+20annos;Bajo;1;1933;Generacion Silenciosa;109198;Almeri­a;0,994;50;0;466;3
CLI5982;M;Si;45;Si;Medico;+20annos;Bajo;2;1979;Generacion X;26191;Sevilla;1,974;30;1;277;
CLI5983;F;Si;42;Si;Artista;+20annos;Medio;2;1982;Millennials;55610;Cordoba;1,675;50;1;166;
CLI5984;M;Si;67;Si;Ejecutivo;+20annos;Alto;2;1957;Generacion X;56573;Valladolid;1,678;50;0;550;1
CLI5985;F;Si;53;Si;Construccion;+20annos;Bajo;1;1971;Generacion X;29790;Soria;1,756;30;0;398;1
CLI5986;M;Si;44;Si;Medico;+20annos;Medio;2;1980;Generacion X;37769;Las Palmas;1,422;50;0;166;
CLI5987;F;No;52;Si;Artista;+20annos;Bajo;1;1972;Generacion X;103991;Valladolid;0,72;50;1;304;0,5
CLI5988;M;Si;58;Si;Ejecutivo;+20annos;Alto;4;1966;Generacion X;116295;Vizcaya;1,756;80;0;496;1
CLI5989;M;No;32;No;Medico;10-20annos;Bajo;4;1992;Millennials;29156;La Corui±a;1,284;30;1;376;3
CLI5990;M;Si;79;No;Artista;+20annos;Bajo;1;1945;Generacion Silenciosa;60729;Badajoz;1,658;30;1;250;
CLI5991;F;Si;55;Si;Artista;+20annos;Medio;4;1969;Generacion X;99788;Vizcaya;0,7;80;0;557;4
CLI5992;M;Si;69;Si;Otros;+20annos;Bajo;1;1955;Generacion X;58564;Madrid;1,209;50;1;210;
CLI5993;M;Si;46;Si;Artista;+20annos;Medio;2;1978;Generacion X;40349;Ceuta;15,215;50;0;507;4
CLI5994;M;Si;44;No;Otros;+20annos;Medio;3;1980;Generacion X;128548;La Corui±a;1,905;200;0;279;
CLI5995;F;Si;69;Si;Artista;+20annos;Medio;5;1955;Generacion X;70657;Burgos;1,658;30;0;365;
CLI5996;M;No;28;Si;Artista;<10annos;Bajo;3;1996;Millennials;30889;Guipiºzcoa;2,03;30;1;199;
CLI5997;M;Si;54;Si;Ejecutivo;+20annos;Alto;4;1970;Generacion X;82129;Madrid;1,365;80;0;415;1
CLI5998;F;No;31;No;Funcionario;<10annos;Bajo;6;1993;Millennials;25769;Castellon;1,882;30;0;344;0,5
CLI5999;F;Si;76;Si;Artista;+20annos;Alto;2;1948;Generacion X;94456;Vizcaya;0,837;50;1;231;
CLI6000;M;No;34;No;Funcionario;10-20annos;Bajo;5;1990;Millennials;19211;Caceres;1,905;30;1;182;
CLI6001;F;Si;40;Si;Artista;10-20annos;Medio;5;1984;Millennials;126089;Tarragona;1,33;200;0;486;3
CLI6002;M;No;23;No;Funcionario;<10annos;Bajo;4;2001;Generacion Z;21710;Zamora;2,582;30;0;105;
CLI6003;F;Si;40;Si;Artista;10-20annos;Medio;2;1984;Millennials;24310;Teruel;1,767;30;0;119;
CLI6004;F;No;45;Si;Funcionario;+20annos;Bajo;1;1979;Generacion X;52055;La Rioja;1,767;50;0;183;
CLI6005;F;No;34;Si;Artista;10-20annos;Bajo;2;1990;Millennials;28403;ivila;1,836;30;0;529;4
CLI6006;M;Si;56;Si;Ejecutivo;+20annos;Alto;4;1968;Generacion X;49539;Las Palmas;1,365;30;0;454;1
CLI6007;M;Si;61;Si;Artista;+20annos;Bajo;3;1963;Generacion X;96450;La Rioja;0,935;80;1;384;3
CLI6008;M;Si;34;Si;Artista;10-20annos;Medio;2;1990;Millennials;24596;Ceuta;0,824;30;0;331;0,5
CLI6009;F;Si;67;No;Ingeniero;+20annos;Medio;2;1957;Generacion X;94789;Madrid;1,052;120;0;213;
CLI6010;M;No;34;Si;Artista;10-20annos;Bajo;3;1990;Millennials;23586;Valladolid;1,33;30;0;133;
CLI6011;F;Si;61;Si;Artista;+20annos;Alto;4;1963;Generacion X;88264;Salamanca;1,482;80;0;112;
CLI6012;F;No;36;Si;Artista;10-20annos;Bajo;5;1988;Millennials;23266;Navarra;1,008;30;0;130;
CLI6013;F;Si;55;Si;Artista;+20annos;Medio;5;1969;Generacion X;119258;La Corui±a;1,072;30;0;418;3
CLI6014;M;Si;78;No;Otros;+20annos;Bajo;2;1946;Generacion X;104804;Orense;1,072;120;1;183;
CLI6015;M;No;20;No;Funcionario;<10annos;Bajo;4;2004;Generacion Z;18442;Tarragona;2,444;30;1;173;
CLI6016;F;Si;80;Si;Servicios;+20annos;Alto;2;1944;Generacion Silenciosa;52617;Orense;1,326;50;0;589;1
CLI6017;F;Si;64;No;Servicios;+20annos;Alto;4;1960;Generacion X;45266;Jaen;0,642;30;1;180;
CLI6018;M;Si;72;Si;Artista;+20annos;Alto;2;1952;Generacion X;38717;Pontevedra;1,424;50;0;284;
CLI6019;F;Si;83;Si;Artista;+20annos;Alto;2;1941;Generacion Silenciosa;75554;Guadalajara;1,287;50;1;283;
CLI6020;F;No;68;Si;Ingeniero;+20annos;Bajo;1;1956;Generacion X;100163;Badajoz;1,541;50;0;178;
CLI6021;F;No;42;Si;Funcionario;+20annos;Bajo;5;1982;Millennials;107033;Teruel;1,859;30;0;222;
CLI6022;F;No;30;Si;Construccion;<10annos;Bajo;7;1994;Millennials;25202;La Corui±a;1,284;30;0;57;
CLI6023;M;No;21;No;Funcionario;<10annos;Bajo;3;2003;Generacion Z;19488;Murcia;2,271;30;1;168;
CLI6024;M;Si;47;Si;Otros;+20annos;Bajo;4;1977;Generacion X;109688;Teruel;0,681;80;0;145;
CLI6025;F;Si;55;Si;Artista;+20annos;Alto;2;1969;Generacion X;115412;Lugo;0,72;50;0;273;
CLI6026;M;No;30;Si;Otros;<10annos;Bajo;1;1994;Millennials;21839;Gerona;1,238;30;0;315;0,5
CLI6027;M;No;36;No;Funcionario;10-20annos;Bajo;3;1988;Millennials;28691;Pontevedra;1,445;30;1;219;
CLI6028;F;Si;29;No;Medico;<10annos;Medio;3;1995;Millennials;24603;Tarragona;1,65;30;1;383;3
CLI6029;F;Si;31;;Servicios;<10annos;Medio;4;1993;Millennials;26856;Albacete;1,882;30;1;148;
CLI6030;M;No;50;Si;Otros;+20annos;Bajo;2;1974;Generacion X;78530;Sevilla;0,974;50;1;204;
CLI6031;M;No;28;Si;Medico;<10annos;Bajo;1;1996;Millennials;24630;Teruel;1,374;30;0;171;
CLI6032;M;Si;41;Si;Artista;10-20annos;Bajo;1;1983;Millennials;29255;Malaga;0,709;30;0;192;
CLI6033;F;Si;41;Si;Artista;10-20annos;Medio;3;1983;Millennials;79125;Barcelona;1,422;30;0;526;4
CLI6034;F;Si;66;Si;Artista;+20annos;Alto;6;1958;Generacion X;58547;Caceres;1,737;30;1;219;
CLI6035;F;Si;84;Si;Servicios;+20annos;Alto;2;1940;Generacion Silenciosa;42469;Valladolid;0,622;50;0;495;3
CLI6036;M;Si;52;Si;Medico;+20annos;Medio;4;1972;Generacion X;99255;Ciudad Real;0,564;80;0;553;4
CLI6037;F;Si;46;Si;Artista;+20annos;Bajo;1;1978;Generacion X;42770;Vizcaya;1,424;50;0;483;1
CLI6038;M;Si;73;Si;Artista;+20annos;Bajo;4;1951;Generacion X;93808;Barcelona;15,215;80;0;324;0,5
CLI6039;M;No;22;No;Funcionario;<10annos;Bajo;5;2002;Generacion Z;23320;Teruel;1,995;30;1;227;
CLI6040;M;Si;44;Si;Artista;+20annos;Medio;3;1980;Generacion X;98023;Gerona;1,698;30;0;182;
CLI6041;M;No;23;No;Funcionario;<10annos;Bajo;6;2001;Generacion Z;16608;Navarra;1,926;30;0;56;
CLI6042;F;No;46;No;Medico;+20annos;Bajo;1;1978;Generacion X;84921;La Corui±a;0,681;120;0;350;0,5
CLI6043;M;Si;63;Si;Medico;+20annos;Medio;2;1961;Generacion X;63170;Navarra;1,424;50;1;339;0,5
CLI6044;M;No;25;No;Funcionario;<10annos;Bajo;3;1999;Generacion Z;31663;Lugo;1,961;30;0;500;
CLI6045;F;Si;57;Si;Artista;+20annos;Medio;4;1967;Generacion X;92373;Almeri­a;0,681;80;0;34;
CLI6046;M;Si;46;Si;Medico;+20annos;Medio;2;1978;Generacion X;44779;Salamanca;1,502;50;0;91;
CLI6047;M;No;31;No;Medico;<10annos;Bajo;4;1993;Millennials;28095;Zaragoza;1,859;30;0;535;4
CLI6048;M;Si;47;Si;Artista;+20annos;Medio;3;1977;Generacion X;77793;Valladolid;1,424;80;1;210;
CLI6049;M;No;33;Si;Medico;10-20annos;Bajo;2;1991;Millennials;20734;Sevilla;1,813;30;1;153;
CLI6050;M;No;29;No;Funcionario;<10annos;Bajo;6;1995;Millennials;27951;Burgos;1,581;30;0;147;
CLI6051;M;Si;95;Si;Ejecutivo;+20annos;Alto;2;1929;Generacion Silenciosa;47557;Orense;0,779;50;1;376;3
CLI6052;M;Si;57;Si;Otros;+20annos;Medio;2;1967;Generacion X;129911;Cadiz;0,72;50;0;238;
CLI6053;F;Si;47;No;Ingeniero;+20annos;Bajo;1;1977;Generacion X;82439;Malaga;1,052;120;0;84;
CLI6054;M;Si;29;Si;Artista;<10annos;Medio;1;1995;Millennials;19618;Madrid;10,635;30;0;491;3
CLI6055;M;Si;58;Si;Artista;+20annos;Medio;3;1966;Generacion X;110387;Badajoz;0,759;80;1;125;
CLI6056;M;No;36;Si;Funcionario;10-20annos;Bajo;1;1988;Millennials;24879;Leon;0,962;30;0;484;3
CLI6057;M;Si;28;Si;Funcionario;<10annos;Bajo;2;1996;Millennials;22756;Cordoba;1,098;30;1;226;
CLI6058;F;Si;61;Si;Artista;+20annos;Bajo;1;1963;Generacion X;86316;Valencia;0,72;50;0;406;3
CLI6059;F;Si;52;Si;Ingeniero;+20annos;Medio;4;1972;Generacion X;112852;Castellon;1,697;80;0;52;
CLI6060;F;Si;47;No;Ingeniero;+20annos;Medio;1;1977;Generacion X;41846;Jaen;1,639;30;1;306;0,5
CLI6061;M;No;30;No;Medico;<10annos;Bajo;4;1994;Millennials;27864;Almeri­a;1,606;30;0;78;
CLI6062;M;Si;42;Si;Funcionario;+20annos;Medio;4;1982;Millennials;66195;Leon;2,066;30;1;224;
CLI6063;F;Si;76;Si;Artista;+20annos;Medio;9;1948;Generacion X;64592;Guipiºzcoa;0,896;30;0;599;4
CLI6064;M;No;21;No;Medico;<10annos;Bajo;5;2003;Generacion Z;13959;Palencia;13,395;30;0;535;4
CLI6065;F;No;31;No;Negocios/empresa;<10annos;Bajo;2;1993;Millennials;26360;Huesca;0,778;30;0;342;0,5
CLI6066;M;Si;72;Si;Artista;+20annos;Alto;2;1952;Generacion X;127150;Ceuta;0,681;50;0;264;
CLI6067;M;Si;36;Si;Artista;10-20annos;Bajo;1;1988;Millennials;21263;Guadalajara;1,077;30;0;145;
CLI6068;F;No;24;No;Funcionario;<10annos;Bajo;4;2000;Generacion Z;18129;Teruel;2,34;30;1;178;
CLI6069;F;Si;28;No;Construccion;<10annos;Medio;3;1996;Millennials;31340;Valladolid;2,03;30;1;134;
CLI6070;F;No;57;Si;Artista;+20annos;Bajo;2;1967;Generacion X;85415;Vizcaya;1,091;50;1;109;
CLI6071;F;No;41;Si;Artista;10-20annos;Bajo;2;1983;Millennials;37174;Burgos;0,939;50;0;562;4
CLI6072;M;Si;32;Si;Otros;10-20annos;Bajo;2;1992;Millennials;22167;Caceres;1,652;30;1;337;0,5
CLI6073;M;No;34;Si;Funcionario;10-20annos;Bajo;3;1990;Millennials;29739;ivila;1,33;30;1;297;
CLI6074;F;No;40;Si;Negocios/empresa;10-20annos;Bajo;1;1984;Millennials;53076;Tarragona;0,732;50;0;397;3
CLI6075;F;No;80;Si;Artista;+20annos;Bajo;1;1944;Generacion Silenciosa;31747;Madrid;0,7;30;1;170;
CLI6076;M;Si;56;Si;Artista;+20annos;Bajo;2;1968;Generacion X;70289;La Rioja;1,072;50;1;209;
CLI6077;M;No;98;Si;Artista;+20annos;Bajo;1;1926;Generacion Silenciosa;55029;Soria;1,502;50;0;391;1
CLI6078;M;Si;66;No;Ejecutivo;+20annos;Alto;2;1958;Generacion X;95914;Albacete;1,717;120;1;113;
CLI6079;M;No;44;Si;Funcionario;+20annos;Bajo;2;1980;Generacion X;30085;Las Palmas;1,698;30;1;297;
CLI6080;F;No;24;No;Funcionario;<10annos;Bajo;4;2000;Generacion Z;13302;Ceuta;1,926;30;1;139;
CLI6081;M;Si;31;Si;Ingeniero;<10annos;Medio;2;1993;Millennials;31161;Lugo;1,79;30;0;432;3
CLI6082;F;Si;57;Si;Artista;+20annos;Medio;3;1967;Generacion X;109174;Leon;0,876;80;0;161;
CLI6083;F;No;31;No;Medico;<10annos;Bajo;4;1993;Millennials;30802;Sevilla;1,307;30;0;444;3
CLI6084;F;Si;41;Si;Artista;10-20annos;Medio;2;1983;Millennials;45257;Zamora;1,79;50;1;190;
CLI6085;M;Si;58;Si;Medico;+20annos;Medio;3;1966;Generacion X;107660;Zaragoza;1,678;80;0;205;
CLI6086;F;No;25;No;Servicios;<10annos;Bajo;6;1999;Generacion Z;23400;Zaragoza;2,133;30;0;579;4
CLI6087;F;Si;83;Si;Servicios;+20annos;Alto;2;1941;Generacion Silenciosa;70159;ilava;0,818;50;1;361;0,5
CLI6088;M;Si;78;Si;Otros;+20annos;Alto;2;1946;Generacion X;70567;LLeida;1,267;50;0;283;
CLI6089;M;Si;58;Si;Artista;+20annos;Alto;4;1966;Generacion X;78646;Huesca;1,6;80;0;186;
CLI6090;M;Si;33;Si;Artista;10-20annos;Medio;2;1991;Millennials;18342;Badajoz;1,606;30;1;108;
CLI6091;F;Si;34;No;Otros;10-20annos;Medio;2;1990;Millennials;19929;Guipiºzcoa;1,767;30;0;38;
CLI6092;M;No;30;Si;Medico;<10annos;Bajo;5;1994;Millennials;30768;Sevilla;1,031;30;1;137;
CLI6093;M;Si;72;Si;Servicios;+20annos;Bajo;1;1952;Generacion X;38123;ivila;1,072;50;1;107;
CLI6094;M;Si;30;No;Otros;<10annos;Medio;3;1994;Millennials;21051;Baleares;1,169;30;0;510;4
CLI6095;M;Si;57;No;Otros;+20annos;Medio;2;1967;Generacion X;45639;Alicante;0,759;30;1;138;
CLI6096;F;Si;57;Si;Artista;+20annos;Bajo;2;1967;Generacion X;104053;ilava;1,717;50;0;108;
CLI6097;F;No;56;No;Ingeniero;+20annos;Bajo;6;1968;Generacion X;33019;Malaga;1,052;30;0;279;
CLI6098;F;Si;33;Si;Ingeniero;10-20annos;Medio;5;1991;Millennials;24809;Granada;1,468;30;0;392;3
CLI6099;M;No;46;Si;Artista;+20annos;Bajo;2;1978;Generacion X;117271;Castellon;0,994;50;0;216;
CLI6100;F;No;21;No;Funcionario;<10annos;Bajo;8;2003;Generacion Z;17416;Jaen;1,995;30;0;557;4
CLI6101;M;Si;55;Si;Ejecutivo;+20annos;Alto;4;1969;Generacion X;48926;La Rioja;0,798;30;0;420;3
CLI6102;M;Si;45;Si;Artista;+20annos;Medio;4;1979;Generacion X;29114;Teruel;1,974;30;1;382;3
CLI6103;F;No;40;No;Ingeniero;10-20annos;Bajo;4;1984;Millennials;21423;Alicante;1,215;30;1;368;3
CLI6104;F;Si;47;Si;Funcionario;+20annos;Medio;2;1977;Generacion X;73492;Pontevedra;0,974;50;0;253;
CLI6105;M;Si;94;No;Servicios;+20annos;Bajo;1;1930;Generacion Silenciosa;43145;La Corui±a;0,974;30;0;574;4
CLI6106;M;No;77;No;Servicios;+20annos;Bajo;4;1947;Generacion X;69790;Malaga;0,681;30;1;266;
CLI6107;F;;24;No;Funcionario;<10annos;Bajo;4;2000;Generacion Z;23725;Almeri­a;1,547;30;0;386;3
CLI6108;M;Si;47;Si;Artista;+20annos;Medio;2;1977;Generacion X;78902;Vizcaya;0,642;50;0;234;
CLI6109;F;Si;52;Si;Artista;+20annos;Medio;2;1972;Generacion X;74756;LLeida;0,857;50;0;291;
CLI6110;F;Si;66;Si;Servicios;+20annos;Bajo;2;1958;Generacion X;128266;Castellon;1,209;50;0;445;3
CLI6111;M;No;33;Si;Funcionario;10-20annos;Bajo;1;1991;Millennials;22355;Burgos;2,066;30;0;481;3
CLI6112;F;No;41;Si;Medico;10-20annos;Bajo;1;1983;Millennials;30555;Lugo;1,1;30;0;579;4
CLI6113;M;No;34;Si;Funcionario;10-20annos;Bajo;2;1990;Millennials;25671;Albacete;1,721;30;0;282;
CLI6114;F;No;40;No;Ingeniero;10-20annos;Bajo;2;1984;Millennials;24997;Segovia;0,962;30;1;113;
CLI6115;M;Si;90;Si;Servicios;+20annos;Bajo;1;1934;Generacion Silenciosa;93471;Guadalajara;1,561;50;1;265;
CLI6116;F;;54;No;Negocios/empresa;+20annos;Medio;3;1970;Generacion X;86463;Sevilla;1,033;30;0;476;3
CLI6117;M;No;36;Si;Construccion;10-20annos;Bajo;1;1988;Millennials;31563;Ciudad Real;1,353;30;1;187;
CLI6118;M;No;41;Si;Artista;10-20annos;Bajo;7;1983;Millennials;95267;Cadiz;2,043;30;1;382;3
CLI6119;M;Si;39;Si;Ingeniero;10-20annos;Medio;4;1985;Millennials;20641;Malaga;1,928;30;0;466;3
CLI6120;M;No;55;Si;Artista;+20annos;Bajo;1;1969;Generacion X;28189;Zamora;1,111;30;0;191;
CLI6121;M;No;23;No;Funcionario;<10annos;Bajo;4;2001;Generacion Z;14710;Ciudad Real;2,237;30;0;185;
CLI6122;M;Si;65;No;Otros;+20annos;Medio;2;1959;Generacion X;117196;Zaragoza;1,6;120;0;383;3
CLI6123;F;No;22;No;Funcionario;<10annos;Bajo;5;2002;Generacion Z;16842;Lugo;2,927;30;0;522;4
CLI6124;F;No;54;Si;Ingeniero;+20annos;Bajo;1;1970;Generacion X;121505;Guadalajara;1,267;50;1;399;3
CLI6125;M;Si;68;Si;Ejecutivo;+20annos;Alto;4;1956;Generacion X;76976;Segovia;1,091;80;1;391;3
CLI6126;M;Si;67;Si;Artista;+20annos;Medio;5;1957;Generacion X;89089;Santa Cruz de Tenerife;1,072;30;0;67;
CLI6127;M;Si;47;Si;Construccion;+20annos;Medio;2;1977;Generacion X;99034;Granada;1,463;50;1;223;
CLI6128;F;Si;45;No;Negocios/empresa;+20annos;Medio;3;1979;Generacion X;41111;LLeida;1,238;30;0;258;
CLI6129;M;Si;23;No;Medico;<10annos;Bajo;3;2001;Generacion Z;23003;ilava;2,961;30;0;132;
CLI6130;F;Si;46;Si;Artista;+20annos;Alto;3;1978;Generacion X;95729;Granada;1,424;80;1;261;
CLI6131;F;Si;42;No;Ingeniero;+20annos;Medio;6;1982;Millennials;23155;Melilla;1,652;30;1;171;
CLI6132;M;Si;40;Si;Ejecutivo;10-20annos;Alto;4;1984;Millennials;67687;Orense;1,1;30;0;559;4
CLI6133;M;Si;56;Si;Funcionario;+20annos;Bajo;2;1968;Generacion X;129104;Castellon;1,541;50;0;515;1
CLI6134;F;Si;53;Si;Artista;+20annos;Bajo;2;1971;Generacion X;54491;Guadalajara;1,737;50;0;305;0,5
CLI6135;F;No;32;Si;Construccion;10-20annos;Bajo;1;1992;Millennials;27995;Salamanca;1,238;30;0;164;
CLI6136;M;No;33;Si;Funcionario;10-20annos;Bajo;1;1991;Millennials;24634;Caceres;1,422;30;0;126;
CLI6137;M;Si;28;;Artista;<10annos;Bajo;1;1996;Millennials;30700;Castellon;2,478;30;0;349;0,5
CLI6138;M;No;21;No;Funcionario;<10annos;Bajo;4;2003;Generacion Z;21252;Baleares;2,685;30;1;282;
CLI6139;M;Si;97;No;Servicios;+20annos;Bajo;1;1927;Generacion Silenciosa;44592;Cordoba;0,955;30;1;306;0,5
CLI6140;M;Si;47;Si;Funcionario;+20annos;Alto;4;1977;Generacion X;85516;Las Palmas;1,541;80;1;126;
CLI6141;M;Si;42;Si;Otros;+20annos;Medio;2;1982;Millennials;116736;Soria;1,583;50;1;322;0,5
CLI6142;M;No;35;No;Medico;10-20annos;Bajo;2;1989;Millennials;28664;Las Palmas;0,87;30;1;293;
CLI6143;F;No;42;Si;Funcionario;+20annos;Bajo;2;1982;Millennials;51749;Ceuta;1,031;50;0;81;
CLI6144;F;No;47;Si;Artista;+20annos;Bajo;3;1977;Generacion X;57779;Castellon;1,228;80;0;215;
CLI6145;M;No;84;Si;Servicios;+20annos;Bajo;2;1940;Generacion Silenciosa;83087;Caceres;1,541;50;0;577;1
CLI6146;M;No;33;Si;Funcionario;10-20annos;Bajo;5;1991;Millennials;25343;LLeida;0,778;30;0;84;
CLI6147;M;No;34;No;Funcionario;10-20annos;Bajo;4;1990;Millennials;20898;ivila;1,951;30;0;117;
CLI6148;M;No;25;No;Funcionario;<10annos;Bajo;3;1999;Generacion Z;29142;Badajoz;1,098;30;0;212;
CLI6149;M;Si;77;No;Servicios;+20annos;Alto;3;1947;Generacion X;68767;Granada;1,248;30;0;236;
CLI6150;F;No;28;No;Ingeniero;<10annos;Bajo;1;1996;Millennials;27140;ilava;2,927;30;1;386;3
CLI6151;M;No;32;No;Negocios/empresa;10-20annos;Bajo;2;1992;Millennials;31471;Leon;1,583;30;1;118;
CLI6152;F;Si;55;Si;Artista;+20annos;Medio;3;1969;Generacion X;97030;Guipiºzcoa;1,287;80;0;236;
CLI6153;M;Si;78;Si;Artista;+20annos;Medio;2;1946;Generacion X;22303;Alicante;0,955;30;1;312;0,5
CLI6154;F;No;20;No;Funcionario;<10annos;Bajo;5;2004;Generacion Z;18833;Salamanca;1,65;30;0;515;4
CLI6155;M;No;46;Si;Artista;+20annos;Bajo;1;1978;Generacion X;73630;Barcelona;1,365;50;0;176;
CLI6156;M;No;39;No;Funcionario;10-20annos;Bajo;1;1985;Millennials;28038;Pontevedra;1,468;30;1;312;0,5
CLI6157;F;Si;50;Si;Artista;+20annos;Medio;2;1974;Generacion X;88059;Jaen;1,052;50;0;573;4
CLI6158;F;No;45;Si;Artista;+20annos;Bajo;1;1979;Generacion X;46435;Madrid;1,399;50;0;207;
CLI6159;M;No;22;No;Negocios/empresa;<10annos;Bajo;3;2002;Generacion Z;21443;Granada;2,03;30;0;62;
CLI6160;M;Si;30;No;Otros;<10annos;Medio;2;1994;Millennials;20192;Guipiºzcoa;0,755;30;0;254;
CLI6161;M;Si;30;Si;Funcionario;<10annos;Alto;2;1994;Millennials;26715;Huelva;1,606;30;0;289;
CLI6162;F;No;20;No;Funcionario;<10annos;Bajo;4;2004;Generacion Z;15279;Cuenca;2,202;30;0;415;3
CLI6163;F;Si;45;Si;Artista;+20annos;Alto;2;1979;Generacion X;57904;Alicante;1,33;50;0;79;
CLI6164;M;Si;74;No;Servicios;+20annos;Medio;2;1950;Generacion X;29355;Jaen;0,661;30;1;181;
CLI6165;F;Si;31;Si;Artista;<10annos;Bajo;2;1993;Millennials;24139;Baleares;0,824;30;1;292;
CLI6166;F;No;32;No;Funcionario;10-20annos;Bajo;1;1992;Millennials;25302;Segovia;0,87;30;0;291;
CLI6167;M;Si;50;No;Artista;+20annos;Medio;4;1974;Generacion X;24557;Orense;0,622;30;0;216;
CLI6168;M;Si;40;No;Ejecutivo;10-20annos;Alto;4;1984;Millennials;94711;ivila;1,606;30;1;305;0,5
CLI6169;F;Si;87;Si;Artista;+20annos;Medio;2;1937;Generacion Silenciosa;97985;Huelva;1,052;50;1;234;
CLI6170;F;No;36;No;Ingeniero;10-20annos;Bajo;3;1988;Millennials;26762;Tarragona;1,882;30;0;298;
CLI6171;F;Si;96;Si;Artista;+20annos;Medio;2;1928;Generacion Silenciosa;39615;Salamanca;0,74;50;0;204;
CLI6172;F;Si;57;Si;Artista;+20annos;Bajo;1;1967;Generacion X;42256;Tarragona;0,622;50;0;263;
CLI6173;F;No;35;No;Funcionario;10-20annos;Bajo;3;1989;Millennials;20761;Orense;0,709;30;0;303;0,5
CLI6174;F;No;46;Si;Ingeniero;+20annos;Bajo;7;1978;Generacion X;45817;Lugo;0,74;30;1;387;3
CLI6175;M;No;24;No;Funcionario;<10annos;Bajo;5;2000;Generacion Z;13929;LLeida;3,099;30;0;375;3
CLI6176;F;No;20;No;Medico;<10annos;Bajo;4;2004;Generacion Z;21573;La Rioja;1,961;30;0;30;
CLI6177;F;No;29;No;Medico;<10annos;Bajo;4;1995;Millennials;19597;Madrid;2,34;30;1;210;
CLI6178;F;Si;73;Si;Artista;+20annos;Medio;2;1951;Generacion X;43795;Sevilla;1,385;50;0;274;
CLI6179;F;Si;73;No;Ingeniero;+20annos;Medio;4;1951;Generacion X;75012;Palencia;1,502;30;0;150;
CLI6180;M;Si;76;No;Servicios;+20annos;Bajo;2;1948;Generacion X;35192;LLeida;1,248;30;1;199;
CLI6181;M;No;28;Si;Negocios/empresa;<10annos;Bajo;5;1996;Millennials;31250;Cadiz;1,892;30;1;114;
CLI6182;M;Si;61;Si;Artista;+20annos;Bajo;2;1963;Generacion X;39206;Castellon;0,798;50;0;129;
CLI6183;F;Si;54;Si;Artista;+20annos;Bajo;2;1970;Generacion X;82941;Valencia;1,013;50;1;391;3
CLI6184;M;Si;67;Si;Medico;+20annos;Bajo;2;1957;Generacion X;124986;Segovia;1,639;50;0;155;
CLI6185;F;No;52;Si;Artista;+20annos;Bajo;1;1972;Generacion X;42413;Baleares;1,639;50;0;300;
CLI6186;M;Si;65;Si;Ejecutivo;+20annos;Alto;5;1959;Generacion X;128716;Teruel;0,661;200;0;148;
CLI6187;M;Si;42;Si;Artista;+20annos;Medio;4;1982;Millennials;93011;Teruel;2,066;30;0;522;4
CLI6188;M;Si;61;Si;Artista;+20annos;Medio;2;1963;Generacion X;67085;Burgos;1,306;50;0;144;
CLI6189;F;No;28;No;Construccion;<10annos;Bajo;1;1996;Millennials;21800;Almeri­a;2,271;30;0;61;
CLI6190;M;No;40;No;Artista;10-20annos;Bajo;4;1984;Millennials;117990;Salamanca;1,537;30;0;445;3
CLI6191;M;Si;45;Si;Otros;+20annos;Bajo;1;1979;Generacion X;39376;Malaga;1,468;50;1;348;0,5
CLI6192;F;No;43;No;Ingeniero;+20annos;Bajo;3;1981;Millennials;47024;Guipiºzcoa;1,353;30;1;117;
CLI6193;F;No;22;No;Funcionario;<10annos;Bajo;3;2002;Generacion Z;23059;Castellon;2,961;30;0;77;
CLI6194;F;No;36;No;Ingeniero;10-20annos;Bajo;5;1988;Millennials;27524;Burgos;0,939;30;1;300;
CLI6195;F;Si;86;No;Servicios;+20annos;Alto;3;1938;Generacion Silenciosa;119392;Vizcaya;0,661;30;1;242;
CLI6196;F;Si;96;No;Servicios;+20annos;Bajo;1;1928;Generacion Silenciosa;59131;Valencia;1,346;30;0;590;4
CLI6197;M;No;21;No;Funcionario;<10annos;Bajo;6;2003;Generacion Z;21209;ivila;1,719;30;1;329;0,5
CLI6198;F;No;25;No;Servicios;<10annos;Bajo;2;1999;Generacion Z;20725;Valladolid;2,616;30;0;310;0,5
CLI6199;F;Si;66;Si;Artista;+20annos;Alto;4;1958;Generacion X;67947;Badajoz;1,052;80;0;93;
CLI6200;M;Si;85;No;Servicios;+20annos;Alto;2;1939;Generacion Silenciosa;119496;ivila;1,541;120;0;525;4
CLI6201;F;Si;47;No;Otros;+20annos;Bajo;1;1977;Generacion X;123255;Huelva;1,189;120;0;41;
CLI6202;F;Si;56;Si;Artista;+20annos;Medio;3;1968;Generacion X;52359;Huelva;0,779;30;1;125;
CLI6203;M;No;20;No;Medico;<10annos;Bajo;5;2004;Generacion Z;16176;Baleares;1,029;30;1;346;0,5
CLI6204;F;No;51;Si;Artista;+20annos;Bajo;2;1973;Generacion X;112801;ilava;1,502;50;0;325;0,5
CLI6205;F;No;22;No;Funcionario;<10annos;Bajo;5;2002;Generacion Z;19891;Cordoba;1,236;30;0;579;4
CLI6206;F;No;30;Si;Funcionario;<10annos;Bajo;5;1994;Millennials;28136;Alicante;0,732;30;0;381;3
CLI6207;M;Si;29;Si;Artista;<10annos;Bajo;2;1995;Millennials;27997;Almeri­a;1,374;30;0;175;
CLI6208;F;Si;63;Si;Artista;+20annos;Alto;3;1961;Generacion X;129161;Segovia;1,756;80;0;399;1
CLI6209;M;Si;58;Si;Artista;+20annos;Medio;2;1966;Generacion X;94458;La Corui±a;0,779;50;0;351;0,5
CLI6210;M;Si;42;Si;Artista;+20annos;Bajo;2;1982;Millennials;110564;Jaen;1,008;50;0;177;
CLI6211;M;Si;45;No;Medico;+20annos;Bajo;3;1979;Generacion X;42641;Burgos;1,79;30;0;255;
CLI6212;F;Si;89;No;Servicios;+20annos;Alto;2;1935;Generacion Silenciosa;52299;Santa Cruz de Tenerife;1,502;30;0;108;
CLI6213;F;Si;42;No;Ingeniero;+20annos;Bajo;3;1982;Millennials;46991;Tarragona;1,353;30;0;220;
CLI6214;F;No;33;Si;Funcionario;10-20annos;Bajo;1;1991;Millennials;25162;LLeida;0,893;30;1;126;
CLI6215;M;Si;41;No;Otros;10-20annos;Bajo;3;1983;Millennials;88193;Toledo;1,56;30;1;385;3
CLI6216;M;Si;31;Si;Artista;<10annos;Medio;2;1993;Millennials;20847;Murcia;1,353;30;0;209;
CLI6217;M;Si;47;No;Artista;+20annos;Alto;3;1977;Generacion X;59478;Albacete;1,267;30;1;246;
CLI6218;M;No;23;No;Medico;<10annos;Bajo;5;2001;Generacion Z;23767;Gerona;13,395;30;0;207;
CLI6219;M;Si;36;Si;Artista;10-20annos;Medio;3;1988;Millennials;25503;Valladolid;0,709;30;0;248;
CLI6220;M;Si;86;Si;Servicios;+20annos;Alto;2;1938;Generacion Silenciosa;91770;LLeida;0,72;50;0;183;
CLI6221;F;No;20;No;Servicios;<10annos;Bajo;6;2004;Generacion Z;14958;Baleares;1,788;30;1;327;0,5
CLI6222;M;No;25;No;Funcionario;<10annos;Bajo;5;1999;Generacion Z;18060;Leon;2,823;30;0;503;4
CLI6223;F;No;30;No;Funcionario;<10annos;Bajo;2;1994;Millennials;21622;Caceres;1,261;30;0;481;3
CLI6224;F;Si;50;Si;Artista;+20annos;Medio;3;1974;Generacion X;39049;Cadiz;0,779;30;0;234;
CLI6225;M;No;34;No;Medico;10-20annos;Bajo;1;1990;Millennials;25675;LLeida;1,859;30;0;128;
CLI6226;M;Si;46;Si;Artista;+20annos;Medio;2;1978;Generacion X;59529;Burgos;1,248;50;0;78;
CLI6227;F;No;41;Si;Funcionario;10-20annos;Bajo;3;1983;Millennials;124241;Valencia;0,686;200;0;423;3
CLI6228;M;No;36;Si;Otros;10-20annos;Bajo;2;1988;Millennials;19840;LLeida;1,284;30;0;464;1
CLI6229;M;No;35;Si;Funcionario;10-20annos;Bajo;3;1989;Millennials;28492;Castellon;0,755;30;0;445;3
CLI6230;M;No;23;No;Funcionario;<10annos;Bajo;3;2001;Generacion Z;20509;Segovia;2,478;30;0;261;
CLI6231;F;No;35;No;Medico;10-20annos;Bajo;4;1989;Millennials;28211;Santa Cruz de Tenerife;1,629;30;0;406;3
CLI6232;M;Si;40;Si;Artista;10-20annos;Medio;2;1984;Millennials;84099;ilava;0,847;50;0;321;0,5
CLI6233;M;Si;47;Si;Artista;+20annos;Bajo;2;1977;Generacion X;30704;Leon;1,111;30;0;560;4
CLI6234;M;Si;41;No;Otros;10-20annos;Medio;3;1983;Millennials;103897;Tarragona;2,066;30;0;287;
CLI6235;M;Si;45;Si;Artista;+20annos;Bajo;2;1979;Generacion X;27030;Madrid;0,778;30;0;371;3
CLI6236;M;Si;45;Si;Ingeniero;+20annos;Medio;2;1979;Generacion X;126422;Cordoba;0,709;50;1;172;
CLI6237;F;Si;61;No;Artista;+20annos;Bajo;2;1963;Generacion X;29703;Badajoz;1,15;30;0;155;
CLI6238;M;Si;67;No;Ingeniero;+20annos;Medio;4;1957;Generacion X;82014;Malaga;1,463;30;1;359;0,5
CLI6239;F;No;42;No;Artista;+20annos;Bajo;2;1982;Millennials;126033;Valladolid;1,192;120;0;284;
CLI6240;M;Si;68;Si;Otros;+20annos;Medio;6;1956;Generacion X;116679;Cordoba;1,267;30;1;319;0,5
CLI6241;F;No;36;No;Negocios/empresa;10-20annos;Bajo;4;1988;Millennials;22660;Barcelona;1,445;30;1;139;
CLI6242;M;Si;58;Si;Otros;+20annos;Medio;2;1966;Generacion X;22132;Sevilla;0,603;30;1;268;
CLI6243;M;No;42;Si;Medico;+20annos;Bajo;3;1982;Millennials;113908;Toledo;1,077;30;1;303;0,5
CLI6244;M;Si;56;No;Artista;+20annos;Medio;4;1968;Generacion X;84246;Burgos;1,052;30;0;118;
CLI6245;F;No;45;Si;Artista;+20annos;Bajo;1;1979;Generacion X;31886;Zaragoza;1,215;30;0;342;0,5
CLI6246;F;Si;40;No;Negocios/empresa;10-20annos;Bajo;4;1984;Millennials;61038;Barcelona;1,698;30;1;256;
CLI6247;M;Si;50;Si;Artista;+20annos;Medio;4;1974;Generacion X;56622;Barcelona;1,111;80;0;494;3
CLI6248;F;Si;78;No;Ingeniero;+20annos;Bajo;1;1946;Generacion X;80215;Huelva;1,111;120;0;137;
CLI6249;F;No;29;No;Construccion;<10annos;Bajo;6;1995;Millennials;29309;Valladolid;1,857;30;0;418;3
CLI6250;F;Si;92;Si;Servicios;+20annos;Bajo;1;1932;Generacion Silenciosa;88712;Almeri­a;0,974;50;1;183;
CLI6251;M;Si;62;No;Servicios;+20annos;Alto;2;1962;Generacion X;43284;Ciudad Real;1,267;30;0;142;
CLI6252;M;No;30;No;Negocios/empresa;<10annos;Bajo;4;1994;Millennials;31987;Santa Cruz de Tenerife;2,066;30;0;543;4
CLI6253;M;No;40;No;Ingeniero;10-20annos;Bajo;3;1984;Millennials;75360;Guadalajara;0,709;30;1;336;0,5
CLI6254;F;Si;77;Si;Artista;+20annos;Bajo;3;1947;Generacion X;105697;Las Palmas;1,697;80;0;342;0,5
CLI6255;M;Si;28;;Artista;<10annos;Bajo;1;1996;Millennials;18004;Pontevedra;1,995;30;0;519;4
CLI6256;F;Si;44;Si;Ingeniero;+20annos;Medio;2;1980;Generacion X;117131;Las Palmas;1,491;50;0;355;0,5
CLI6257;M;No;24;No;Funcionario;<10annos;Bajo;4;2000;Generacion Z;22288;Albacete;2,616;30;0;281;
CLI6258;M;Si;53;Si;Artista;+20annos;Bajo;1;1971;Generacion X;129085;Melilla;0,896;50;1;312;0,5
CLI6259;F;Si;45;Si;Artista;+20annos;Medio;2;1979;Generacion X;115007;Valladolid;1,836;50;0;365;
CLI6260;M;Si;85;Si;Servicios;+20annos;Bajo;2;1939;Generacion Silenciosa;52321;Albacete;0,974;50;0;205;
CLI6261;M;Si;79;Si;Artista;+20annos;Bajo;1;1945;Generacion Silenciosa;119680;Huelva;1,267;50;0;133;
CLI6262;F;No;23;No;Funcionario;<10annos;Bajo;3;2001;Generacion Z;23459;Albacete;1,443;30;1;400;3
CLI6263;F;No;32;Si;Funcionario;10-20annos;Bajo;4;1992;Millennials;24077;Santa Cruz de Tenerife;0,847;30;0;31;
CLI6264;F;Si;36;Si;Construccion;10-20annos;Medio;3;1988;Millennials;25801;Huesca;1,629;30;1;383;3
CLI6265;F;No;32;Si;Artista;10-20annos;Bajo;7;1992;Millennials;31604;Leon;1,537;30;0;434;3
CLI6266;M;No;20;No;Funcionario;<10annos;Bajo;2;2004;Generacion Z;16514;Valladolid;1,65;30;1;313;0,5
CLI6267;F;Si;42;Si;Ingeniero;+20annos;Medio;2;1982;Millennials;111649;Cadiz;1,79;50;0;271;
CLI6268;F;Si;53;Si;Construccion;+20annos;Medio;2;1971;Generacion X;59985;Tarragona;0,779;50;0;257;
CLI6269;F;Si;53;Si;Medico;+20annos;Medio;2;1971;Generacion X;109320;Zamora;1,541;50;0;99;
CLI6270;F;No;41;Si;Artista;10-20annos;Bajo;1;1983;Millennials;126948;Cuenca;1,675;50;0;190;
CLI6271;M;No;35;Si;Funcionario;10-20annos;Bajo;5;1989;Millennials;28777;Las Palmas;1,054;30;1;392;3
CLI6272;M;No;36;No;Funcionario;10-20annos;Bajo;5;1988;Millennials;18950;Valencia;1,077;30;0;303;0,5
CLI6273;M;No;34;No;Funcionario;10-20annos;Bajo;8;1990;Millennials;19789;Cadiz;1,008;30;0;439;3
CLI6274;M;Si;52;No;Artista;+20annos;Medio;5;1972;Generacion X;97111;Guipiºzcoa;0,935;30;1;359;0,5
CLI6275;M;Si;69;Si;Artista;+20annos;Medio;3;1955;Generacion X;67491;Valladolid;1,756;80;1;334;0,5
CLI6276;F;No;29;Si;Funcionario;<10annos;Bajo;2;1995;Millennials;20747;Valladolid;1,098;30;0;122;
CLI6277;M;Si;72;Si;Servicios;+20annos;Alto;2;1952;Generacion X;102947;La Corui±a;0,857;50;1;154;
CLI6278;M;Si;24;No;Funcionario;<10annos;Medio;4;2000;Generacion Z;15322;Pontevedra;2,996;30;0;149;
CLI6279;F;Si;46;No;Ingeniero;+20annos;Bajo;1;1978;Generacion X;36592;La Rioja;0,603;30;1;267;
CLI6280;M;Si;47;No;Artista;+20annos;Bajo;1;1977;Generacion X;66749;Melilla;1,346;30;0;329;0,5
CLI6281;F;No;25;No;Negocios/empresa;<10annos;Bajo;4;1999;Generacion Z;24494;Granada;2,064;30;0;466;3
CLI6282;M;No;30;Si;Artista;<10annos;Bajo;4;1994;Millennials;25265;Alicante;1,675;30;0;502;4
CLI6283;M;No;46;Si;Artista;+20annos;Bajo;1;1978;Generacion X;90330;Pontevedra;0,622;50;1;264;
CLI6284;M;Si;50;Si;Ejecutivo;+20annos;Alto;3;1974;Generacion X;59738;Melilla;1,678;80;0;389;1
CLI6285;M;No;36;Si;Medico;10-20annos;Bajo;6;1988;Millennials;27060;Leon;1,583;30;0;212;
CLI6286;M;Si;64;No;Ejecutivo;+20annos;Alto;4;1960;Generacion X;118601;Jaen;0,818;30;1;292;
CLI6287;M;No;23;No;Medico;<10annos;Bajo;3;2001;Generacion Z;18563;Teruel;1,754;30;1;385;3
CLI6288;F;No;94;Si;Construccion;+20annos;Bajo;1;1930;Generacion Silenciosa;100943;La Corui±a;1,658;50;0;86;
CLI6289;M;No;45;No;Medico;+20annos;Bajo;3;1979;Generacion X;59027;Las Palmas;1,008;30;0;294;
CLI6290;M;Si;84;Si;Servicios;+20annos;Alto;2;1940;Generacion Silenciosa;62436;Caceres;1,033;50;1;223;
CLI6291;F;Si;63;No;Ingeniero;+20annos;Bajo;1;1961;Generacion X;42724;Zamora;1,658;30;0;377;3
CLI6292;M;Si;42;No;Medico;+20annos;Medio;5;1982;Millennials;24671;Pontevedra;1,077;30;0;376;3
CLI6293;M;Si;55;Si;Artista;+20annos;Medio;5;1969;Generacion X;44579;La Rioja;0,857;30;0;119;
CLI6294;M;No;28;Si;Artista;<10annos;Bajo;1;1996;Millennials;26565;Segovia;2,444;30;0;54;
CLI6295;M;No;36;No;Funcionario;10-20annos;Bajo;4;1988;Millennials;23396;Zamora;1,008;30;1;145;
CLI6296;M;No;68;Si;Otros;+20annos;Bajo;1;1956;Generacion X;81517;Teruel;0,994;50;0;79;
CLI6297;M;No;29;No;Funcionario;<10annos;Bajo;6;1995;Millennials;23239;Huelva;2,789;30;1;244;
CLI6298;M;Si;28;Si;Artista;<10annos;Bajo;2;1996;Millennials;21475;Navarra;2,133;30;1;140;
CLI6299;M;Si;69;No;Ejecutivo;+20annos;Alto;3;1955;Generacion X;73156;Badajoz;0,74;30;1;270;
CLI6300;M;No;21;No;Funcionario;<10annos;Bajo;3;2003;Generacion Z;13437;La Corui±a;2,754;30;0;536;4
CLI6301;F;Si;29;No;Funcionario;<10annos;Alto;2;1995;Millennials;28921;Cadiz;1,616;30;0;173;
CLI6302;F;No;29;Si;Artista;<10annos;Bajo;1;1995;Millennials;29995;Alicante;2,271;30;0;384;3
CLI6303;F;No;33;Si;Ingeniero;10-20annos;Bajo;3;1991;Millennials;30811;Madrid;1,169;30;1;198;
CLI6304;F;Si;40;Si;Medico;10-20annos;Bajo;1;1984;Millennials;112135;Santa Cruz de Tenerife;1,399;50;1;146;
CLI6305;F;No;24;No;Funcionario;<10annos;Bajo;9;2000;Generacion Z;22103;Santa Cruz de Tenerife;1,236;30;0;38;
CLI6306;F;;44;Si;Construccion;+20annos;Bajo;1;1980;Generacion X;47815;Huesca;1,169;50;0;438;3
CLI6307;M;No;30;No;Medico;<10annos;Bajo;4;1994;Millennials;22810;Jaen;1,054;30;0;165;
CLI6308;M;Si;46;Si;Ejecutivo;+20annos;Alto;5;1978;Generacion X;59201;La Corui±a;15,215;30;1;292;
CLI6309;M;No;23;No;Funcionario;<10annos;Bajo;2;2001;Generacion Z;17161;Navarra;2,685;30;0;588;4
CLI6310;M;Si;42;Si;Ejecutivo;+20annos;Alto;3;1982;Millennials;54269;Jaen;0,985;30;0;88;
CLI6311;M;Si;69;Si;Artista;+20annos;Medio;4;1955;Generacion X;78307;Zamora;0,935;80;0;256;
CLI6312;F;Si;52;Si;Construccion;+20annos;Alto;5;1972;Generacion X;56989;Las Palmas;1,052;30;0;208;
CLI6313;F;No;28;Si;Ingeniero;<10annos;Bajo;3;1996;Millennials;19555;Pontevedra;0,995;30;0;283;
CLI6314;F;Si;76;Si;Artista;+20annos;Alto;2;1948;Generacion X;29463;Malaga;1,306;30;0;52;
CLI6315;M;Si;58;Si;Artista;+20annos;Bajo;1;1966;Generacion X;100734;Ciudad Real;0,837;50;0;161;
CLI6316;M;Si;40;Si;Artista;10-20annos;Bajo;2;1984;Millennials;96248;Vizcaya;1,997;50;0;408;1
CLI6317;M;No;30;Si;Funcionario;<10annos;Bajo;5;1994;Millennials;27208;Palencia;1,514;30;1;377;3
CLI6318;F;No;65;Si;Artista;+20annos;Bajo;1;1959;Generacion X;48588;Huesca;1,17;50;0;327;0,5
CLI6319;M;No;21;No;Funcionario;<10annos;Bajo;3;2003;Generacion Z;12341;Almeri­a;1,685;30;0;407;3
CLI6320;M;Si;32;No;Ejecutivo;10-20annos;Medio;2;1992;Millennials;22966;Caceres;1,997;30;0;441;3
CLI6321;F;No;56;Si;Servicios;+20annos;Bajo;1;1968;Generacion X;82231;Huelva;1,58;50;1;366;3
CLI6322;M;No;47;Si;Otros;+20annos;Bajo;1;1977;Generacion X;76492;Gerona;15,215;50;0;259;
CLI6323;M;No;46;Si;Artista;+20annos;Bajo;1;1978;Generacion X;81781;Lugo;1,033;50;0;294;
CLI6324;F;Si;79;Si;Medico;+20annos;Alto;2;1945;Generacion Silenciosa;87781;Burgos;0,857;50;0;355;0,5
CLI6325;M;No;41;Si;Artista;10-20annos;Bajo;2;1983;Millennials;58614;Soria;1,054;50;1;274;
CLI6326;M;Si;73;No;Servicios;+20annos;Alto;2;1951;Generacion X;61890;Guadalajara;0,642;30;0;428;3
CLI6327;M;Si;43;Si;Artista;+20annos;Medio;2;1981;Millennials;60287;Cuenca;1,169;50;0;230;
CLI6328;F;No;23;No;Otros;<10annos;Bajo;5;2001;Generacion Z;20359;ivila;14,775;30;0;139;
CLI6329;M;No;23;No;Funcionario;<10annos;Bajo;4;2001;Generacion Z;23769;Madrid;14,775;30;0;157;
CLI6330;F;Si;31;Si;Ejecutivo;<10annos;Alto;2;1993;Millennials;18561;Melilla;1,031;30;0;592;4
CLI6331;M;Si;62;Si;Artista;+20annos;Medio;4;1962;Generacion X;86304;Santa Cruz de Tenerife;1,424;80;0;195;
CLI6332;F;No;44;Si;Construccion;+20annos;Bajo;1;1980;Generacion X;102564;Las Palmas;0,755;50;1;210;
CLI6333;M;No;29;Si;Funcionario;<10annos;Bajo;1;1995;Millennials;20763;Pontevedra;2,582;30;0;441;3
CLI6334;M;No;20;No;Funcionario;<10annos;Bajo;6;2004;Generacion Z;23678;Cadiz;2,478;30;0;370;3
CLI6335;M;No;25;No;Funcionario;<10annos;Bajo;8;1999;Generacion Z;29116;Orense;2,651;30;0;305;0,5
CLI6336;F;Si;50;Si;Artista;+20annos;Medio;5;1974;Generacion X;69803;Sevilla;1,6;30;0;494;3
CLI6337;F;Si;72;No;Ingeniero;+20annos;Medio;3;1952;Generacion X;47743;Orense;1,17;30;1;294;
CLI6338;F;Si;96;No;Artista;+20annos;Bajo;1;1928;Generacion Silenciosa;120231;LLeida;1,267;120;0;360;0,5
CLI6339;F;Si;62;Si;Artista;+20annos;Medio;4;1962;Generacion X;46863;Sevilla;1,17;30;0;149;
CLI6340;M;No;52;Si;Artista;+20annos;Bajo;2;1972;Generacion X;41518;Castellon;1,561;50;0;161;
CLI6341;F;No;75;Si;Medico;+20annos;Bajo;1;1949;Generacion X;73726;Segovia;0,661;50;0;520;4
CLI6342;M;No;20;No;Funcionario;<10annos;Bajo;3;2004;Generacion Z;22477;Baleares;2,064;30;0;448;3
CLI6343;M;Si;44;Si;Artista;+20annos;Bajo;1;1980;Generacion X;80849;Navarra;1,537;50;1;228;
CLI6344;F;Si;45;Si;Medico;+20annos;Bajo;1;1979;Generacion X;104598;Melilla;1,123;50;0;89;
CLI6345;M;No;25;No;Funcionario;<10annos;Bajo;4;1999;Generacion Z;22983;Valladolid;2,616;30;0;350;0,5
CLI6346;M;No;39;Si;Artista;10-20annos;Bajo;1;1985;Millennials;22556;Castellon;1,836;30;0;404;1
CLI6347;M;Si;73;Si;Ejecutivo;+20annos;Alto;2;1951;Generacion X;103293;Leon;1,463;50;1;175;
CLI6348;M;No;24;No;Medico;<10annos;Bajo;3;2000;Generacion Z;14874;LLeida;2,444;30;0;64;
CLI6349;M;No;25;No;Funcionario;<10annos;Bajo;4;1999;Generacion Z;19430;Santa Cruz de Tenerife;2,858;30;0;65;
CLI6350;M;No;20;No;Negocios/empresa;<10annos;Bajo;4;2004;Generacion Z;18403;Zaragoza;1,167;30;0;300;
CLI6351;M;Si;66;No;Artista;+20annos;Bajo;1;1958;Generacion X;60557;Badajoz;11,305;30;1;179;
CLI6352;F;Si;44;No;Artista;+20annos;Bajo;1;1980;Generacion X;90803;Guadalajara;0,916;120;0;221;
CLI6353;F;Si;33;No;Ingeniero;10-20annos;Medio;8;1991;Millennials;30158;Granada;1,169;30;0;424;3
CLI6354;M;No;31;No;Otros;<10annos;Bajo;2;1993;Millennials;24350;La Corui±a;1,629;30;0;262;
CLI6355;M;Si;46;No;Artista;+20annos;Bajo;2;1978;Generacion X;100006;ilava;1,091;120;0;579;4
CLI6356;M;No;51;Si;Artista;+20annos;Bajo;2;1973;Generacion X;22873;Granada;1,697;30;0;354;0,5
CLI6357;F;No;25;No;Funcionario;<10annos;Bajo;4;1999;Generacion Z;25880;Castellon;1,236;30;0;439;3
CLI6358;M;Si;47;Si;Artista;+20annos;Bajo;1;1977;Generacion X;28686;Palencia;0,681;30;0;362;0,5
CLI6359;F;No;22;No;Otros;<10annos;Bajo;6;2002;Generacion Z;23402;Gerona;1,892;30;0;407;3
CLI6360;F;No;30;Si;Funcionario;<10annos;Bajo;1;1994;Millennials;19802;La Corui±a;1,698;30;0;420;3
CLI6361;F;No;30;Si;Ingeniero;<10annos;Bajo;2;1994;Millennials;22105;Zamora;0,847;30;0;242;
CLI6362;M;Si;90;Si;Servicios;+20annos;Bajo;1;1934;Generacion Silenciosa;35588;Baleares;0,779;50;0;517;4
CLI6363;M;No;23;No;Funcionario;<10annos;Bajo;4;2001;Generacion Z;22643;Caceres;2,444;30;0;103;
CLI6364;F;No;28;No;Medico;<10annos;Bajo;4;1996;Millennials;19635;Huelva;1,236;30;0;336;0,5
CLI6365;M;Si;66;No;Artista;+20annos;Medio;2;1958;Generacion X;36961;Badajoz;1,678;30;1;270;
CLI6366;F;Si;78;Si;Servicios;+20annos;Alto;2;1946;Generacion X;44833;Castellon;0,622;50;0;406;3
CLI6367;F;No;43;Si;Otros;+20annos;Bajo;1;1981;Millennials;57796;Madrid;1,583;50;0;34;
CLI6368;M;Si;91;Si;Servicios;+20annos;Bajo;1;1933;Generacion Silenciosa;107973;Palencia;0,74;50;1;111;
CLI6369;F;Si;39;Si;Artista;10-20annos;Bajo;2;1985;Millennials;21619;Madrid;0,847;30;0;444;3
CLI6370;M;No;21;No;Funcionario;<10annos;Bajo;4;2003;Generacion Z;20416;Huesca;3,03;30;0;541;4
CLI6371;M;No;58;Si;Artista;+20annos;Bajo;1;1966;Generacion X;36237;Toledo;1,6;50;0;190;
CLI6372;M;No;25;No;Funcionario;<10annos;Bajo;9;1999;Generacion Z;22609;Cordoba;2,892;30;0;577;4
CLI6373;M;No;22;No;Funcionario;<10annos;Bajo;1;2002;Generacion Z;19475;Malaga;2,409;30;0;460;3
CLI6374;M;No;22;No;Funcionario;<10annos;Bajo;3;2002;Generacion Z;19203;Navarra;3,03;30;0;146;
CLI6375;F;Si;55;Si;Artista;+20annos;Bajo;1;1969;Generacion X;114005;Valencia;0,994;50;1;157;
CLI6376;M;Si;39;Si;Ejecutivo;10-20annos;Alto;4;1985;Millennials;23212;Zamora;1,445;30;1;331;0,5
CLI6377;M;Si;35;Si;Medico;10-20annos;Medio;2;1989;Millennials;25241;Albacete;0,87;30;0;82;
CLI6378;F;Si;36;No;Ingeniero;10-20annos;Alto;3;1988;Millennials;18741;Baleares;1,56;30;0;304;0,5
CLI6379;F;Si;58;Si;Artista;+20annos;Medio;3;1966;Generacion X;83780;Murcia;1,482;80;0;494;3
CLI6380;M;Si;52;Si;Artista;+20annos;Medio;4;1972;Generacion X;50975;Salamanca;0,818;30;0;138;
CLI6381;F;No;41;Si;Ingeniero;10-20annos;Bajo;1;1983;Millennials;75775;La Rioja;1,721;50;0;481;1
CLI6382;M;Si;55;Si;Artista;+20annos;Medio;4;1969;Generacion X;28271;Toledo;1,404;30;0;175;
CLI6383;F;No;25;No;Funcionario;<10annos;Bajo;3;1999;Generacion Z;25766;Salamanca;0,995;30;1;208;
CLI6384;F;No;33;Si;Otros;10-20annos;Bajo;1;1991;Millennials;26742;Ciudad Real;0,87;30;0;145;
CLI6385;F;No;31;No;Funcionario;<10annos;Bajo;2;1993;Millennials;21036;Lugo;1,652;30;0;241;
CLI6386;M;Si;43;Si;Artista;+20annos;Bajo;1;1981;Millennials;69806;Zaragoza;0,893;50;0;363;0,5
CLI6387;M;Si;89;No;Servicios;+20annos;Alto;2;1935;Generacion Silenciosa;122989;Tarragona;0,974;120;0;582;4
CLI6388;F;Si;72;No;Ingeniero;+20annos;Medio;2;1952;Generacion X;127636;Cadiz;1,443;120;1;385;3
CLI6389;M;Si;58;Si;Ejecutivo;+20annos;Alto;3;1966;Generacion X;71013;La Corui±a;0,642;80;1;273;
CLI6390;M;Si;41;;Otros;10-20annos;Bajo;1;1983;Millennials;60854;Cuenca;1,744;30;1;340;0,5
CLI6391;M;Si;33;Si;Funcionario;10-20annos;Bajo;2;1991;Millennials;30435;Las Palmas;0,824;30;1;117;
CLI6392;M;No;44;Si;Artista;+20annos;Bajo;1;1980;Generacion X;107477;Baleares;1,261;50;0;191;
CLI6393;M;No;31;Si;Artista;<10annos;Bajo;6;1993;Millennials;24986;Melilla;1,951;30;0;574;4
CLI6394;M;Si;31;Si;Medico;<10annos;Bajo;9;1993;Millennials;28918;Zaragoza;1,606;30;1;124;
CLI6395;F;Si;66;Si;Construccion;+20annos;Bajo;4;1958;Generacion X;124066;Huelva;0,622;80;0;591;4
CLI6396;M;Si;53;Si;Otros;+20annos;Bajo;3;1971;Generacion X;68374;Castellon;1,228;80;0;599;1
CLI6397;M;Si;77;Si;Servicios;+20annos;Bajo;1;1947;Generacion X;97109;Leon;1,052;50;0;157;
CLI6398;F;Si;43;Si;Otros;+20annos;Medio;2;1981;Millennials;91933;Gerona;1,882;50;0;95;
CLI6399;M;Si;46;No;Medico;+20annos;Medio;5;1978;Generacion X;33544;Segovia;0,74;30;1;255;
CLI6400;M;Si;42;No;Otros;+20annos;Medio;2;1982;Millennials;23371;ivila;1,79;30;1;266;
CLI6401;M;No;39;Si;Artista;10-20annos;Bajo;1;1985;Millennials;31092;Las Palmas;1,031;30;1;187;
CLI6402;M;Si;47;Si;Otros;+20annos;Medio;3;1977;Generacion X;25502;Valencia;1,013;30;0;481;3
CLI6403;F;Si;91;Si;Servicios;+20annos;Bajo;1;1933;Generacion Silenciosa;107357;Ciudad Real;1,228;50;0;588;1
CLI6404;M;Si;47;Si;Artista;+20annos;Bajo;1;1977;Generacion X;52987;Almeri­a;0,974;50;0;205;
CLI6405;F;Si;51;Si;Artista;+20annos;Medio;4;1973;Generacion X;108564;Zaragoza;1,658;80;0;289;
CLI6406;M;Si;55;Si;Medico;+20annos;Medio;3;1969;Generacion X;81400;Melilla;0,564;80;0;271;
CLI6407;F;No;42;Si;Artista;+20annos;Bajo;1;1982;Millennials;25506;Malaga;1,537;30;0;417;1
CLI6408;M;Si;76;No;Ejecutivo;+20annos;Alto;2;1948;Generacion X;68857;Vizcaya;1,658;30;0;215;
CLI6409;F;Si;42;Si;Artista;+20annos;Medio;2;1982;Millennials;101017;Guadalajara;2,02;50;1;322;0,5
CLI6410;F;No;29;Si;Funcionario;<10annos;Bajo;3;1995;Millennials;20220;Cadiz;1,65;30;0;105;
CLI6411;M;No;41;No;Funcionario;10-20annos;Bajo;5;1983;Millennials;87331;Pontevedra;1,997;30;0;139;
CLI6412;M;Si;79;Si;Ejecutivo;+20annos;Alto;2;1945;Generacion Silenciosa;93323;Castellon;1,248;50;0;377;1
CLI6413;M;Si;57;Si;Artista;+20annos;Medio;4;1967;Generacion X;69197;Badajoz;1,209;80;0;574;4
CLI6414;M;Si;94;Si;Servicios;+20annos;Alto;2;1930;Generacion Silenciosa;59296;Toledo;0,681;50;1;120;
CLI6415;F;No;32;Si;Funcionario;10-20annos;Bajo;3;1992;Millennials;20763;Salamanca;0,709;30;1;378;3
CLI6416;M;No;29;No;Funcionario;<10annos;Bajo;4;1995;Millennials;30720;ilava;12,015;30;0;106;
CLI6417;F;No;36;Si;Medico;10-20annos;Bajo;6;1988;Millennials;26263;ivila;1,675;30;0;372;1
CLI6418;F;No;44;Si;Funcionario;+20annos;Bajo;1;1980;Generacion X;57328;Ceuta;1,606;50;1;323;0,5
CLI6419;F;No;35;Si;Artista;10-20annos;Bajo;7;1989;Millennials;29756;Guadalajara;1,813;30;1;333;0,5
CLI6420;M;Si;87;Si;Servicios;+20annos;Alto;2;1937;Generacion Silenciosa;85483;Zamora;0,583;50;0;40;
CLI6421;F;No;28;Si;Funcionario;<10annos;Bajo;1;1996;Millennials;26609;La Corui±a;2,996;30;0;510;4
CLI6422;M;No;39;No;Artista;10-20annos;Bajo;1;1985;Millennials;31275;Albacete;2,066;30;0;383;3
CLI6423;F;Si;75;Si;Servicios;+20annos;Bajo;1;1949;Generacion X;124794;Huesca;1,346;50;0;211;
CLI6424;F;No;31;No;Construccion;<10annos;Bajo;1;1993;Millennials;26948;Caceres;1,123;30;0;409;3
CLI6425;M;No;36;Si;Funcionario;10-20annos;Bajo;4;1988;Millennials;31589;La Corui±a;1,813;30;1;112;
CLI6426;M;Si;40;Si;Artista;10-20annos;Medio;5;1984;Millennials;128061;La Rioja;1,859;200;0;451;3
CLI6427;M;Si;56;Si;Ejecutivo;+20annos;Alto;5;1968;Generacion X;63131;La Corui±a;0,896;30;0;208;
CLI6428;F;No;40;Si;Artista;10-20annos;Bajo;1;1984;Millennials;124952;Melilla;1,928;50;1;354;0,5
CLI6429;M;Si;28;Si;Artista;<10annos;Bajo;4;1996;Millennials;23289;Segovia;2,651;30;0;316;0,5
CLI6430;F;Si;41;Si;Artista;10-20annos;Medio;2;1983;Millennials;86501;Alicante;1,031;50;1;253;
CLI6431;F;Si;43;Si;Medico;+20annos;Medio;2;1981;Millennials;90797;Guipiºzcoa;1,974;50;0;264;
CLI6432;F;Si;39;Si;Artista;10-20annos;Medio;2;1985;Millennials;28802;Huesca;1,514;30;0;482;3
CLI6433;M;No;23;No;Funcionario;<10annos;Bajo;4;2001;Generacion Z;20929;Badajoz;1,029;30;1;217;
CLI6434;F;Si;61;Si;Artista;+20annos;Medio;4;1963;Generacion X;55247;La Rioja;0,661;80;0;158;
CLI6435;F;No;22;No;Negocios/empresa;<10annos;Bajo;4;2002;Generacion Z;12167;Zamora;2,513;30;0;534;4
CLI6436;M;Si;39;No;Ejecutivo;10-20annos;Alto;3;1985;Millennials;31673;Alicante;0,962;30;1;338;0,5
CLI6437;F;No;43;No;Ingeniero;+20annos;Bajo;1;1981;Millennials;76636;LLeida;0,663;120;1;392;3
CLI6438;M;Si;91;No;Ejecutivo;+20annos;Alto;2;1933;Generacion Silenciosa;49054;Castellon;0,896;30;0;109;
CLI6439;M;Si;50;Si;Artista;+20annos;Medio;2;1974;Generacion X;114097;Zamora;1,209;50;0;42;
CLI6440;M;Si;44;Si;Artista;+20annos;Bajo;2;1980;Generacion X;82905;Pontevedra;2,02;50;0;229;
CLI6441;F;No;30;Si;Artista;<10annos;Bajo;5;1994;Millennials;30250;Albacete;1,123;30;1;202;
CLI6442;M;Si;56;No;Otros;+20annos;Medio;3;1968;Generacion X;56126;Guadalajara;1,482;30;1;397;3
CLI6443;M;Si;39;Si;Artista;10-20annos;Medio;3;1985;Millennials;23906;Zamora;1,445;30;0;147;
CLI6444;F;No;29;Si;Artista;<10annos;Bajo;1;1995;Millennials;28548;Madrid;2,306;30;1;169;
CLI6445;M;Si;63;Si;Artista;+20annos;Bajo;2;1961;Generacion X;80881;Zamora;15,215;50;1;238;
CLI6446;M;Si;22;No;Funcionario;<10annos;Medio;4;2002;Generacion Z;17424;Sevilla;1,961;30;0;576;4
CLI6447;F;No;54;Si;Artista;+20annos;Bajo;1;1970;Generacion X;55297;Madrid;0,7;50;0;396;3
CLI6448;M;No;57;Si;Otros;+20annos;Bajo;2;1967;Generacion X;109017;Teruel;1,248;50;1;168;
CLI6449;M;Si;39;Si;Artista;10-20annos;Medio;3;1985;Millennials;31631;Guadalajara;1,054;30;1;112;
CLI6450;M;Si;43;Si;Funcionario;+20annos;Bajo;3;1981;Millennials;35948;Baleares;1,675;30;0;352;0,5
CLI6451;M;Si;76;Si;Ejecutivo;+20annos;Bajo;2;1948;Generacion X;118727;Caceres;11,305;50;0;489;1
CLI6452;F;No;29;Si;Otros;<10annos;Bajo;2;1995;Millennials;30293;Teruel;1,926;30;0;387;3
CLI6453;M;Si;40;Si;Artista;10-20annos;Bajo;4;1984;Millennials;68900;Salamanca;1,077;30;0;86;
CLI6454;F;Si;28;Si;Ingeniero;<10annos;Medio;2;1996;Millennials;22608;La Corui±a;2,616;30;0;404;3
CLI6455;F;Si;66;Si;Artista;+20annos;Bajo;1;1958;Generacion X;94538;Badajoz;15,215;50;0;168;
CLI6456;F;No;41;Si;Funcionario;10-20annos;Bajo;2;1983;Millennials;44646;Jaen;1,675;50;0;287;
CLI6457;F;No;46;No;Artista;+20annos;Bajo;1;1978;Generacion X;71961;Toledo;1,033;30;0;520;4
CLI6458;M;No;24;No;Funcionario;<10annos;Bajo;4;2000;Generacion Z;14257;Jaen;2,409;30;0;61;
CLI6459;M;Si;45;No;Medico;+20annos;Medio;4;1979;Generacion X;41204;ilava;1,169;30;0;83;
CLI6460;M;Si;83;No;Ejecutivo;+20annos;Bajo;1;1941;Generacion Silenciosa;113938;Almeri­a;1,404;120;0;464;3
CLI6461;F;Si;41;Si;Construccion;10-20annos;Alto;2;1983;Millennials;90351;Malaga;1,79;50;0;554;1
CLI6462;F;Si;85;Si;Artista;+20annos;Alto;2;1939;Generacion Silenciosa;45451;Vizcaya;0,583;50;0;310;0,5
CLI6463;M;Si;63;No;Servicios;+20annos;Medio;2;1961;Generacion X;109588;Cadiz;0,681;120;0;272;
CLI6464;M;Si;47;Si;Ejecutivo;+20annos;Alto;4;1977;Generacion X;101125;Ciudad Real;1,678;80;0;520;1
CLI6465;F;No;34;Si;Funcionario;10-20annos;Bajo;4;1990;Millennials;23336;Vizcaya;0,686;30;0;43;
CLI6466;M;No;36;No;Medico;10-20annos;Bajo;2;1988;Millennials;28369;Soria;1,882;30;0;57;
CLI6467;M;Si;66;Si;Ejecutivo;+20annos;Alto;4;1958;Generacion X;26241;Santa Cruz de Tenerife;0,935;30;0;428;3
CLI6468;F;Si;67;Si;Artista;+20annos;Bajo;2;1957;Generacion X;84017;Zamora;1,052;50;0;298;
CLI6469;F;No;32;No;Construccion;10-20annos;Bajo;1;1992;Millennials;19097;Pontevedra;1,169;30;0;176;
CLI6470;M;No;28;Si;Funcionario;<10annos;Bajo;4;1996;Millennials;28953;Ceuta;2,202;30;1;250;
CLI6471;M;Si;91;Si;Artista;+20annos;Alto;2;1933;Generacion Silenciosa;126982;Segovia;0,915;50;0;388;3
CLI6472;F;No;42;Si;Artista;+20annos;Bajo;1;1982;Millennials;32604;Lugo;0,939;30;0;73;
CLI6473;M;No;31;Si;Artista;<10annos;Bajo;4;1993;Millennials;26623;Guipiºzcoa;1,79;30;0;520;4
CLI6474;M;Si;72;Si;Otros;+20annos;Alto;2;1952;Generacion X;121202;Guipiºzcoa;1,15;50;1;277;
CLI6475;F;Si;67;Si;Medico;+20annos;Medio;4;1957;Generacion X;50324;Huesca;0,622;30;0;586;4
CLI6476;F;Si;51;Si;Servicios;+20annos;Bajo;2;1973;Generacion X;66685;Malaga;1,658;50;0;488;1
CLI6477;F;Si;56;No;Ingeniero;+20annos;Bajo;2;1968;Generacion X;56023;Barcelona;1,756;30;1;165;
CLI6478;M;Si;40;No;Ejecutivo;10-20annos;Alto;3;1984;Millennials;128823;Zaragoza;1,192;200;0;552;4
CLI6479;F;Si;61;Si;Artista;+20annos;Medio;2;1963;Generacion X;126576;La Rioja;1,306;50;1;344;0,5
CLI6480;M;Si;47;Si;Artista;+20annos;Medio;4;1977;Generacion X;31135;Zamora;0,759;30;1;252;
CLI6481;F;Si;51;Si;Artista;+20annos;Medio;4;1973;Generacion X;110340;Almeri­a;0,74;80;1;354;0,5
CLI6482;F;Si;47;Si;Artista;+20annos;Medio;2;1977;Generacion X;79106;Castellon;1,678;50;0;334;0,5
CLI6483;M;Si;63;No;Medico;+20annos;Bajo;3;1961;Generacion X;96246;Granada;0,876;30;0;277;
CLI6484;M;Si;39;No;Medico;10-20annos;Bajo;1;1985;Millennials;24958;Sevilla;1,767;30;0;534;4
CLI6485;M;Si;72;Si;Artista;+20annos;Medio;2;1952;Generacion X;95011;Salamanca;1,717;50;1;111;
CLI6486;F;Si;41;Si;Artista;10-20annos;Bajo;3;1983;Millennials;46581;Cadiz;1,721;30;0;275;
CLI6487;M;Si;39;Si;Artista;10-20annos;Medio;2;1985;Millennials;23670;Valencia;1,859;30;1;163;
CLI6488;M;Si;41;No;Ejecutivo;10-20annos;Bajo;2;1983;Millennials;26363;LLeida;1,882;30;1;246;
CLI6489;M;Si;42;Si;Ejecutivo;+20annos;Medio;3;1982;Millennials;91307;Guipiºzcoa;1,836;30;1;260;
CLI6490;M;No;21;No;Funcionario;<10annos;Bajo;3;2003;Generacion Z;22002;Teruel;1,616;30;1;234;
CLI6491;M;Si;45;Si;Artista;+20annos;Bajo;1;1979;Generacion X;122684;Teruel;1,974;50;1;269;
CLI6492;M;Si;30;Si;Otros;<10annos;Bajo;1;1994;Millennials;27005;Teruel;1,422;30;0;508;4
CLI6493;M;No;40;Si;Artista;10-20annos;Bajo;1;1984;Millennials;110497;Caceres;1,951;50;0;245;
CLI6494;M;Si;67;Si;Artista;+20annos;Medio;2;1957;Generacion X;71556;Tarragona;1,287;50;1;245;
CLI6495;M;Si;58;No;Artista;+20annos;Medio;6;1966;Generacion X;55681;Madrid;1,404;30;0;273;
CLI6496;M;Si;50;Si;Artista;+20annos;Bajo;1;1974;Generacion X;40122;Tarragona;1,326;50;0;397;1
CLI6497;F;;30;Si;Funcionario;<10annos;Bajo;6;1994;Millennials;21771;Guadalajara;1,1;30;1;262;
CLI6498;F;Si;46;No;Otros;+20annos;Bajo;6;1978;Generacion X;110892;Orense;0,564;30;0;390;3
CLI6499;M;No;20;No;Funcionario;<10annos;Bajo;1;2004;Generacion Z;23993;Vizcaya;2,444;30;0;156;
CLI6500;F;Si;91;Si;Servicios;+20annos;Alto;2;1933;Generacion Silenciosa;44394;Santa Cruz de Tenerife;1,737;50;0;452;1
CLI6501;F;No;40;Si;Artista;10-20annos;Bajo;1;1984;Millennials;97178;Guipiºzcoa;2,02;50;0;154;
CLI6502;F;No;41;Si;Funcionario;10-20annos;Bajo;1;1983;Millennials;84337;Orense;1,813;50;0;322;0,5
CLI6503;M;Si;46;Si;Artista;+20annos;Medio;3;1978;Generacion X;36738;Tarragona;0,994;30;0;383;3
CLI6504;F;Si;88;No;Servicios;+20annos;Alto;2;1936;Generacion Silenciosa;67576;Badajoz;1,404;30;0;569;4
CLI6505;F;No;20;No;Funcionario;<10annos;Bajo;5;2004;Generacion Z;12323;Las Palmas;14,775;30;0;565;4
CLI6506;M;Si;67;No;Otros;+20annos;Bajo;1;1957;Generacion X;42327;Madrid;1,365;30;0;229;
CLI6507;M;Si;63;Si;Otros;+20annos;Bajo;2;1961;Generacion X;76535;Baleares;0,779;50;1;395;3
CLI6508;M;No;40;No;Negocios/empresa;10-20annos;Bajo;2;1984;Millennials;122067;ilava;0,778;120;0;240;
CLI6509;F;No;47;Si;Artista;+20annos;Bajo;1;1977;Generacion X;28295;Zamora;0,955;30;1;354;0,5
CLI6510;F;No;36;No;Construccion;10-20annos;Bajo;1;1988;Millennials;24545;Melilla;2,043;30;1;362;0,5
CLI6511;M;No;34;No;Funcionario;10-20annos;Bajo;3;1990;Millennials;31998;Murcia;0,985;30;0;134;
CLI6512;M;No;57;Si;Otros;+20annos;Bajo;1;1967;Generacion X;125519;Soria;1,091;50;0;287;
CLI6513;M;No;42;Si;Medico;+20annos;Bajo;1;1982;Millennials;94028;Salamanca;0,824;50;0;576;4
CLI6514;M;Si;50;Si;Artista;+20annos;Alto;4;1974;Generacion X;34607;Jaen;1,072;30;0;531;4
CLI6515;M;Si;79;Si;Servicios;+20annos;Alto;2;1945;Generacion Silenciosa;23124;Cadiz;1,58;30;0;399;1
CLI6516;F;Si;47;Si;Medico;+20annos;Bajo;2;1977;Generacion X;53380;Albacete;0,759;50;0;325;0,5
CLI6517;F;No;32;Si;Otros;10-20annos;Bajo;2;1992;Millennials;20325;Sevilla;0,985;30;1;176;
CLI6518;M;No;50;Si;Artista;+20annos;Bajo;2;1974;Generacion X;62877;Valencia;1,306;50;1;209;
CLI6519;F;;56;No;Construccion;+20annos;Bajo;1;1968;Generacion X;33981;Santa Cruz de Tenerife;1,697;30;0;165;
CLI6520;F;No;32;Si;Construccion;10-20annos;Bajo;1;1992;Millennials;27645;LLeida;2,02;30;0;501;4
CLI6521;M;No;47;Si;Artista;+20annos;Bajo;3;1977;Generacion X;108881;Cadiz;1,717;80;1;216;
CLI6522;F;Si;46;No;Artista;+20annos;Medio;3;1978;Generacion X;28401;Cuenca;1,052;30;1;260;
CLI6523;M;Si;52;No;Otros;+20annos;Medio;6;1972;Generacion X;123214;Leon;1,561;200;0;439;3
CLI6524;M;No;29;Si;Funcionario;<10annos;Bajo;3;1995;Millennials;22475;Jaen;1,857;30;1;248;
CLI6525;F;Si;66;Si;Servicios;+20annos;Alto;3;1958;Generacion X;123555;Castellon;1,248;80;0;267;
CLI6526;M;Si;45;Si;Ejecutivo;+20annos;Bajo;2;1979;Generacion X;124028;Cadiz;2,043;50;0;336;0,5
CLI6527;M;Si;52;Si;Ejecutivo;+20annos;Alto;4;1972;Generacion X;122928;Melilla;15,215;80;0;249;
CLI6528;M;No;30;Si;Artista;<10annos;Bajo;3;1994;Millennials;20155;Navarra;1,261;30;0;578;4
CLI6529;M;No;20;No;Funcionario;<10annos;Bajo;3;2004;Generacion Z;19469;Ceuta;2,271;30;1;157;
CLI6530;F;No;51;Si;Artista;+20annos;Bajo;1;1973;Generacion X;52902;Alicante;0,935;50;1;111;
CLI6531;F;Si;39;Si;Artista;10-20annos;Medio;2;1985;Millennials;31539;Burgos;1,997;30;0;482;3
CLI6532;F;No;28;Si;Artista;<10annos;Bajo;2;1996;Millennials;20504;ilava;1,857;30;0;461;3
CLI6533;M;No;20;No;Funcionario;<10annos;Bajo;3;2004;Generacion Z;15805;La Rioja;2,823;30;1;192;
CLI6534;F;No;24;No;Funcionario;<10annos;Bajo;3;2000;Generacion Z;14086;Valencia;10,635;30;0;556;4
CLI6535;M;Si;62;No;Ejecutivo;+20annos;Medio;3;1962;Generacion X;52542;Alicante;1,091;30;1;307;0,5
CLI6536;F;Si;39;Si;Construccion;10-20annos;Medio;2;1985;Millennials;22673;Cordoba;1,238;30;0;187;
CLI6537;F;Si;44;;Construccion;+20annos;Medio;1;1980;Generacion X;56728;Ciudad Real;1,721;30;0;333;0,5
CLI6538;M;Si;55;Si;Artista;+20annos;Medio;2;1969;Generacion X;45779;Madrid;1,15;50;1;289;
CLI6539;M;No;46;Si;Servicios;+20annos;Bajo;1;1978;Generacion X;58779;Burgos;0,896;50;0;132;
CLI6540;F;Si;67;Si;Construccion;+20annos;Medio;1;1957;Generacion X;25900;Teruel;0,896;30;0;416;3
CLI6541;M;No;36;No;Medico;10-20annos;Bajo;6;1988;Millennials;18039;Leon;1,1;30;1;313;0,5
CLI6542;F;Si;76;No;Otros;+20annos;Bajo;2;1948;Generacion X;102356;Guadalajara;0,994;120;0;380;3
CLI6543;F;Si;42;Si;Ingeniero;+20annos;Bajo;2;1982;Millennials;102610;Santa Cruz de Tenerife;1,468;50;0;309;0,5
CLI6544;M;Si;46;Si;Medico;+20annos;Medio;5;1978;Generacion X;94404;Salamanca;1,326;30;1;278;
CLI6545;M;Si;67;Si;Otros;+20annos;Medio;6;1957;Generacion X;75344;Toledo;1,561;30;0;154;
CLI6546;F;No;22;No;Funcionario;<10annos;Bajo;6;2002;Generacion Z;22782;Cadiz;1,443;30;1;292;
CLI6547;F;Si;51;Si;Ingeniero;+20annos;Medio;2;1973;Generacion X;45207;Barcelona;0,974;50;0;86;
CLI6548;M;Si;44;No;Otros;+20annos;Bajo;4;1980;Generacion X;101508;Santa Cruz de Tenerife;0,686;30;0;196;
CLI6549;M;Si;56;Si;Medico;+20annos;Alto;2;1968;Generacion X;76801;Almeri­a;11,305;50;0;427;1
CLI6550;F;Si;64;Si;Artista;+20annos;Medio;5;1960;Generacion X;128396;Alicante;1,424;200;0;524;4
CLI6551;F;No;36;Si;Funcionario;10-20annos;Bajo;5;1988;Millennials;23068;Navarra;0,847;30;0;429;3
CLI6552;M;No;29;No;Otros;<10annos;Bajo;2;1995;Millennials;29800;Ceuta;1,581;30;0;309;0,5
CLI6553;M;Si;64;No;Ejecutivo;+20annos;Alto;3;1960;Generacion X;81161;Badajoz;1,482;30;1;229;
CLI6554;M;Si;72;Si;Construccion;+20annos;Alto;2;1952;Generacion X;114225;Vizcaya;0,603;50;0;102;
CLI6555;M;Si;45;Si;Ingeniero;+20annos;Medio;2;1979;Generacion X;29035;Burgos;1,56;30;0;115;
CLI6556;M;Si;46;Si;Medico;+20annos;Medio;2;1978;Generacion X;24791;Guipiºzcoa;0,798;30;0;362;0,5
CLI6557;M;Si;28;No;Ingeniero;<10annos;Bajo;1;1996;Millennials;20079;Barcelona;1,512;30;1;117;
CLI6558;F;No;33;No;Construccion;10-20annos;Bajo;6;1991;Millennials;30150;ivila;0,686;30;0;590;4
CLI6559;M;;36;No;Negocios/empresa;10-20annos;Alto;1;1988;Millennials;19013;Zamora;0,824;30;1;342;0,5
CLI6560;M;Si;28;Si;Servicios;<10annos;Bajo;1;1996;Millennials;31116;Jaen;2,513;30;0;112;
CLI6561;M;Si;87;No;Servicios;+20annos;Bajo;1;1937;Generacion Silenciosa;89693;Palencia;1,267;120;0;440;3
CLI6562;F;Si;56;No;Funcionario;+20annos;Alto;3;1968;Generacion X;99304;Madrid;1,189;30;1;336;0,5
CLI6563;M;No;29;Si;Medico;<10annos;Bajo;4;1995;Millennials;26287;Murcia;3,03;30;0;562;4
CLI6564;F;Si;41;No;Otros;10-20annos;Medio;4;1983;Millennials;85118;Ceuta;0,778;30;0;265;
CLI6565;F;No;28;No;Medico;<10annos;Bajo;2;1996;Millennials;29118;Segovia;2,34;30;0;260;
CLI6566;M;No;45;Si;Negocios/empresa;+20annos;Bajo;2;1979;Generacion X;114722;Huesca;1,077;50;0;516;4
CLI6567;F;Si;91;Si;Ejecutivo;+20annos;Alto;3;1933;Generacion Silenciosa;39430;Tarragona;1,678;30;0;396;1
CLI6568;M;Si;39;Si;Otros;10-20annos;Medio;3;1985;Millennials;31893;ivila;1,652;30;1;284;
CLI6569;M;No;23;No;Funcionario;<10annos;Bajo;7;2001;Generacion Z;17659;Pontevedra;2,892;30;0;61;
CLI6570;F;No;31;Si;Ingeniero;<10annos;Bajo;3;1993;Millennials;24146;Salamanca;0,916;30;0;128;
CLI6571;M;Si;50;Si;Artista;+20annos;Medio;2;1974;Generacion X;67500;Orense;1,248;50;0;166;
CLI6572;M;Si;56;No;Ejecutivo;+20annos;Bajo;4;1968;Generacion X;22869;Zamora;1,209;30;0;512;4
CLI6573;M;No;28;Si;Otros;<10annos;Bajo;3;1996;Millennials;30532;Granada;3,099;30;0;403;3
CLI6574;M;No;32;Si;Funcionario;10-20annos;Bajo;3;1992;Millennials;29850;Guadalajara;1,215;30;0;318;0,5
CLI6575;M;Si;50;No;Negocios/empresa;+20annos;Bajo;2;1974;Generacion X;44586;ivila;1,443;30;0;576;4
CLI6576;F;;32;No;Construccion;10-20annos;Bajo;1;1992;Millennials;22665;Gerona;1,33;30;0;278;
CLI6577;F;Si;52;No;Ingeniero;+20annos;Medio;5;1972;Generacion X;56548;Guipiºzcoa;1,228;30;0;493;3
CLI6578;F;No;62;Si;Servicios;+20annos;Bajo;2;1962;Generacion X;59761;Melilla;0,72;50;1;306;0,5
CLI6579;F;No;44;Si;Artista;+20annos;Bajo;2;1980;Generacion X;40719;Baleares;1,238;50;1;152;
CLI6580;F;Si;72;Si;Servicios;+20annos;Bajo;1;1952;Generacion X;32367;Sevilla;1,326;30;1;270;
CLI6581;M;No;44;Si;Artista;+20annos;Bajo;1;1980;Generacion X;92778;Palencia;0,824;50;0;456;3
CLI6582;M;Si;46;Si;Medico;+20annos;Medio;2;1978;Generacion X;102886;Granada;1,189;50;0;502;4
CLI6583;M;Si;50;Si;Artista;+20annos;Medio;3;1974;Generacion X;40534;Jaen;1,209;30;0;46;
CLI6584;F;Si;64;Si;Ingeniero;+20annos;Bajo;1;1960;Generacion X;106081;Murcia;11,305;50;0;417;1
CLI6585;F;No;33;No;Medico;10-20annos;Bajo;3;1991;Millennials;31122;Orense;0,778;30;0;354;0,5
CLI6586;M;Si;39;Si;Artista;10-20annos;Alto;2;1985;Millennials;23888;Valencia;1,445;30;1;165;
CLI6587;F;Si;58;No;Construccion;+20annos;Bajo;1;1966;Generacion X;72068;Castellon;0,994;30;0;337;0,5
CLI6588;F;Si;64;Si;Artista;+20annos;Medio;2;1960;Generacion X;71849;Albacete;1,697;50;0;532;4
CLI6589;F;Si;97;Si;Artista;+20annos;Alto;2;1927;Generacion Silenciosa;94988;Murcia;0,661;50;0;388;3
CLI6590;F;No;30;No;Negocios/empresa;<10annos;Bajo;3;1994;Millennials;25974;Melilla;1,422;30;1;120;
CLI6591;M;No;43;Si;Artista;+20annos;Bajo;1;1981;Millennials;99950;Orense;1,1;50;0;242;
CLI6592;F;Si;45;Si;Artista;+20annos;Bajo;1;1979;Generacion X;56561;Pontevedra;1,675;50;0;528;1
CLI6593;F;No;31;No;Artista;<10annos;Bajo;4;1993;Millennials;18323;Melilla;1,353;30;0;174;
CLI6594;M;Si;39;No;Otros;10-20annos;Bajo;3;1985;Millennials;23499;Ciudad Real;1,629;30;1;244;
CLI6595;M;Si;84;No;Ejecutivo;+20annos;Alto;2;1940;Generacion Silenciosa;121213;La Rioja;1,756;120;0;279;
CLI6596;F;No;36;Si;Funcionario;10-20annos;Bajo;1;1988;Millennials;31937;LLeida;1,951;30;1;387;3
CLI6597;F;Si;65;Si;Medico;+20annos;Bajo;2;1959;Generacion X;95831;Granada;0,603;50;1;192;
CLI6598;F;Si;50;Si;Medico;+20annos;Bajo;1;1974;Generacion X;30764;Ceuta;1,072;30;1;371;3
CLI6599;F;Si;89;No;Servicios;+20annos;Alto;2;1935;Generacion Silenciosa;32695;Ciudad Real;0,818;30;0;52;
CLI6600;F;No;36;No;Ingeniero;10-20annos;Bajo;3;1988;Millennials;26061;Zaragoza;0,686;30;1;164;
CLI6601;F;Si;95;No;Servicios;+20annos;Alto;2;1929;Generacion Silenciosa;121529;Almeri­a;0,798;120;0;102;
CLI6602;M;No;21;No;Funcionario;<10annos;Bajo;4;2003;Generacion Z;19640;Palencia;2,03;30;1;362;0,5
CLI6603;F;No;22;No;Funcionario;<10annos;Bajo;4;2002;Generacion Z;20974;Caceres;1,616;30;0;531;4
CLI6604;M;Si;41;Si;Servicios;10-20annos;Alto;2;1983;Millennials;127419;Guadalajara;2,043;50;1;200;
CLI6605;F;No;28;No;Funcionario;<10annos;Bajo;8;1996;Millennials;25691;Cadiz;2,34;30;1;112;
CLI6606;F;No;98;Si;Servicios;+20annos;Bajo;1;1926;Generacion Silenciosa;33633;Leon;0,955;30;1;167;
CLI6607;F;No;36;Si;Otros;10-20annos;Bajo;3;1988;Millennials;25707;Sevilla;1,491;30;1;161;
CLI6608;F;Si;68;Si;Artista;+20annos;Alto;2;1956;Generacion X;127334;Valencia;0,935;50;0;366;3
CLI6609;F;Si;61;Si;Artista;+20annos;Medio;4;1963;Generacion X;50849;Ciudad Real;1,443;30;1;117;
CLI6610;M;No;43;Si;Artista;+20annos;Bajo;1;1981;Millennials;32716;Guipiºzcoa;1,077;30;1;376;3
CLI6611;M;No;33;Si;Funcionario;10-20annos;Bajo;6;1991;Millennials;31884;Sevilla;0,985;30;0;412;3
CLI6612;F;Si;41;No;Ejecutivo;10-20annos;Alto;2;1983;Millennials;116250;Almeri­a;1,215;120;0;579;4
CLI6613;F;No;44;No;Negocios/empresa;+20annos;Bajo;1;1980;Generacion X;28069;Zamora;1,445;30;1;262;
CLI6614;M;No;42;Si;Artista;+20annos;Bajo;4;1982;Millennials;108720;Toledo;1,79;30;0;194;
CLI6615;M;Si;57;No;Artista;+20annos;Bajo;2;1967;Generacion X;114461;Palencia;1,248;120;0;55;
CLI6616;F;Si;53;No;Ingeniero;+20annos;Medio;5;1971;Generacion X;72331;Guipiºzcoa;1,052;30;1;285;
CLI6617;F;Si;66;No;Ingeniero;+20annos;Medio;5;1958;Generacion X;59246;Barcelona;0,583;30;0;479;3
CLI6618;F;No;40;Si;Ingeniero;10-20annos;Bajo;1;1984;Millennials;92435;Valladolid;1,215;50;0;128;
CLI6619;M;Si;65;Si;Medico;+20annos;Medio;2;1959;Generacion X;85629;Almeri­a;1,228;50;0;194;
CLI6620;M;Si;78;No;Otros;+20annos;Medio;3;1946;Generacion X;103879;Vizcaya;1,424;30;0;339;0,5
CLI6621;M;Si;86;No;Servicios;+20annos;Bajo;1;1938;Generacion Silenciosa;63454;Murcia;1,326;30;0;43;
CLI6622;M;Si;41;Si;Ejecutivo;10-20annos;Medio;2;1983;Millennials;129432;Cadiz;1,192;50;0;415;3
CLI6623;F;No;56;Si;Artista;+20annos;Bajo;1;1968;Generacion X;113048;Valladolid;0,935;50;1;144;
CLI6624;M;No;24;No;Funcionario;<10annos;Bajo;3;2000;Generacion Z;13291;Leon;2,34;30;0;359;0,5
CLI6625;M;Si;31;Si;Artista;<10annos;Medio;2;1993;Millennials;26410;Jaen;1,008;30;1;272;
CLI6626;F;No;24;No;Funcionario;<10annos;Bajo;8;2000;Generacion Z;21237;Castellon;2,513;30;1;137;
CLI6627;F;Si;53;Si;Construccion;+20annos;Alto;2;1971;Generacion X;89905;Guadalajara;1,424;50;0;252;
CLI6628;F;No;25;No;Funcionario;<10annos;Bajo;4;1999;Generacion Z;18844;Cadiz;2,513;30;1;212;
CLI6629;F;No;34;No;Ingeniero;10-20annos;Bajo;8;1990;Millennials;26534;Orense;0,87;30;1;261;
CLI6630;M;Si;41;No;Artista;10-20annos;Bajo;5;1983;Millennials;22173;Badajoz;0,916;30;0;523;4
CLI6631;M;Si;55;Si;Medico;+20annos;Medio;4;1969;Generacion X;31556;Palencia;0,994;30;0;339;0,5
CLI6632;M;Si;46;Si;Medico;+20annos;Medio;4;1978;Generacion X;78667;Malaga;0,642;80;1;121;
CLI6633;F;No;55;Si;Ejecutivo;+20annos;Bajo;1;1969;Generacion X;54237;ivila;1,404;50;0;469;1
CLI6634;F;No;47;Si;Artista;+20annos;Bajo;1;1977;Generacion X;50183;Toledo;1,033;50;0;243;
CLI6635;M;No;22;No;Negocios/empresa;<10annos;Bajo;4;2002;Generacion Z;22808;Cordoba;1,616;30;0;380;3
CLI6636;F;No;31;Si;Otros;<10annos;Bajo;4;1993;Millennials;31024;Palencia;1,583;30;0;122;
CLI6637;F;No;36;No;Funcionario;10-20annos;Bajo;6;1988;Millennials;30792;Lugo;0,824;30;1;220;
CLI6638;F;No;54;Si;Artista;+20annos;Bajo;1;1970;Generacion X;31447;Gerona;1,209;30;0;353;0,5
CLI6639;M;No;47;;Artista;+20annos;Bajo;5;1977;Generacion X;43786;Cadiz;1,111;30;0;181;
CLI6640;F;No;44;Si;Funcionario;+20annos;Bajo;1;1980;Generacion X;127503;Huelva;1,1;50;0;558;4
CLI6641;F;No;23;No;Medico;<10annos;Bajo;3;2001;Generacion Z;17431;Almeri­a;2,961;30;0;310;0,5
CLI6642;F;Si;40;No;Ingeniero;10-20annos;Bajo;5;1984;Millennials;58739;Guipiºzcoa;1,606;30;0;526;4
CLI6643;M;Si;54;No;Medico;+20annos;Medio;3;1970;Generacion X;98129;La Corui±a;0,935;30;1;274;
CLI6644;F;Si;40;Si;Otros;10-20annos;Bajo;2;1984;Millennials;117650;Zamora;2,02;50;0;588;1
CLI6645;M;Si;62;Si;Artista;+20annos;Medio;2;1962;Generacion X;68786;Santa Cruz de Tenerife;1,561;50;0;451;3
CLI6646;F;No;45;;Servicios;+20annos;Bajo;1;1979;Generacion X;118894;Malaga;0,985;120;0;330;0,5
CLI6647;F;No;35;Si;Negocios/empresa;10-20annos;Bajo;1;1989;Millennials;25336;Zaragoza;1,399;30;1;155;
CLI6648;F;Si;53;Si;Artista;+20annos;Medio;2;1971;Generacion X;102330;Gerona;15,215;50;1;158;
CLI6649;F;Si;73;No;Servicios;+20annos;Alto;2;1951;Generacion X;69763;Badajoz;0,896;30;1;331;0,5
CLI6650;F;No;47;Si;Construccion;+20annos;Bajo;1;1977;Generacion X;112020;Leon;0,603;50;0;294;
CLI6651;M;Si;76;No;Otros;+20annos;Bajo;8;1948;Generacion X;94218;Alicante;1,658;30;1;393;3
CLI6652;F;No;30;Si;Funcionario;<10annos;Bajo;4;1994;Millennials;19111;Cadiz;2,02;30;1;361;0,5
CLI6653;F;Si;74;Si;Ingeniero;+20annos;Bajo;1;1950;Generacion X;44709;Ceuta;1,697;50;0;78;
CLI6654;F;Si;35;No;Ingeniero;10-20annos;Bajo;2;1989;Millennials;30633;Madrid;1,859;30;1;296;
CLI6655;F;;56;No;Artista;+20annos;Medio;3;1968;Generacion X;71391;Baleares;1,463;30;0;308;0,5
CLI6656;M;Si;47;No;Otros;+20annos;Medio;3;1977;Generacion X;89148;Albacete;0,72;30;1;259;
CLI6657;M;Si;40;No;Ingeniero;10-20annos;Medio;2;1984;Millennials;32440;Gerona;1,33;30;0;100;
CLI6658;M;Si;47;Si;Ejecutivo;+20annos;Alto;3;1977;Generacion X;103959;ilava;1,756;80;0;435;1
CLI6659;M;Si;40;Si;Artista;10-20annos;Medio;5;1984;Millennials;101700;La Rioja;0,962;30;1;126;
CLI6660;M;;25;No;Funcionario;<10annos;Bajo;4;1999;Generacion Z;20591;Soria;1,029;30;0;250;
CLI6661;M;Si;40;Si;Artista;10-20annos;Medio;2;1984;Millennials;126370;Segovia;1,491;50;0;450;3
CLI6662;F;No;25;No;Funcionario;<10annos;Bajo;3;1999;Generacion Z;18571;Jaen;2,547;30;0;506;4
CLI6663;F;Si;55;Si;Artista;+20annos;Medio;2;1969;Generacion X;126000;Sevilla;1,072;50;0;530;4
CLI6664;M;No;24;No;Funcionario;<10annos;Bajo;4;2000;Generacion Z;19849;Caceres;12,015;30;0;341;0,5
CLI6665;F;Si;68;Si;Artista;+20annos;Alto;3;1956;Generacion X;127362;Valencia;0,955;80;1;139;
CLI6666;F;Si;39;Si;Medico;10-20annos;Medio;3;1985;Millennials;21732;Sevilla;0,663;30;1;383;3
CLI6667;F;Si;57;Si;Artista;+20annos;Medio;2;1967;Generacion X;88007;La Rioja;0,974;50;0;199;
CLI6668;F;Si;75;Si;Servicios;+20annos;Medio;3;1949;Generacion X;58598;Navarra;1,561;80;0;419;3
CLI6669;M;No;51;Si;Artista;+20annos;Bajo;2;1973;Generacion X;65820;Tarragona;1,658;50;0;280;
CLI6670;F;No;31;Si;Funcionario;<10annos;Bajo;1;1993;Millennials;18363;Santa Cruz de Tenerife;1,79;30;1;201;
CLI6671;M;No;54;Si;Otros;+20annos;Bajo;1;1970;Generacion X;26882;La Rioja;1,091;30;1;236;
CLI6672;M;Si;41;Si;Artista;10-20annos;Medio;2;1983;Millennials;106802;Murcia;1,468;50;0;452;3
CLI6673;M;Si;58;Si;Artista;+20annos;Medio;2;1966;Generacion X;73313;Santa Cruz de Tenerife;0,759;50;0;56;
CLI6674;F;Si;77;No;Ingeniero;+20annos;Bajo;1;1947;Generacion X;75827;Segovia;1,482;120;1;368;3
CLI6675;F;No;47;Si;Artista;+20annos;Bajo;4;1977;Generacion X;94098;Valladolid;1,267;80;0;237;
CLI6676;M;Si;91;Si;Ejecutivo;+20annos;Alto;2;1933;Generacion Silenciosa;86934;Madrid;1,189;50;1;128;
CLI6677;F;No;28;Si;Otros;<10annos;Bajo;2;1996;Millennials;18468;Alicante;2,858;30;0;470;3
CLI6678;M;Si;50;Si;Artista;+20annos;Medio;4;1974;Generacion X;40382;Huelva;1,17;30;0;393;3
CLI6679;F;No;32;Si;Ingeniero;10-20annos;Bajo;1;1992;Millennials;30416;Badajoz;1,859;30;0;30;
CLI6680;M;Si;47;Si;Artista;+20annos;Medio;2;1977;Generacion X;107630;Zaragoza;1,737;50;0;215;
CLI6681;F;Si;72;Si;Servicios;+20annos;Bajo;1;1952;Generacion X;44369;Melilla;1,091;50;0;332;0,5
CLI6682;F;Si;51;Si;Artista;+20annos;Alto;4;1973;Generacion X;35724;Tarragona;0,935;30;0;32;
CLI6683;M;Si;65;Si;Artista;+20annos;Bajo;1;1959;Generacion X;21534;Las Palmas;0,994;30;0;473;3
CLI6684;F;No;33;Si;Funcionario;10-20annos;Bajo;2;1991;Millennials;19717;ilava;1,008;30;0;102;
CLI6685;M;Si;32;No;Funcionario;10-20annos;Bajo;2;1992;Millennials;27214;Soria;1,675;30;0;258;
CLI6686;M;Si;64;Si;Artista;+20annos;Bajo;1;1960;Generacion X;62363;Segovia;0,661;50;1;160;
CLI6687;M;Si;78;No;Artista;+20annos;Bajo;5;1946;Generacion X;55931;Teruel;0,74;30;0;177;
CLI6688;M;Si;58;No;Ejecutivo;+20annos;Bajo;5;1966;Generacion X;97527;Navarra;0,642;30;0;270;
CLI6689;M;;34;No;Funcionario;10-20annos;Bajo;3;1990;Millennials;28751;Baleares;1,928;30;0;559;4
CLI6690;M;Si;40;Si;Medico;10-20annos;Medio;4;1984;Millennials;47106;Cuenca;1,169;30;0;287;
CLI6691;M;No;36;No;Ingeniero;10-20annos;Bajo;4;1988;Millennials;19863;Jaen;1,675;30;0;420;3
CLI6692;M;No;35;Si;Ingeniero;10-20annos;Bajo;3;1989;Millennials;26963;Valladolid;1,951;30;0;410;3
CLI6693;M;Si;45;Si;Ingeniero;+20annos;Medio;5;1979;Generacion X;55756;Jaen;1,767;30;0;294;
CLI6694;F;No;54;Si;Otros;+20annos;Bajo;1;1970;Generacion X;93126;Lugo;0,661;50;0;426;3
CLI6695;M;Si;92;No;Servicios;+20annos;Alto;2;1932;Generacion Silenciosa;106685;Guipiºzcoa;1,658;120;0;452;3
CLI6696;M;Si;33;Si;Funcionario;10-20annos;Bajo;4;1991;Millennials;25423;Badajoz;1,491;30;0;451;3
CLI6697;M;No;29;No;Funcionario;<10annos;Bajo;4;1995;Millennials;29152;Badajoz;1,029;30;0;441;3
CLI6698;F;Si;45;Si;Artista;+20annos;Alto;3;1979;Generacion X;39879;Cadiz;1,744;30;0;280;
CLI6699;M;No;28;No;Funcionario;<10annos;Bajo;5;1996;Millennials;22709;Sevilla;1,961;30;0;189;
CLI6700;M;Si;29;Si;Funcionario;<10annos;Alto;3;1995;Millennials;23994;La Corui±a;1,685;30;1;194;
CLI6701;F;No;30;No;Medico;<10annos;Bajo;5;1994;Millennials;21101;Melilla;0,893;30;1;247;
CLI6702;M;Si;45;No;Ejecutivo;+20annos;Alto;3;1979;Generacion X;91331;Ciudad Real;1,974;30;1;353;0,5
CLI6703;F;Si;88;Si;Servicios;+20annos;Bajo;1;1936;Generacion Silenciosa;28339;Toledo;1,482;30;0;144;
CLI6704;F;Si;55;Si;Funcionario;+20annos;Bajo;3;1969;Generacion X;123923;ilava;0,896;80;0;311;0,5
CLI6705;F;No;31;Si;Funcionario;<10annos;Bajo;3;1993;Millennials;24421;Navarra;1,882;30;1;254;
CLI6706;F;Si;73;Si;Artista;+20annos;Bajo;2;1951;Generacion X;78611;Cuenca;0,974;50;0;588;4
CLI6707;M;Si;64;No;Ejecutivo;+20annos;Alto;5;1960;Generacion X;127736;Las Palmas;0,955;200;0;214;
CLI6708;F;No;46;Si;Medico;+20annos;Bajo;3;1978;Generacion X;104853;Huesca;1,541;80;0;247;
CLI6709;F;No;41;Si;Artista;10-20annos;Bajo;3;1983;Millennials;68533;Gerona;1,33;30;1;397;3
CLI6710;M;Si;54;Si;Artista;+20annos;Bajo;1;1970;Generacion X;127475;Alicante;1,737;50;0;120;
CLI6711;M;No;43;Si;Otros;+20annos;Bajo;2;1981;Millennials;96523;Burgos;1,675;50;0;211;
CLI6712;F;No;23;No;Funcionario;<10annos;Bajo;5;2001;Generacion Z;19562;Vizcaya;2,996;30;0;292;
CLI6713;M;Si;76;No;Servicios;+20annos;Bajo;3;1948;Generacion X;70937;ivila;1,15;30;0;318;0,5
CLI6714;F;Si;55;Si;Artista;+20annos;Alto;5;1969;Generacion X;65756;Huelva;1,6;30;1;270;
CLI6715;M;Si;41;Si;Otros;10-20annos;Medio;2;1983;Millennials;54554;Burgos;1,951;50;0;598;4
CLI6716;M;Si;67;No;Otros;+20annos;Bajo;2;1957;Generacion X;111862;Teruel;1,482;120;1;317;0,5
CLI6717;M;Si;57;Si;Ejecutivo;+20annos;Alto;4;1967;Generacion X;91026;Gerona;1,091;80;0;93;
CLI6718;F;No;25;No;Funcionario;<10annos;Bajo;4;1999;Generacion Z;19341;Jaen;12,705;30;1;345;0,5
CLI6719;M;Si;39;Si;Artista;10-20annos;Medio;3;1985;Millennials;19558;Soria;1,537;30;0;194;
CLI6720;F;Si;54;Si;Artista;+20annos;Alto;4;1970;Generacion X;78438;Palencia;1,033;80;0;489;3
CLI6721;F;No;30;Si;Ingeniero;<10annos;Bajo;7;1994;Millennials;26170;Orense;1,284;30;0;553;4
CLI6722;M;No;47;Si;Artista;+20annos;Bajo;2;1977;Generacion X;69718;Segovia;1,756;50;0;545;1
CLI6723;F;No;39;No;Otros;10-20annos;Bajo;1;1985;Millennials;31209;Alicante;1,56;30;0;297;
CLI6724;F;Si;57;No;Ejecutivo;+20annos;Bajo;1;1967;Generacion X;113164;Guadalajara;0,974;120;0;514;4
CLI6725;M;Si;34;No;Medico;10-20annos;Medio;2;1990;Millennials;28193;Vizcaya;1,721;30;0;206;
CLI6726;F;No;47;Si;Medico;+20annos;Bajo;1;1977;Generacion X;52821;Gerona;1,678;50;0;396;1
CLI6727;M;Si;53;Si;Ejecutivo;+20annos;Alto;4;1971;Generacion X;95491;Lugo;1,306;80;1;378;3
CLI6728;F;Si;41;Si;Servicios;10-20annos;Bajo;3;1983;Millennials;112233;Huelva;1,491;30;1;266;
CLI6729;M;No;29;No;Artista;<10annos;Bajo;5;1995;Millennials;24433;Santa Cruz de Tenerife;14,085;30;0;537;4
CLI6730;F;No;54;Si;Artista;+20annos;Bajo;2;1970;Generacion X;45105;La Corui±a;1,091;50;1;159;
CLI6731;M;No;41;Si;Otros;10-20annos;Bajo;1;1983;Millennials;98066;Toledo;1,882;50;0;435;1
CLI6732;M;No;33;No;Ejecutivo;10-20annos;Bajo;4;1991;Millennials;22180;Toledo;1,468;30;1;201;
CLI6733;M;No;47;No;Otros;+20annos;Bajo;1;1977;Generacion X;76239;Orense;1,346;120;1;159;
CLI6734;F;No;46;Si;Artista;+20annos;Bajo;3;1978;Generacion X;122684;Lugo;1,385;80;1;390;3
CLI6735;M;Si;66;Si;Artista;+20annos;Medio;2;1958;Generacion X;92036;Granada;1,346;50;0;51;
CLI6736;M;Si;78;No;Ejecutivo;+20annos;Alto;1;1946;Generacion X;73567;Zaragoza;0,7;30;1;176;
CLI6737;F;No;25;No;Funcionario;<10annos;Bajo;7;1999;Generacion Z;18715;Santa Cruz de Tenerife;2,513;30;0;218;
CLI6738;M;Si;89;Si;Servicios;+20annos;Bajo;1;1935;Generacion Silenciosa;67417;Gerona;0,837;50;1;135;
CLI6739;F;Si;50;Si;Ingeniero;+20annos;Bajo;1;1974;Generacion X;87749;Valencia;1,013;50;1;217;
CLI6740;M;No;36;Si;Artista;10-20annos;Bajo;2;1988;Millennials;29932;Malaga;1,422;30;0;88;
CLI6741;M;No;28;No;Otros;<10annos;Bajo;2;1996;Millennials;23806;Zaragoza;1,305;30;0;524;4
CLI6742;M;Si;42;No;Ejecutivo;+20annos;Medio;5;1982;Millennials;32239;Guipiºzcoa;1,997;30;0;180;
CLI6743;M;Si;28;Si;Ejecutivo;<10annos;Alto;2;1996;Millennials;26517;Lugo;1,167;30;0;461;3
CLI6744;M;Si;68;Si;Artista;+20annos;Alto;2;1956;Generacion X;47141;Segovia;1,541;50;1;389;3
CLI6745;M;Si;50;Si;Artista;+20annos;Bajo;4;1974;Generacion X;31107;Madrid;1,267;30;0;128;
CLI6746;F;No;69;Si;Artista;+20annos;Bajo;2;1955;Generacion X;76701;Toledo;1,424;50;0;526;1
CLI6747;F;Si;43;Si;Artista;+20annos;Alto;2;1981;Millennials;98473;Palencia;1,192;50;1;229;
CLI6748;F;No;28;No;Ingeniero;<10annos;Bajo;1;1996;Millennials;29864;Albacete;2,133;30;0;81;
CLI6749;F;No;74;Si;Artista;+20annos;Bajo;1;1950;Generacion X;47543;ivila;0,779;50;0;399;3
CLI6750;M;Si;89;Si;Otros;+20annos;Bajo;1;1935;Generacion Silenciosa;52817;Soria;0,622;50;0;532;4
CLI6751;M;No;34;Si;Artista;10-20annos;Bajo;4;1990;Millennials;21738;Santa Cruz de Tenerife;1,192;30;1;322;0,5
CLI6752;M;No;24;No;Funcionario;<10annos;Bajo;4;2000;Generacion Z;23185;Almeri­a;3,065;30;0;246;
CLI6753;F;Si;80;;Servicios;+20annos;Alto;2;1944;Generacion Silenciosa;44578;Melilla;0,818;30;0;94;
CLI6754;F;No;36;No;Ingeniero;10-20annos;Bajo;2;1988;Millennials;24348;Segovia;1,077;30;1;333;0,5
CLI6755;F;Si;46;No;Artista;+20annos;Alto;5;1978;Generacion X;34729;Malaga;0,955;30;0;55;
CLI6756;M;Si;77;Si;Servicios;+20annos;Bajo;1;1947;Generacion X;25749;Leon;1,404;30;0;97;
CLI6757;M;Si;28;No;Ejecutivo;<10annos;Alto;8;1996;Millennials;28763;Barcelona;2,34;30;0;194;
CLI6758;M;Si;73;Si;Artista;+20annos;Medio;2;1951;Generacion X;43183;Melilla;0,564;50;0;302;0,5
CLI6759;F;Si;45;Si;Artista;+20annos;Alto;2;1979;Generacion X;67530;Ciudad Real;0,847;50;0;60;
CLI6760;F;Si;44;Si;Artista;+20annos;Bajo;1;1980;Generacion X;66736;Albacete;1,79;50;0;195;
CLI6761;F;Si;55;Si;Artista;+20annos;Medio;2;1969;Generacion X;100480;Toledo;0,915;50;0;530;4
CLI6762;F;;40;Si;Otros;10-20annos;Bajo;1;1984;Millennials;83499;ivila;1,744;50;0;135;
CLI6763;F;No;34;No;Otros;10-20annos;Bajo;4;1990;Millennials;28441;Caceres;1,537;30;0;579;4
CLI6764;F;Si;69;Si;Artista;+20annos;Medio;2;1955;Generacion X;113723;Melilla;1,228;50;0;268;
CLI6765;M;Si;63;No;Ejecutivo;+20annos;Alto;4;1961;Generacion X;113217;Cordoba;0,779;30;0;344;0,5
CLI6766;F;No;44;Si;Artista;+20annos;Bajo;1;1980;Generacion X;85923;Guadalajara;2,02;50;0;366;1
CLI6767;M;Si;43;No;Ejecutivo;+20annos;Alto;4;1981;Millennials;81013;Castellon;0,939;30;1;339;0,5
CLI6768;F;Si;50;Si;Artista;+20annos;Alto;3;1974;Generacion X;90922;Barcelona;0,759;80;0;203;
CLI6769;F;No;35;No;Funcionario;10-20annos;Bajo;1;1989;Millennials;23340;Jaen;1,997;30;1;318;0,5
CLI6770;M;No;28;Si;Funcionario;<10annos;Bajo;3;1996;Millennials;26485;La Rioja;2,927;30;0;381;3
CLI6771;F;No;24;No;Funcionario;<10annos;Bajo;4;2000;Generacion Z;12866;Tarragona;1,892;30;1;359;0,5
CLI6772;F;No;42;Si;Artista;+20annos;Bajo;3;1982;Millennials;48694;LLeida;1,422;30;1;269;
CLI6773;M;Si;41;Si;Artista;10-20annos;Medio;2;1983;Millennials;102308;Malaga;1,652;50;0;429;3
CLI6774;M;Si;86;No;Servicios;+20annos;Alto;2;1938;Generacion Silenciosa;34229;Malaga;0,622;30;1;246;
CLI6775;F;Si;41;Si;Artista;10-20annos;Medio;2;1983;Millennials;74967;Melilla;1,698;50;0;361;0,5
CLI6776;M;Si;47;Si;Funcionario;+20annos;Medio;2;1977;Generacion X;72617;Pontevedra;0,857;50;0;468;3
CLI6777;M;No;25;No;Funcionario;<10annos;Bajo;4;1999;Generacion Z;20873;Cordoba;2,202;30;0;45;
CLI6778;M;No;47;No;Artista;+20annos;Bajo;1;1977;Generacion X;101914;Zaragoza;1,346;120;0;146;
CLI6779;M;Si;47;Si;Artista;+20annos;Medio;2;1977;Generacion X;41290;Valladolid;1,6;50;0;238;
CLI6780;M;Si;78;No;Servicios;+20annos;Alto;2;1946;Generacion X;108979;Palencia;0,935;120;0;59;
CLI6781;F;Si;42;Si;Artista;+20annos;Bajo;1;1982;Millennials;42146;Badajoz;0,824;50;1;309;0,5
CLI6782;F;;22;No;Construccion;<10annos;Bajo;1;2002;Generacion Z;16022;ilava;1,547;30;0;347;0,5
CLI6783;F;No;30;Si;Funcionario;<10annos;Bajo;1;1994;Millennials;29787;Soria;1,859;30;0;114;
CLI6784;M;Si;53;Si;Ejecutivo;+20annos;Alto;4;1971;Generacion X;59908;Navarra;1,737;80;0;149;
CLI6785;F;No;39;Si;Ingeniero;10-20annos;Bajo;2;1985;Millennials;22013;Cordoba;0,801;30;0;394;3
CLI6786;M;Si;58;Si;Artista;+20annos;Medio;3;1966;Generacion X;22433;Jaen;11,305;30;1;159;
CLI6787;F;Si;45;No;Ingeniero;+20annos;Bajo;2;1979;Generacion X;35605;Valencia;1,261;30;0;121;
CLI6788;F;No;31;Si;Negocios/empresa;<10annos;Bajo;2;1993;Millennials;30023;Navarra;0,962;30;0;400;3
CLI6789;M;No;24;No;Funcionario;<10annos;Bajo;6;2000;Generacion Z;21811;Murcia;12,015;30;0;82;
CLI6790;M;No;30;Si;Funcionario;<10annos;Bajo;3;1994;Millennials;30603;Valencia;1,054;30;0;206;
CLI6791;F;Si;47;Si;Artista;+20annos;Medio;2;1977;Generacion X;49990;Toledo;1,561;50;0;343;0,5
CLI6792;M;Si;75;Si;Servicios;+20annos;Alto;2;1949;Generacion X;52501;Melilla;1,717;50;1;265;
CLI6793;M;Si;31;No;Medico;<10annos;Medio;2;1993;Millennials;26798;Valencia;1,629;30;1;359;0,5
CLI6794;F;Si;53;Si;Medico;+20annos;Medio;6;1971;Generacion X;108207;Albacete;1,717;30;0;460;3
CLI6795;M;Si;46;Si;Artista;+20annos;Bajo;2;1978;Generacion X;32161;Valencia;1,443;30;0;53;
CLI6796;F;No;42;Si;Funcionario;+20annos;Bajo;4;1982;Millennials;79293;Badajoz;0,686;30;0;134;
CLI6797;F;No;46;Si;Ingeniero;+20annos;Bajo;3;1978;Generacion X;69293;Guadalajara;1,424;80;1;388;3
CLI6798;M;No;47;Si;Otros;+20annos;Bajo;2;1977;Generacion X;108354;La Corui±a;0,915;50;0;151;
CLI6799;F;Si;51;Si;Artista;+20annos;Medio;2;1973;Generacion X;99351;Zaragoza;0,798;50;0;524;4
CLI6800;F;No;47;Si;Ingeniero;+20annos;Bajo;2;1977;Generacion X;22732;Melilla;0,779;30;0;132;
CLI6801;F;No;31;Si;Funcionario;<10annos;Bajo;6;1993;Millennials;24072;Jaen;0,847;30;0;197;
CLI6802;F;Si;53;Si;Ingeniero;+20annos;Medio;4;1971;Generacion X;41576;Caceres;0,7;30;0;125;
CLI6803;M;Si;90;No;Servicios;+20annos;Alto;2;1934;Generacion Silenciosa;108550;Zaragoza;1,306;120;0;68;
CLI6804;M;Si;54;Si;Artista;+20annos;Bajo;2;1970;Generacion X;52515;Almeri­a;1,365;50;0;136;
CLI6805;F;Si;45;Si;Artista;+20annos;Medio;2;1979;Generacion X;52047;Palencia;1,169;50;1;159;
CLI6806;M;Si;73;Si;Otros;+20annos;Medio;2;1951;Generacion X;56772;Gerona;0,915;50;1;340;0,5
CLI6807;M;No;24;No;Funcionario;<10annos;Bajo;5;2000;Generacion Z;22646;Gerona;1,857;30;1;170;
CLI6808;F;No;34;Si;Funcionario;10-20annos;Bajo;3;1990;Millennials;20972;Granada;0,87;30;0;158;
CLI6809;F;Si;54;Si;Artista;+20annos;Alto;5;1970;Generacion X;126295;Granada;0,779;200;1;138;
CLI6810;M;Si;85;No;Servicios;+20annos;Alto;2;1939;Generacion Silenciosa;49739;La Rioja;1,209;30;1;186;
CLI6811;M;No;45;Si;Otros;+20annos;Bajo;2;1979;Generacion X;103008;Ciudad Real;1,951;50;0;456;1
CLI6812;M;Si;86;No;Otros;+20annos;Bajo;1;1938;Generacion Silenciosa;111937;Melilla;1,756;120;0;120;
CLI6813;M;No;45;Si;Artista;+20annos;Bajo;1;1979;Generacion X;35820;Castellon;1,238;50;0;54;
CLI6814;F;Si;43;Si;Artista;+20annos;Medio;2;1981;Millennials;125840;Cuenca;2,066;50;0;526;4
CLI6815;M;Si;55;Si;Ejecutivo;+20annos;Alto;3;1969;Generacion X;60693;Sevilla;1,052;80;0;469;3
CLI6816;M;Si;39;Si;Artista;10-20annos;Medio;2;1985;Millennials;29937;Segovia;1,997;30;0;564;4
CLI6817;F;Si;57;Si;Medico;+20annos;Medio;3;1967;Generacion X;59335;Badajoz;1,619;80;1;264;
CLI6818;F;No;39;No;Servicios;10-20annos;Bajo;1;1985;Millennials;19259;Huesca;1,031;30;1;290;
CLI6819;F;Si;55;Si;Ingeniero;+20annos;Medio;4;1969;Generacion X;42205;Gerona;0,915;30;0;400;3
CLI6820;M;Si;57;No;Ingeniero;+20annos;Bajo;1;1967;Generacion X;108255;La Rioja;1,248;120;1;314;0,5
CLI6821;M;Si;69;No;Funcionario;+20annos;Medio;4;1955;Generacion X;50628;Santa Cruz de Tenerife;1,033;30;0;302;0,5
CLI6822;F;Si;52;Si;Artista;+20annos;Bajo;3;1972;Generacion X;66731;Ceuta;15,215;80;0;234;
CLI6823;F;Si;45;Si;Construccion;+20annos;Medio;4;1979;Generacion X;49745;Zaragoza;0,663;30;0;414;3
CLI6824;F;No;42;No;Artista;+20annos;Bajo;2;1982;Millennials;30109;Castellon;2,02;30;1;305;0,5
CLI6825;M;No;35;No;Medico;10-20annos;Bajo;2;1989;Millennials;28409;Teruel;2,043;30;0;352;0,5
CLI6826;M;No;34;No;Funcionario;10-20annos;Bajo;6;1990;Millennials;22606;Guadalajara;1,491;30;0;272;
CLI6827;M;Si;40;No;Ejecutivo;10-20annos;Alto;3;1984;Millennials;77383;Cordoba;1,123;30;0;102;
CLI6828;M;Si;74;Si;Artista;+20annos;Bajo;1;1950;Generacion X;29097;Valladolid;0,818;30;0;406;3
CLI6829;M;No;45;Si;Otros;+20annos;Bajo;1;1979;Generacion X;51000;Murcia;1,744;50;0;245;
CLI6830;M;Si;58;Si;Otros;+20annos;Medio;4;1966;Generacion X;102005;Caceres;1,502;80;1;131;
CLI6831;M;Si;56;Si;Artista;+20annos;Bajo;1;1968;Generacion X;126631;ivila;1,639;50;0;449;1
CLI6832;M;Si;62;No;Ejecutivo;+20annos;Bajo;2;1962;Generacion X;126925;Leon;1,267;120;0;288;
CLI6833;F;Si;50;Si;Artista;+20annos;Alto;1;1974;Generacion X;108502;Sevilla;1,052;50;0;379;3
CLI6834;M;Si;79;Si;Ejecutivo;+20annos;Alto;4;1945;Generacion Silenciosa;61271;Barcelona;1,482;80;1;307;0,5
CLI6835;F;Si;46;Si;Artista;+20annos;Medio;2;1978;Generacion X;96195;Leon;1,306;50;1;245;
CLI6836;F;Si;29;No;Construccion;<10annos;Medio;2;1995;Millennials;18770;Cuenca;2,133;30;0;30;
CLI6837;F;No;32;No;Otros;10-20annos;Bajo;1;1992;Millennials;19826;ivila;0,939;30;0;253;
CLI6838;M;No;41;Si;Otros;10-20annos;Bajo;2;1983;Millennials;116752;ilava;0,755;50;0;520;4
CLI6839;M;No;20;No;Funcionario;<10annos;Bajo;4;2004;Generacion Z;16285;Huelva;2,03;30;0;206;
CLI6840;F;;34;Si;Medico;10-20annos;Bajo;3;1990;Millennials;21105;Santa Cruz de Tenerife;2,043;30;1;197;
CLI6841;M;No;32;No;Negocios/empresa;10-20annos;Bajo;7;1992;Millennials;22100;Guipiºzcoa;1,767;30;0;413;3
CLI6842;F;No;77;Si;Servicios;+20annos;Bajo;1;1947;Generacion X;80942;Toledo;1,346;50;0;204;
CLI6843;F;No;21;No;Funcionario;<10annos;Bajo;5;2003;Generacion Z;22565;Caceres;11,325;30;0;327;0,5
CLI6844;M;Si;51;Si;Artista;+20annos;Medio;2;1973;Generacion X;67263;Albacete;1,482;50;0;426;3
CLI6845;M;Si;58;No;Ejecutivo;+20annos;Alto;4;1966;Generacion X;99290;Castellon;0,622;30;1;383;3
CLI6846;F;Si;55;Si;Artista;+20annos;Bajo;1;1969;Generacion X;43485;Valladolid;1,443;50;1;264;
CLI6847;F;Si;47;Si;Artista;+20annos;Medio;3;1977;Generacion X;94021;Guadalajara;1,678;80;0;329;0,5
CLI6848;F;No;25;No;Funcionario;<10annos;Bajo;4;1999;Generacion Z;21841;LLeida;1,374;30;0;463;3
CLI6849;F;Si;67;Si;Artista;+20annos;Medio;2;1957;Generacion X;69446;Valladolid;0,74;50;0;281;
CLI6850;M;Si;30;Si;Medico;<10annos;Medio;2;1994;Millennials;20072;Castellon;1,353;30;1;282;
CLI6851;F;Si;69;Si;Servicios;+20annos;Medio;3;1955;Generacion X;67624;Las Palmas;1,365;80;0;30;
CLI6852;F;Si;91;Si;Servicios;+20annos;Bajo;1;1933;Generacion Silenciosa;121081;Melilla;1,072;50;1;188;
CLI6853;M;Si;35;Si;Funcionario;10-20annos;Bajo;2;1989;Millennials;31224;Huelva;0,962;30;0;513;4
CLI6854;M;Si;64;Si;Artista;+20annos;Medio;5;1960;Generacion X;36103;Teruel;1,6;30;1;138;
CLI6855;M;Si;74;Si;Medico;+20annos;Medio;3;1950;Generacion X;42883;Badajoz;1,717;30;0;540;4
CLI6856;F;No;21;No;Funcionario;<10annos;Bajo;5;2003;Generacion Z;18935;Cordoba;2,306;30;0;142;
CLI6857;M;Si;97;Si;Servicios;+20annos;Alto;2;1927;Generacion Silenciosa;91393;Zaragoza;1,111;50;1;268;
CLI6858;M;Si;39;Si;Artista;10-20annos;Bajo;2;1985;Millennials;27584;Huelva;1,905;30;0;547;1
CLI6859;M;Si;50;Si;Artista;+20annos;Medio;4;1974;Generacion X;123651;Gerona;1,58;80;0;207;
CLI6860;F;Si;39;Si;Artista;10-20annos;Medio;4;1985;Millennials;27121;Cadiz;2,043;30;0;121;
CLI6861;F;Si;30;No;Funcionario;<10annos;Bajo;2;1994;Millennials;28503;Valencia;1,284;30;0;400;3
CLI6862;M;Si;39;Si;Ejecutivo;10-20annos;Alto;3;1985;Millennials;31638;Orense;1,376;30;0;320;0,5
CLI6863;F;No;22;No;Funcionario;<10annos;Bajo;3;2002;Generacion Z;20564;Guadalajara;1,926;30;0;263;
CLI6864;M;Si;45;No;Otros;+20annos;Medio;3;1979;Generacion X;71962;Melilla;1,79;30;0;224;
CLI6865;F;No;36;No;Funcionario;10-20annos;Bajo;6;1988;Millennials;30034;La Corui±a;1,997;30;0;194;
CLI6866;M;Si;64;Si;Artista;+20annos;Bajo;1;1960;Generacion X;70221;Teruel;1,189;50;0;164;
CLI6867;M;Si;95;No;Ejecutivo;+20annos;Alto;2;1929;Generacion Silenciosa;65464;Gerona;1,248;30;1;112;
CLI6868;M;Si;67;No;Ingeniero;+20annos;Medio;5;1957;Generacion X;122252;Castellon;0,915;200;0;554;4
CLI6869;M;No;35;Si;Artista;10-20annos;Bajo;3;1989;Millennials;21803;Soria;0,893;30;0;567;4
CLI6870;M;No;22;No;Funcionario;<10annos;Bajo;3;2002;Generacion Z;17508;Valladolid;2,754;30;1;278;
CLI6871;M;No;35;No;Artista;10-20annos;Bajo;4;1989;Millennials;21136;Lugo;1,146;30;0;165;
CLI6872;F;Si;76;No;Artista;+20annos;Alto;2;1948;Generacion X;38745;Gerona;1,58;30;0;423;3
CLI6873;F;No;39;Si;Otros;10-20annos;Bajo;4;1985;Millennials;24469;Santa Cruz de Tenerife;1,1;30;0;414;3
CLI6874;F;No;79;Si;Servicios;+20annos;Bajo;2;1945;Generacion Silenciosa;43380;Teruel;1,737;50;0;328;0,5
CLI6875;F;Si;41;Si;Artista;10-20annos;Bajo;1;1983;Millennials;59614;Huelva;1,537;50;1;335;0,5
CLI6876;M;No;24;No;Funcionario;<10annos;Bajo;1;2000;Generacion Z;16552;La Corui±a;2,582;30;0;389;3
CLI6877;F;No;28;No;Funcionario;<10annos;Bajo;1;1996;Millennials;26374;Malaga;2,202;30;0;424;3
CLI6878;M;No;36;Si;Funcionario;10-20annos;Bajo;1;1988;Millennials;21711;Vizcaya;0,686;30;1;116;
CLI6879;M;Si;44;No;Ejecutivo;+20annos;Medio;4;1980;Generacion X;44273;Gerona;1,169;30;0;94;
CLI6880;F;Si;61;Si;Artista;+20annos;Bajo;2;1963;Generacion X;127297;Malaga;1,287;50;1;286;
CLI6881;M;Si;25;No;Ejecutivo;<10annos;Alto;9;1999;Generacion Z;27323;Baleares;2,892;30;0;472;3
CLI6882;F;Si;56;No;Medico;+20annos;Alto;1;1968;Generacion X;110905;Guadalajara;1,267;120;0;124;
CLI6883;M;Si;76;No;Medico;+20annos;Medio;3;1948;Generacion X;110507;Santa Cruz de Tenerife;0,583;30;1;298;
CLI6884;F;Si;80;No;Servicios;+20annos;Alto;2;1944;Generacion Silenciosa;118459;Badajoz;1,6;120;0;80;
CLI6885;F;;79;Si;Servicios;+20annos;Alto;1;1945;Generacion Silenciosa;41477;Guipiºzcoa;1,58;50;1;267;
CLI6886;F;No;22;No;Negocios/empresa;<10annos;Bajo;3;2002;Generacion Z;23192;Soria;1,029;30;1;241;
CLI6887;F;No;58;Si;Artista;+20annos;Bajo;1;1966;Generacion X;43998;Las Palmas;1,111;50;0;476;3
CLI6888;F;Si;51;Si;Artista;+20annos;Medio;4;1973;Generacion X;111867;Ceuta;1,619;80;0;249;
CLI6889;F;Si;58;Si;Ingeniero;+20annos;Bajo;4;1966;Generacion X;66002;Baleares;1,209;80;0;235;
CLI6890;M;Si;58;No;Ejecutivo;+20annos;Medio;5;1966;Generacion X;58833;Huesca;1,17;30;0;161;
CLI6891;M;Si;55;No;Ejecutivo;+20annos;Alto;4;1969;Generacion X;86870;Ciudad Real;1,58;30;1;259;
CLI6892;F;Si;73;Si;Artista;+20annos;Medio;3;1951;Generacion X;63015;Lugo;0,74;80;0;468;3
CLI6893;F;Si;95;Si;Servicios;+20annos;Bajo;2;1929;Generacion Silenciosa;50664;Albacete;1,17;50;0;133;
CLI6894;F;No;30;Si;Medico;<10annos;Bajo;1;1994;Millennials;24503;Baleares;1,652;30;1;372;3
CLI6895;F;No;46;Si;Artista;+20annos;Bajo;1;1978;Generacion X;37836;Palencia;1,756;50;0;462;1
CLI6896;M;No;36;No;Negocios/empresa;10-20annos;Bajo;9;1988;Millennials;21586;Zaragoza;1,238;30;0;395;3
CLI6897;M;Si;90;No;Ejecutivo;+20annos;Alto;2;1934;Generacion Silenciosa;91404;Pontevedra;1,287;120;0;238;
CLI6898;M;Si;29;No;Otros;<10annos;Bajo;2;1995;Millennials;31944;Valladolid;1,098;30;0;543;4
CLI6899;M;Si;42;Si;Ingeniero;+20annos;Medio;4;1982;Millennials;105377;Salamanca;1,491;30;0;305;0,5
CLI6900;F;No;35;Si;Artista;10-20annos;Bajo;7;1989;Millennials;25050;Salamanca;1,744;30;0;450;3
CLI6901;M;No;22;No;Funcionario;<10annos;Bajo;5;2002;Generacion Z;21145;Jaen;14,775;30;1;157;
CLI6902;M;No;30;No;Otros;<10annos;Bajo;3;1994;Millennials;23733;Cadiz;1,767;30;0;492;3
CLI6903;M;No;24;No;Funcionario;<10annos;Bajo;4;2000;Generacion Z;15165;Santa Cruz de Tenerife;1,374;30;0;363;0,5
CLI6904;M;Si;88;Si;Servicios;+20annos;Alto;3;1936;Generacion Silenciosa;109087;La Rioja;1,091;80;0;495;3
CLI6905;F;Si;35;Si;Artista;10-20annos;Alto;3;1989;Millennials;22564;Sevilla;0,686;30;0;59;
CLI6906;M;Si;85;Si;Servicios;+20annos;Bajo;1;1939;Generacion Silenciosa;90264;ivila;1,111;50;1;206;
CLI6907;M;No;24;No;Funcionario;<10annos;Bajo;2;2000;Generacion Z;14629;Baleares;2,754;30;0;263;
CLI6908;F;Si;35;Si;Funcionario;10-20annos;Bajo;2;1989;Millennials;19760;Valencia;0,801;30;0;340;0,5
CLI6909;M;Si;52;Si;Ejecutivo;+20annos;Bajo;1;1972;Generacion X;80272;Almeri­a;1,619;50;0;326;0,5
CLI6910;M;Si;54;Si;Otros;+20annos;Medio;2;1970;Generacion X;81220;Cuenca;0,681;50;0;406;3
CLI6911;M;Si;61;Si;Ejecutivo;+20annos;Alto;9;1963;Generacion X;120931;ivila;0,583;200;0;476;3
CLI6912;M;No;31;Si;Otros;<10annos;Bajo;2;1993;Millennials;30924;La Rioja;1,974;30;0;493;3
CLI6913;M;Si;65;Si;Artista;+20annos;Bajo;1;1959;Generacion X;59797;Madrid;0,7;50;1;183;
CLI6914;F;Si;46;No;Medico;+20annos;Bajo;1;1978;Generacion X;126286;Pontevedra;1,091;120;0;235;
CLI6915;F;No;41;Si;Artista;10-20annos;Bajo;1;1983;Millennials;41741;Albacete;1,997;50;0;343;0,5
CLI6916;F;No;22;No;Funcionario;<10annos;Bajo;3;2002;Generacion Z;16532;Ciudad Real;1,512;30;0;556;4
CLI6917;M;Si;47;Si;Negocios/empresa;+20annos;Alto;6;1977;Generacion X;51794;Zamora;1,463;30;0;173;
CLI6918;F;Si;80;Si;Medico;+20annos;Bajo;1;1944;Generacion Silenciosa;103320;Orense;1,658;50;0;257;
CLI6919;F;No;51;No;Ingeniero;+20annos;Bajo;3;1973;Generacion X;32179;Granada;0,603;30;0;462;3
CLI6920;M;Si;31;No;Medico;<10annos;Medio;2;1993;Millennials;19578;Almeri­a;2,02;30;0;324;0,5
CLI6921;F;Si;39;Si;Otros;10-20annos;Medio;2;1985;Millennials;21479;Leon;0,663;30;0;209;
CLI6922;F;Si;53;Si;Artista;+20annos;Alto;3;1971;Generacion X;97817;Guadalajara;0,798;80;0;103;
CLI6923;F;No;35;Si;Artista;10-20annos;Bajo;3;1989;Millennials;21925;Soria;0,939;30;1;347;0,5
CLI6924;M;Si;73;Si;Ejecutivo;+20annos;Medio;2;1951;Generacion X;125522;La Corui±a;1,091;50;1;372;3
CLI6925;F;Si;52;Si;Artista;+20annos;Alto;2;1972;Generacion X;45314;LLeida;1,717;50;0;427;1
CLI6926;M;Si;31;Si;Funcionario;<10annos;Bajo;2;1993;Millennials;27805;Valencia;0,847;30;0;350;0,5
CLI6927;F;Si;39;Si;Artista;10-20annos;Medio;2;1985;Millennials;18461;Alicante;1,537;30;1;110;
CLI6928;F;Si;83;Si;Servicios;+20annos;Alto;2;1941;Generacion Silenciosa;127986;Cadiz;0,74;50;0;513;4
CLI6929;M;Si;53;Si;Ejecutivo;+20annos;Alto;3;1971;Generacion X;48307;Pontevedra;1,717;30;0;75;
CLI6930;M;No;45;Si;Otros;+20annos;Bajo;4;1979;Generacion X;71749;Granada;0,824;30;0;505;4
CLI6931;F;No;28;No;Medico;<10annos;Bajo;3;1996;Millennials;27451;Lugo;1,926;30;1;384;3
CLI6932;F;Si;57;No;Medico;+20annos;Medio;3;1967;Generacion X;114443;Jaen;0,583;30;0;262;
CLI6933;M;Si;64;Si;Medico;+20annos;Medio;2;1960;Generacion X;89926;Albacete;0,857;50;1;153;
CLI6934;F;No;29;No;Funcionario;<10annos;Bajo;1;1995;Millennials;24218;La Corui±a;2,306;30;0;565;4
CLI6935;F;No;54;Si;Artista;+20annos;Bajo;3;1970;Generacion X;114689;Cuenca;1,658;80;0;238;
CLI6936;M;No;31;Si;Negocios/empresa;<10annos;Bajo;5;1993;Millennials;29529;Las Palmas;1,629;30;1;260;
CLI6937;M;No;58;Si;Artista;+20annos;Bajo;1;1966;Generacion X;74802;Valencia;1,424;50;0;351;0,5
CLI6938;F;No;30;Si;Medico;<10annos;Bajo;4;1994;Millennials;23741;Melilla;1,215;30;1;373;3
CLI6939;F;No;36;Si;Otros;10-20annos;Bajo;4;1988;Millennials;29074;Malaga;1,698;30;0;94;
CLI6940;F;Si;98;Si;Servicios;+20annos;Alto;2;1926;Generacion Silenciosa;112934;Melilla;1,756;50;0;513;1
CLI6941;F;No;44;Si;Artista;+20annos;Bajo;1;1980;Generacion X;46166;Barcelona;1,445;50;0;544;1
CLI6942;M;Si;52;No;Ejecutivo;+20annos;Alto;4;1972;Generacion X;92458;Huesca;0,955;30;1;302;0,5
CLI6943;M;No;30;No;Funcionario;<10annos;Bajo;5;1994;Millennials;25259;Madrid;0,732;30;0;35;
CLI6944;M;Si;41;Si;Ejecutivo;10-20annos;Bajo;6;1983;Millennials;57911;Tarragona;1,537;30;0;574;1
CLI6945;M;Si;62;No;Servicios;+20annos;Alto;3;1962;Generacion X;109985;LLeida;0,642;30;0;594;4
CLI6946;M;Si;53;Si;Ejecutivo;+20annos;Alto;5;1971;Generacion X;89000;Barcelona;1,561;30;0;468;1
CLI6947;F;No;35;Si;Ingeniero;10-20annos;Bajo;1;1989;Millennials;29643;Caceres;0,686;30;0;421;3
CLI6948;M;Si;43;Si;Medico;+20annos;Medio;3;1981;Millennials;90287;Salamanca;1,445;30;0;230;
CLI6949;M;Si;43;Si;Artista;+20annos;Medio;4;1981;Millennials;56898;Tarragona;1,169;30;0;596;4
CLI6950;F;No;43;Si;Artista;+20annos;Bajo;1;1981;Millennials;121021;Melilla;0,985;50;0;476;3
CLI6951;M;Si;66;No;Artista;+20annos;Alto;4;1958;Generacion X;39679;Badajoz;0,74;30;1;332;0,5
CLI6952;F;No;36;Si;Ingeniero;10-20annos;Bajo;2;1988;Millennials;23805;Baleares;0,709;30;0;468;3
CLI6953;F;Si;55;No;Artista;+20annos;Medio;4;1969;Generacion X;22799;Pontevedra;1,111;30;0;49;
CLI6954;M;Si;64;Si;Otros;+20annos;Bajo;2;1960;Generacion X;121799;Caceres;1,326;50;0;457;1
CLI6955;F;No;22;No;Otros;<10annos;Bajo;4;2002;Generacion Z;15213;Cuenca;1,374;30;0;385;3
CLI6956;M;No;32;Si;Funcionario;10-20annos;Bajo;4;1992;Millennials;23583;Valencia;2,066;30;0;196;
CLI6957;F;No;41;No;Ingeniero;10-20annos;Bajo;1;1983;Millennials;88844;Orense;1,606;120;0;584;4
CLI6958;M;Si;28;Si;Medico;<10annos;Bajo;2;1996;Millennials;24895;Cuenca;1,581;30;1;337;0,5
CLI6959;M;Si;41;Si;Otros;10-20annos;Bajo;6;1983;Millennials;37836;Soria;1,744;30;0;347;0,5
CLI6960;M;Si;75;Si;Ingeniero;+20annos;Bajo;1;1949;Generacion X;41366;Granada;1,658;50;0;168;
CLI6961;M;No;22;No;Funcionario;<10annos;Bajo;3;2002;Generacion Z;12617;LLeida;1,581;30;1;141;
CLI6962;M;;24;No;Funcionario;<10annos;Bajo;3;2000;Generacion Z;12463;Leon;2,34;30;0;97;
CLI6963;F;Si;33;No;Medico;10-20annos;Medio;6;1991;Millennials;24245;Malaga;2,066;30;0;147;
CLI6964;F;Si;91;Si;Artista;+20annos;Alto;2;1933;Generacion Silenciosa;104994;Lugo;11,305;50;1;358;0,5
CLI6965;F;No;57;Si;Artista;+20annos;Bajo;1;1967;Generacion X;30537;Burgos;1,463;30;0;339;0,5
CLI6966;F;No;21;No;Funcionario;<10annos;Bajo;1;2003;Generacion Z;18580;Burgos;1,443;30;0;307;0,5
CLI6967;F;Si;40;Si;Ingeniero;10-20annos;Bajo;2;1984;Millennials;34269;Vizcaya;2,066;30;1;225;
CLI6968;M;No;34;No;Funcionario;10-20annos;Bajo;4;1990;Millennials;22692;Almeri­a;0,962;30;0;367;3
CLI6969;M;Si;56;Si;Artista;+20annos;Medio;2;1968;Generacion X;119513;Valencia;1,482;50;1;205;
CLI6970;F;Si;58;Si;Artista;+20annos;Medio;2;1966;Generacion X;129129;Lugo;1,15;50;0;304;0,5
CLI6971;F;No;34;Si;Funcionario;10-20annos;Bajo;1;1990;Millennials;23535;Las Palmas;0,686;30;0;330;0,5
CLI6972;M;Si;63;No;Otros;+20annos;Bajo;4;1961;Generacion X;70418;Valladolid;1,541;30;1;242;
CLI6973;M;Si;40;Si;Artista;10-20annos;Medio;5;1984;Millennials;23035;Pontevedra;1,284;30;0;105;
CLI6974;M;No;39;No;Medico;10-20annos;Bajo;3;1985;Millennials;22950;Almeri­a;1,123;30;0;565;4
CLI6975;F;No;45;Si;Negocios/empresa;+20annos;Bajo;2;1979;Generacion X;100182;Ceuta;1,284;50;1;237;
CLI6976;M;Si;76;Si;Artista;+20annos;Bajo;1;1948;Generacion X;84765;Granada;0,974;50;0;286;
CLI6977;M;Si;41;No;Otros;10-20annos;Medio;2;1983;Millennials;39159;Las Palmas;1,905;30;1;140;
CLI6978;F;;45;Si;Funcionario;+20annos;Bajo;1;1979;Generacion X;71937;Almeri­a;0,778;50;0;372;3
CLI6979;F;No;54;Si;Medico;+20annos;Bajo;1;1970;Generacion X;82931;Albacete;1,737;50;0;192;
CLI6980;M;Si;65;Si;Negocios/empresa;+20annos;Medio;3;1959;Generacion X;109412;Jaen;0,994;80;1;201;
CLI6981;F;Si;41;Si;Medico;10-20annos;Alto;2;1983;Millennials;77912;Albacete;1,721;50;0;476;1
CLI6982;F;Si;75;Si;Servicios;+20annos;Alto;4;1949;Generacion X;43743;Navarra;1,717;30;1;169;
CLI6983;M;No;32;No;Otros;10-20annos;Bajo;3;1992;Millennials;31789;Huelva;1,836;30;0;501;4
CLI6984;F;No;46;Si;Artista;+20annos;Bajo;2;1978;Generacion X;81325;Soria;1,267;50;1;190;
CLI6985;M;;57;No;Medico;+20annos;Alto;3;1967;Generacion X;62973;Sevilla;1,111;30;0;454;3
CLI6986;F;Si;51;Si;Artista;+20annos;Medio;4;1973;Generacion X;82522;Pontevedra;1,717;80;1;149;
CLI6987;M;No;54;No;Otros;+20annos;Bajo;3;1970;Generacion X;39002;LLeida;1,287;30;0;310;0,5
CLI6988;F;No;36;Si;Ingeniero;10-20annos;Bajo;5;1988;Millennials;23221;Burgos;1,284;30;0;42;
CLI6989;M;Si;36;No;Artista;10-20annos;Bajo;3;1988;Millennials;23124;La Corui±a;1,514;30;0;238;
CLI6990;F;No;28;No;Ingeniero;<10annos;Bajo;3;1996;Millennials;28436;Jaen;12,015;30;1;391;3
CLI6991;M;No;35;No;Negocios/empresa;10-20annos;Bajo;3;1989;Millennials;27926;Las Palmas;1,261;30;0;529;4
CLI6992;F;Si;96;Si;Servicios;+20annos;Alto;2;1928;Generacion Silenciosa;78342;Ceuta;0,896;50;1;226;
CLI6993;M;Si;57;Si;Otros;+20annos;Medio;4;1967;Generacion X;25586;Almeri­a;1,346;30;0;73;
CLI6994;F;No;30;No;Ingeniero;<10annos;Bajo;8;1994;Millennials;22625;Guadalajara;1,33;30;1;269;
CLI6995;M;Si;69;Si;Otros;+20annos;Bajo;2;1955;Generacion X;49328;Zamora;0,7;50;0;100;
CLI6996;F;Si;98;Si;Servicios;+20annos;Alto;2;1926;Generacion Silenciosa;46760;Badajoz;1,306;50;0;290;
CLI6997;F;Si;95;Si;Artista;+20annos;Bajo;4;1929;Generacion Silenciosa;64545;Orense;1,287;80;0;588;1
CLI6998;M;Si;34;No;Ejecutivo;10-20annos;Medio;2;1990;Millennials;25368;Orense;1,238;30;1;296;
CLI6999;F;No;45;Si;Artista;+20annos;Bajo;1;1979;Generacion X;46298;Alicante;1,56;50;0;105;
CLI7000;F;Si;39;No;Artista;10-20annos;Medio;2;1985;Millennials;18184;Badajoz;1,169;30;1;158;
CLI7001;F;Si;55;Si;Artista;+20annos;Alto;7;1969;Generacion X;60677;Cordoba;1,072;30;0;211;
CLI7002;F;Si;77;No;Ingeniero;+20annos;Medio;2;1947;Generacion X;26178;Pontevedra;1,267;30;0;516;4
CLI7003;F;Si;61;Si;Ingeniero;+20annos;Medio;3;1963;Generacion X;121409;Murcia;0,564;80;0;543;4
CLI7004;F;Si;40;Si;Construccion;10-20annos;Medio;5;1984;Millennials;83956;La Corui±a;0,962;30;0;286;
CLI7005;F;Si;73;Si;Servicios;+20annos;Bajo;1;1951;Generacion X;113234;Ceuta;1,424;50;0;586;1
CLI7006;M;;52;Si;Negocios/empresa;+20annos;Alto;2;1972;Generacion X;127089;Guadalajara;1,365;50;1;268;
CLI7007;F;Si;54;No;Ingeniero;+20annos;Medio;5;1970;Generacion X;37345;Huesca;0,72;30;0;494;3
CLI7008;M;Si;72;Si;Artista;+20annos;Medio;4;1952;Generacion X;21554;Cadiz;1,619;30;1;316;0,5
CLI7009;F;No;25;No;Funcionario;<10annos;Bajo;4;1999;Generacion Z;28193;Valladolid;2,064;30;1;268;
CLI7010;M;Si;50;No;Artista;+20annos;Alto;4;1974;Generacion X;78256;Navarra;1,091;30;1;386;3
CLI7011;M;No;36;No;Otros;10-20annos;Bajo;5;1988;Millennials;30606;Caceres;1,905;30;0;116;
CLI7012;M;Si;53;Si;Ejecutivo;+20annos;Alto;3;1971;Generacion X;57932;Almeri­a;1,658;80;1;396;3
CLI7013;M;No;31;Si;Funcionario;<10annos;Bajo;4;1993;Millennials;26693;Ciudad Real;0,847;30;0;344;0,5
CLI7014;F;No;30;Si;Artista;<10annos;Bajo;8;1994;Millennials;21874;Navarra;1,215;30;0;158;
CLI7015;F;Si;50;Si;Ingeniero;+20annos;Bajo;3;1974;Generacion X;86301;Cadiz;1,287;80;1;221;
CLI7016;F;Si;54;Si;Otros;+20annos;Medio;3;1970;Generacion X;51699;La Rioja;1,737;30;1;319;0,5
CLI7017;F;Si;51;;Negocios/empresa;+20annos;Bajo;1;1973;Generacion X;39105;Orense;1,15;30;0;183;
CLI7018;F;Si;62;Si;Artista;+20annos;Medio;2;1962;Generacion X;104719;Ceuta;1,052;50;0;338;0,5
CLI7019;M;No;23;No;Funcionario;<10annos;Bajo;1;2001;Generacion Z;21956;Castellon;3,099;30;0;204;
CLI7020;F;Si;32;No;Artista;10-20annos;Medio;2;1992;Millennials;19763;Santa Cruz de Tenerife;2,02;30;0;183;
CLI7021;M;No;36;No;Otros;10-20annos;Bajo;3;1988;Millennials;19036;Tarragona;1,1;30;1;243;
CLI7022;F;Si;63;Si;Artista;+20annos;Medio;4;1961;Generacion X;124755;Palencia;1,717;80;0;200;
CLI7023;M;Si;72;No;Otros;+20annos;Bajo;1;1952;Generacion X;36239;Teruel;1,033;30;1;309;0,5
CLI7024;F;Si;67;Si;Ingeniero;+20annos;Medio;5;1957;Generacion X;63949;Almeri­a;1,306;30;0;285;
CLI7025;F;No;35;No;Funcionario;10-20annos;Bajo;4;1989;Millennials;19379;Baleares;0,893;30;1;222;
CLI7026;M;Si;39;Si;Artista;10-20annos;Bajo;1;1985;Millennials;29376;Ciudad Real;1,054;30;0;86;
CLI7027;F;Si;90;Si;Servicios;+20annos;Alto;2;1934;Generacion Silenciosa;55719;Barcelona;1,658;50;1;308;0,5
CLI7028;F;Si;41;No;Ingeniero;10-20annos;Bajo;4;1983;Millennials;77367;Vizcaya;2,043;30;1;206;
CLI7029;F;No;29;No;Ingeniero;<10annos;Bajo;5;1995;Millennials;20999;Vizcaya;2,513;30;1;228;
CLI7030;M;No;35;Si;Funcionario;10-20annos;Bajo;3;1989;Millennials;27938;Palencia;1,307;30;0;37;
CLI7031;F;Si;89;Si;Servicios;+20annos;Alto;2;1935;Generacion Silenciosa;105202;Soria;1,189;50;0;97;
CLI7032;M;No;54;Si;Artista;+20annos;Bajo;1;1970;Generacion X;115789;Guadalajara;0,818;50;0;275;
CLI7033;M;Si;51;Si;Negocios/empresa;+20annos;Bajo;3;1973;Generacion X;43419;Vizcaya;1,052;30;0;435;3
CLI7034;F;No;22;No;Medico;<10annos;Bajo;4;2002;Generacion Z;20513;Navarra;2,375;30;0;325;0,5
CLI7035;M;;73;Si;Artista;+20annos;Bajo;1;1951;Generacion X;48568;Guadalajara;1,541;50;0;279;
CLI7036;M;No;30;Si;Otros;<10annos;Bajo;3;1994;Millennials;22753;Ceuta;1,123;30;0;142;
CLI7037;F;Si;73;Si;Servicios;+20annos;Medio;4;1951;Generacion X;25524;Toledo;0,642;30;0;304;0,5
CLI7038;M;Si;34;Si;Artista;10-20annos;Medio;3;1990;Millennials;25233;Alicante;1,192;30;0;63;
CLI7039;M;Si;58;Si;Medico;+20annos;Medio;2;1966;Generacion X;21776;Malaga;0,564;30;0;299;
CLI7040;F;No;32;Si;Medico;10-20annos;Bajo;5;1992;Millennials;30476;Valladolid;2,02;30;1;252;
CLI7041;M;Si;77;No;Ejecutivo;+20annos;Alto;2;1947;Generacion X;49311;Granada;0,935;30;1;176;
CLI7042;M;Si;66;Si;Otros;+20annos;Medio;5;1958;Generacion X;45084;Zamora;1,58;30;0;303;0,5
CLI7043;F;No;47;No;Medico;+20annos;Bajo;6;1977;Generacion X;65600;ivila;1,287;30;0;70;
CLI7044;M;Si;80;Si;Otros;+20annos;Bajo;1;1944;Generacion Silenciosa;63779;Huesca;1,15;50;0;495;3
CLI7045;F;No;52;No;Ingeniero;+20annos;Bajo;1;1972;Generacion X;89471;Las Palmas;1,326;120;0;376;3
CLI7046;M;Si;52;No;Otros;+20annos;Medio;3;1972;Generacion X;94925;Castellon;0,642;30;1;311;0,5
CLI7047;M;No;22;No;Funcionario;<10annos;Bajo;3;2002;Generacion Z;16241;Huelva;14,775;30;0;114;
CLI7048;M;Si;42;Si;Artista;+20annos;Bajo;2;1982;Millennials;91710;Valladolid;1,491;50;0;329;0,5
CLI7049;F;Si;62;Si;Servicios;+20annos;Alto;9;1962;Generacion X;54595;Albacete;1,052;30;1;344;0,5
CLI7050;M;Si;56;Si;Artista;+20annos;Medio;5;1968;Generacion X;39931;Zaragoza;15,215;30;0;454;3
CLI7051;M;Si;30;Si;Artista;<10annos;Medio;2;1994;Millennials;22255;ivila;1,675;30;1;216;
CLI7052;M;No;33;Si;Artista;10-20annos;Bajo;2;1991;Millennials;30782;Cadiz;1,583;30;0;172;
CLI7053;M;Si;54;Si;Artista;+20annos;Medio;4;1970;Generacion X;90672;Huesca;1,228;80;0;196;
CLI7054;F;No;33;Si;Funcionario;10-20annos;Bajo;6;1991;Millennials;22970;Santa Cruz de Tenerife;0,962;30;1;221;
CLI7055;M;Si;29;No;Medico;<10annos;Medio;2;1995;Millennials;27257;Badajoz;2,616;30;0;285;
CLI7056;F;Si;64;No;Negocios/empresa;+20annos;Medio;6;1960;Generacion X;53350;Granada;0,7;30;0;405;3
CLI7057;M;Si;46;Si;Artista;+20annos;Medio;4;1978;Generacion X;93065;ivila;0,896;80;0;31;
CLI7058;M;No;25;No;Funcionario;<10annos;Bajo;1;1999;Generacion Z;30981;Melilla;1,823;30;0;266;
CLI7059;M;Si;54;Si;Ejecutivo;+20annos;Alto;5;1970;Generacion X;67531;Guipiºzcoa;1,346;30;0;313;0,5
CLI7060;M;Si;65;Si;Ejecutivo;+20annos;Alto;4;1959;Generacion X;59856;Valladolid;1,248;80;1;248;
CLI7061;M;No;34;Si;Funcionario;10-20annos;Bajo;1;1990;Millennials;22430;LLeida;0,939;30;0;345;0,5
CLI7062;F;Si;54;Si;Artista;+20annos;Medio;5;1970;Generacion X;66349;Huesca;0,564;30;1;251;
CLI7063;M;No;34;Si;Ingeniero;10-20annos;Bajo;4;1990;Millennials;18403;Segovia;1,698;30;0;211;
CLI7064;M;Si;35;Si;Artista;10-20annos;Medio;2;1989;Millennials;27562;Almeri­a;1,238;30;1;288;
CLI7065;M;Si;45;Si;Otros;+20annos;Bajo;1;1979;Generacion X;91871;Zamora;1,859;50;0;179;
CLI7066;M;Si;78;Si;Ejecutivo;+20annos;Alto;4;1946;Generacion X;82458;Almeri­a;0,72;80;0;571;4
CLI7067;M;Si;68;Si;Otros;+20annos;Medio;3;1956;Generacion X;54933;Guadalajara;1,15;30;0;259;
CLI7068;M;No;29;Si;Artista;<10annos;Bajo;4;1995;Millennials;23613;Huelva;14,775;30;0;437;3
CLI7069;F;No;45;No;Medico;+20annos;Bajo;1;1979;Generacion X;37423;LLeida;0,962;30;0;158;
CLI7070;M;No;45;Si;Medico;+20annos;Bajo;2;1979;Generacion X;105762;Castellon;1,652;50;1;137;
CLI7071;M;No;42;Si;Artista;+20annos;Bajo;1;1982;Millennials;112972;Barcelona;0,663;50;0;269;
CLI7072;M;Si;58;Si;Artista;+20annos;Medio;3;1966;Generacion X;114500;Navarra;0,974;80;0;295;
CLI7073;M;Si;51;Si;Medico;+20annos;Bajo;4;1973;Generacion X;54533;Alicante;1,091;30;1;334;0,5
CLI7074;M;Si;55;Si;Ejecutivo;+20annos;Alto;3;1969;Generacion X;62292;Segovia;1,228;80;0;251;
CLI7075;F;Si;44;No;Artista;+20annos;Bajo;1;1980;Generacion X;116865;Burgos;1,629;120;0;396;3
CLI7076;F;No;54;No;Artista;+20annos;Bajo;1;1970;Generacion X;30011;Baleares;1,267;30;0;321;0,5
CLI7077;F;No;33;Si;Funcionario;10-20annos;Bajo;3;1991;Millennials;30269;Segovia;1,997;30;0;421;3
CLI7078;M;Si;40;Si;Artista;10-20annos;Medio;4;1984;Millennials;85006;Zamora;1,79;30;0;549;4
CLI7079;F;Si;73;Si;Servicios;+20annos;Alto;3;1951;Generacion X;65615;La Corui±a;1,013;80;0;134;
CLI7080;M;Si;34;No;Negocios/empresa;10-20annos;Bajo;4;1990;Millennials;25848;Almeri­a;1,284;30;0;87;
CLI7081;F;Si;41;Si;Servicios;10-20annos;Bajo;1;1983;Millennials;121024;Vizcaya;2,02;50;0;473;1
CLI7082;F;No;29;No;Funcionario;<10annos;Bajo;1;1995;Millennials;29613;Alicante;12,015;30;0;86;
CLI7083;F;No;30;No;Funcionario;<10annos;Bajo;4;1994;Millennials;26616;Zamora;1,606;30;0;72;
CLI7084;M;Si;77;No;Servicios;+20annos;Bajo;1;1947;Generacion X;41939;Salamanca;1,17;30;1;128;
CLI7085;M;Si;47;No;Otros;+20annos;Medio;3;1977;Generacion X;62115;Vizcaya;1,17;30;1;224;
CLI7086;M;No;46;No;Otros;+20annos;Bajo;3;1978;Generacion X;30209;Teruel;0,837;30;0;569;4
CLI7087;M;No;31;No;Medico;<10annos;Bajo;1;1993;Millennials;23092;LLeida;0,778;30;0;372;3
CLI7088;M;No;42;Si;Artista;+20annos;Bajo;1;1982;Millennials;94757;Cadiz;1,123;50;0;347;0,5
CLI7089;M;Si;53;Si;Otros;+20annos;Bajo;2;1971;Generacion X;60102;Tarragona;0,994;50;0;519;4
CLI7090;M;Si;40;No;Otros;10-20annos;Medio;2;1984;Millennials;92249;Almeri­a;1,905;120;0;94;
CLI7091;M;Si;45;Si;Servicios;+20annos;Bajo;2;1979;Generacion X;55989;Tarragona;1,123;50;0;35;
CLI7092;M;Si;44;Si;Artista;+20annos;Bajo;2;1980;Generacion X;90246;Huesca;1,675;50;0;176;
CLI7093;F;Si;63;Si;Artista;+20annos;Alto;2;1961;Generacion X;112390;LLeida;0,818;50;0;586;4
CLI7094;F;Si;55;Si;Artista;+20annos;Alto;4;1969;Generacion X;102014;Segovia;1,052;80;0;552;4
CLI7095;F;No;46;Si;Otros;+20annos;Bajo;7;1978;Generacion X;40391;Orense;1,756;30;0;223;
CLI7096;M;No;22;No;Negocios/empresa;<10annos;Bajo;5;2002;Generacion Z;12779;Valladolid;1,098;30;0;285;
CLI7097;F;No;23;No;Funcionario;<10annos;Bajo;7;2001;Generacion Z;15226;Huesca;1,857;30;1;146;
CLI7098;M;Si;42;No;Artista;+20annos;Medio;2;1982;Millennials;87980;Soria;0,686;120;0;500;
CLI7099;F;No;30;Si;Funcionario;<10annos;Bajo;4;1994;Millennials;28760;Sevilla;1,1;30;1;257;
CLI7100;F;No;29;Si;Negocios/empresa;<10annos;Bajo;1;1995;Millennials;31515;Zamora;12,015;30;0;159;
CLI7101;F;Si;51;Si;Artista;+20annos;Alto;5;1973;Generacion X;78913;Baleares;0,759;30;0;454;3
CLI7102;F;No;30;No;Ingeniero;<10annos;Bajo;6;1994;Millennials;26757;Pontevedra;1,468;30;1;161;
CLI7103;F;No;28;No;Negocios/empresa;<10annos;Bajo;5;1996;Millennials;25040;Ceuta;1,581;30;0;197;
CLI7104;M;Si;96;Si;Servicios;+20annos;Alto;2;1928;Generacion Silenciosa;124442;Las Palmas;1,033;50;0;197;
CLI7105;M;No;30;Si;Funcionario;<10annos;Bajo;3;1994;Millennials;24579;Malaga;1,491;30;1;255;
CLI7106;F;Si;53;Si;Negocios/empresa;+20annos;Bajo;1;1971;Generacion X;74632;Teruel;15,215;50;1;263;
CLI7107;M;Si;56;Si;Medico;+20annos;Medio;4;1968;Generacion X;51462;Huelva;1,385;30;0;565;4
CLI7108;M;Si;89;Si;Servicios;+20annos;Alto;2;1935;Generacion Silenciosa;110284;Toledo;1,248;50;0;167;
CLI7109;M;Si;53;Si;Artista;+20annos;Medio;2;1971;Generacion X;75214;Guipiºzcoa;1,58;50;0;328;0,5
CLI7110;M;Si;57;No;Artista;+20annos;Alto;2;1967;Generacion X;79485;Leon;0,72;120;0;321;0,5
CLI7111;F;Si;75;Si;Servicios;+20annos;Alto;2;1949;Generacion X;48380;Badajoz;1,228;50;1;134;
CLI7112;M;Si;39;Si;Artista;10-20annos;Medio;3;1985;Millennials;29182;Guipiºzcoa;1,077;30;1;168;
CLI7113;F;Si;43;Si;Construccion;+20annos;Bajo;1;1981;Millennials;129116;Las Palmas;1,859;50;0;353;0,5
CLI7114;F;Si;58;Si;Artista;+20annos;Alto;2;1966;Generacion X;84808;Leon;0,779;50;0;124;
CLI7115;M;Si;45;Si;Artista;+20annos;Medio;2;1979;Generacion X;121854;Valencia;1,974;50;1;105;
CLI7116;M;Si;45;Si;Artista;+20annos;Alto;2;1979;Generacion X;121341;Lugo;1,376;50;1;194;
CLI7117;F;No;28;No;Ingeniero;<10annos;Bajo;1;1996;Millennials;27655;Toledo;3,099;30;1;304;0,5
CLI7118;F;Si;25;No;Funcionario;<10annos;Alto;2;1999;Generacion Z;27501;Vizcaya;3,065;30;1;400;3
CLI7119;F;Si;52;Si;Artista;+20annos;Alto;5;1972;Generacion X;21876;Badajoz;1,248;30;0;183;
CLI7120;F;Si;39;Si;Artista;10-20annos;Alto;2;1985;Millennials;29465;Orense;1,376;30;0;36;
CLI7121;M;Si;56;Si;Ejecutivo;+20annos;Bajo;3;1968;Generacion X;94519;La Rioja;0,994;80;0;90;
CLI7122;F;No;42;Si;Ingeniero;+20annos;Bajo;1;1982;Millennials;106530;Palencia;2,043;50;1;222;
CLI7123;M;Si;68;Si;Artista;+20annos;Bajo;1;1956;Generacion X;79456;Huelva;0,837;50;0;345;0,5
CLI7124;F;No;47;Si;Otros;+20annos;Bajo;1;1977;Generacion X;56084;Ceuta;15,215;50;0;550;1
CLI7125;M;Si;66;Si;Ejecutivo;+20annos;Alto;6;1958;Generacion X;22193;Salamanca;0,661;30;0;537;4
CLI7126;M;Si;52;Si;Ejecutivo;+20annos;Alto;4;1972;Generacion X;76066;Huesca;1,404;80;0;468;1
CLI7127;M;No;24;No;Negocios/empresa;<10annos;Bajo;4;2000;Generacion Z;15310;Palencia;2,064;30;1;169;
CLI7128;F;No;34;No;Negocios/empresa;10-20annos;Bajo;3;1990;Millennials;31651;ilava;1,675;30;0;565;4
CLI7129;F;Si;42;Si;Ingeniero;+20annos;Bajo;2;1982;Millennials;97054;Tarragona;1,652;50;0;191;
CLI7130;F;Si;46;No;Otros;+20annos;Medio;5;1978;Generacion X;78302;Cuenca;1,287;30;0;216;
CLI7131;F;Si;55;Si;Artista;+20annos;Medio;3;1969;Generacion X;30278;Malaga;0,974;30;0;251;
CLI7132;M;Si;42;No;Artista;+20annos;Medio;3;1982;Millennials;117041;Tarragona;0,916;30;0;495;3
CLI7133;F;Si;61;Si;Medico;+20annos;Medio;3;1963;Generacion X;99671;Santa Cruz de Tenerife;1,346;80;0;267;
CLI7134;F;Si;78;Si;Artista;+20annos;Medio;2;1946;Generacion X;29937;LLeida;1,072;30;0;234;
CLI7135;M;Si;42;No;Artista;+20annos;Medio;4;1982;Millennials;128279;Cuenca;1,077;200;1;205;
CLI7136;M;Si;85;Si;Artista;+20annos;Bajo;1;1939;Generacion Silenciosa;104730;Huesca;1,033;50;0;109;
CLI7137;M;No;36;No;Ingeniero;10-20annos;Bajo;3;1988;Millennials;31673;Santa Cruz de Tenerife;0,755;30;0;61;
CLI7138;M;Si;79;No;Ejecutivo;+20annos;Alto;2;1945;Generacion Silenciosa;86821;Orense;1,541;120;1;278;
CLI7139;F;Si;47;No;Ingeniero;+20annos;Medio;4;1977;Generacion X;82479;Cordoba;0,661;30;1;388;3
CLI7140;F;No;39;Si;Artista;10-20annos;Bajo;3;1985;Millennials;18955;Castellon;0,824;30;0;39;
CLI7141;F;No;36;Si;Medico;10-20annos;Bajo;3;1988;Millennials;31309;Castellon;1,123;30;0;600;4
CLI7142;M;Si;30;Si;Otros;<10annos;Medio;2;1994;Millennials;22597;Tarragona;1,422;30;0;496;3
CLI7143;M;No;23;No;Funcionario;<10annos;Bajo;6;2001;Generacion Z;19922;Ciudad Real;2,823;30;0;216;
CLI7144;F;Si;45;Si;Artista;+20annos;Medio;2;1979;Generacion X;59495;Zaragoza;0,87;50;0;461;3
CLI7145;F;No;21;No;Funcionario;<10annos;Bajo;6;2003;Generacion Z;17788;Granada;2,651;30;0;96;
CLI7146;F;;55;No;Artista;+20annos;Alto;4;1969;Generacion X;115933;Segovia;1,58;30;0;208;
CLI7147;M;No;32;Si;Artista;10-20annos;Bajo;3;1992;Millennials;25632;Valladolid;1,56;30;1;108;
CLI7148;F;Si;51;No;Artista;+20annos;Bajo;1;1973;Generacion X;116094;Madrid;1,541;120;0;511;4
CLI7149;M;Si;51;Si;Artista;+20annos;Bajo;1;1973;Generacion X;39123;Salamanca;1,463;50;1;299;
CLI7150;F;Si;58;No;Ingeniero;+20annos;Bajo;1;1966;Generacion X;115148;Cordoba;0,7;120;0;362;0,5
CLI7151;M;Si;40;Si;Ejecutivo;10-20annos;Alto;4;1984;Millennials;99659;Castellon;1,606;30;0;482;1
CLI7152;F;Si;40;No;Ingeniero;10-20annos;Medio;2;1984;Millennials;48547;Segovia;1,859;30;0;556;4
CLI7153;M;Si;62;No;Ejecutivo;+20annos;Alto;5;1962;Generacion X;102284;Albacete;1,287;30;0;164;
CLI7154;M;Si;28;Si;Otros;<10annos;Alto;2;1996;Millennials;24496;La Rioja;2,099;30;0;455;3
CLI7155;F;No;35;No;Otros;10-20annos;Bajo;4;1989;Millennials;30818;Lugo;1,56;30;0;230;
CLI7156;M;No;67;Si;Otros;+20annos;Bajo;3;1957;Generacion X;29762;Guipiºzcoa;0,7;30;1;158;
CLI7157;M;Si;67;No;Otros;+20annos;Medio;2;1957;Generacion X;25309;Vizcaya;0,994;30;1;204;
CLI7158;M;Si;58;Si;Artista;+20annos;Medio;2;1966;Generacion X;122871;ilava;1,346;50;1;228;
CLI7159;M;Si;76;No;Ejecutivo;+20annos;Alto;4;1948;Generacion X;117972;Cordoba;0,564;30;0;133;
CLI7160;M;No;52;Si;Otros;+20annos;Bajo;1;1972;Generacion X;92638;Soria;1,717;50;0;113;
CLI7161;F;Si;29;Si;Otros;<10annos;Bajo;7;1995;Millennials;29475;Gerona;2,616;30;0;585;4
CLI7162;F;No;43;Si;Artista;+20annos;Bajo;1;1981;Millennials;45999;Leon;1,698;50;1;206;
CLI7163;M;Si;52;No;Artista;+20annos;Bajo;4;1972;Generacion X;63004;Valencia;1,678;30;1;156;
CLI7164;F;Si;76;Si;Artista;+20annos;Bajo;1;1948;Generacion X;29211;Burgos;0,661;30;0;209;
CLI7165;M;Si;51;Si;Artista;+20annos;Medio;2;1973;Generacion X;128287;Ciudad Real;1,502;50;1;276;
CLI7166;M;Si;55;Si;Ingeniero;+20annos;Bajo;1;1969;Generacion X;97518;Alicante;1,639;50;0;168;
CLI7167;F;No;41;Si;Medico;10-20annos;Bajo;3;1983;Millennials;43852;Toledo;0,824;30;0;203;
CLI7168;F;No;55;Si;Artista;+20annos;Bajo;1;1969;Generacion X;40128;Murcia;1,111;50;0;286;
CLI7169;F;Si;57;Si;Medico;+20annos;Medio;4;1967;Generacion X;33164;Soria;1,697;30;0;596;4
CLI7170;M;No;31;Si;Funcionario;<10annos;Bajo;4;1993;Millennials;21950;Alicante;1,008;30;0;175;
CLI7171;M;No;46;Si;Otros;+20annos;Bajo;2;1978;Generacion X;102121;Ciudad Real;1,228;50;1;101;
CLI7172;F;No;47;Si;Ingeniero;+20annos;Bajo;1;1977;Generacion X;108347;Ciudad Real;1,17;50;0;451;3
CLI7173;F;No;46;Si;Artista;+20annos;Bajo;2;1978;Generacion X;77290;LLeida;1,013;50;0;565;4
CLI7174;M;Si;50;Si;Ejecutivo;+20annos;Alto;5;1974;Generacion X;117062;Guadalajara;0,798;30;0;378;3
CLI7175;M;Si;63;Si;Servicios;+20annos;Alto;2;1961;Generacion X;82520;La Rioja;1,189;50;1;263;
CLI7176;M;No;53;Si;Otros;+20annos;Bajo;3;1971;Generacion X;62377;Huesca;11,305;80;0;324;0,5
CLI7177;M;No;20;No;Funcionario;<10annos;Bajo;3;2004;Generacion Z;21303;Teruel;14,085;30;1;151;
CLI7178;M;Si;97;Si;Servicios;+20annos;Bajo;1;1927;Generacion Silenciosa;106833;Segovia;1,033;50;1;202;
CLI7179;M;Si;56;No;Artista;+20annos;Medio;2;1968;Generacion X;67820;Tarragona;1,209;30;0;259;
CLI7180;F;No;32;Si;Ingeniero;10-20annos;Bajo;5;1992;Millennials;26473;Pontevedra;1,859;30;0;119;
CLI7181;F;Si;31;No;Artista;<10annos;Bajo;3;1993;Millennials;21634;Baleares;1,744;30;0;313;0,5
CLI7182;F;Si;52;Si;Artista;+20annos;Medio;4;1972;Generacion X;50396;Lugo;1,424;30;0;465;3
CLI7183;F;No;28;Si;Negocios/empresa;<10annos;Bajo;1;1996;Millennials;30396;Barcelona;2,064;30;0;156;
CLI7184;F;Si;42;No;Artista;+20annos;Medio;4;1982;Millennials;75962;Cordoba;1,974;30;0;236;
CLI7185;M;Si;41;Si;Artista;10-20annos;Bajo;1;1983;Millennials;116455;Lugo;0,87;50;0;218;
CLI7186;M;No;24;No;Funcionario;<10annos;Bajo;4;2000;Generacion Z;19765;Santa Cruz de Tenerife;1,926;30;0;184;
CLI7187;F;Si;67;Si;Ingeniero;+20annos;Medio;2;1957;Generacion X;58635;Cuenca;1,463;50;0;163;
CLI7188;M;Si;46;Si;Artista;+20annos;Medio;2;1978;Generacion X;48730;Ceuta;1,15;50;1;319;0,5
CLI7189;M;Si;66;Si;Artista;+20annos;Medio;2;1958;Generacion X;75212;Pontevedra;1,58;50;1;261;
CLI7190;M;Si;80;Si;Otros;+20annos;Alto;4;1944;Generacion Silenciosa;119683;Huelva;1,639;80;0;240;
CLI7191;M;;66;No;Ejecutivo;+20annos;Medio;2;1958;Generacion X;115061;Teruel;0,935;120;1;307;0,5
CLI7192;F;No;30;;Negocios/empresa;<10annos;Bajo;4;1994;Millennials;22690;Soria;1,721;30;0;391;3
CLI7193;F;Si;54;Si;Artista;+20annos;Bajo;1;1970;Generacion X;37292;Ciudad Real;1,678;50;0;453;1
CLI7194;M;Si;79;Si;Servicios;+20annos;Alto;2;1945;Generacion Silenciosa;67270;ilava;1,619;50;0;244;
CLI7195;F;Si;47;Si;Artista;+20annos;Medio;2;1977;Generacion X;22917;Melilla;1,326;30;0;374;3
CLI7196;F;Si;55;Si;Servicios;+20annos;Bajo;2;1969;Generacion X;63343;Valencia;0,583;50;0;50;
CLI7197;F;No;54;Si;Servicios;+20annos;Bajo;2;1970;Generacion X;79007;Almeri­a;1,033;50;0;277;
CLI7198;M;Si;42;Si;Medico;+20annos;Bajo;2;1982;Millennials;22849;Lugo;1,33;30;0;499;1
CLI7199;F;Si;39;Si;Artista;10-20annos;Medio;3;1985;Millennials;26574;Huesca;1,008;30;0;595;4
CLI7200;F;Si;90;No;Servicios;+20annos;Alto;2;1934;Generacion Silenciosa;126678;Segovia;1,306;120;0;55;
CLI7201;M;Si;69;Si;Artista;+20annos;Bajo;1;1955;Generacion X;47713;Palencia;0,974;50;1;357;0,5
CLI7202;M;Si;80;Si;Ejecutivo;+20annos;Alto;2;1944;Generacion Silenciosa;115561;Jaen;1,091;50;0;253;
CLI7203;F;Si;42;Si;Artista;+20annos;Bajo;1;1982;Millennials;126050;La Corui±a;1,951;50;1;275;
CLI7204;M;Si;67;Si;Servicios;+20annos;Alto;2;1957;Generacion X;95294;Cordoba;1,346;50;0;128;
CLI7205;F;No;46;Si;Construccion;+20annos;Bajo;1;1978;Generacion X;42152;Teruel;0,798;50;0;80;
CLI7206;F;Si;47;Si;Ingeniero;+20annos;Medio;2;1977;Generacion X;22911;Albacete;1,189;30;0;397;3
CLI7207;M;No;34;No;Construccion;10-20annos;Bajo;1;1990;Millennials;30602;Soria;0,939;30;0;31;
CLI7208;M;Si;76;No;Medico;+20annos;Bajo;1;1948;Generacion X;79477;Palencia;1,209;120;1;173;
CLI7209;F;No;46;Si;Otros;+20annos;Bajo;3;1978;Generacion X;70487;Leon;0,622;80;0;63;
CLI7210;M;Si;35;Si;Artista;10-20annos;Medio;2;1989;Millennials;23783;Valladolid;1,629;30;0;105;
CLI7211;M;Si;43;Si;Artista;+20annos;Medio;4;1981;Millennials;22827;Almeri­a;1,767;30;1;306;0,5
CLI7212;F;Si;53;Si;Artista;+20annos;Medio;4;1971;Generacion X;78699;Huelva;0,759;80;0;200;
CLI7213;M;Si;43;Si;Artista;+20annos;Medio;2;1981;Millennials;83396;Vizcaya;1,031;50;0;48;
CLI7214;M;Si;61;Si;Artista;+20annos;Medio;2;1963;Generacion X;106177;Lugo;0,779;50;0;245;
CLI7215;M;Si;66;Si;Medico;+20annos;Alto;2;1958;Generacion X;120798;ilava;15,215;50;1;157;
CLI7216;F;No;56;Si;Otros;+20annos;Bajo;1;1968;Generacion X;29542;Caceres;1,248;30;1;109;
CLI7217;F;Si;67;Si;Artista;+20annos;Medio;3;1957;Generacion X;26153;Las Palmas;1,091;30;0;331;0,5
CLI7218;F;No;47;Si;Artista;+20annos;Bajo;1;1977;Generacion X;34251;Murcia;1,365;30;0;420;1
CLI7219;M;Si;95;;Servicios;+20annos;Alto;2;1929;Generacion Silenciosa;83778;Badajoz;0,681;120;0;202;
CLI7220;F;Si;61;Si;Artista;+20annos;Medio;3;1963;Generacion X;128424;Guadalajara;0,994;80;0;190;
CLI7221;F;Si;47;Si;Artista;+20annos;Medio;5;1977;Generacion X;113097;Almeri­a;1,678;30;1;353;0,5
CLI7222;M;Si;50;No;Ejecutivo;+20annos;Medio;3;1974;Generacion X;80179;Zamora;1,189;30;0;219;
CLI7223;F;Si;55;Si;Artista;+20annos;Medio;5;1969;Generacion X;75450;Albacete;1,424;30;0;406;3
CLI7224;M;Si;44;No;Artista;+20annos;Medio;2;1980;Generacion X;71215;Segovia;1,399;30;1;370;3
CLI7225;M;No;21;No;Funcionario;<10annos;Bajo;3;2003;Generacion Z;15974;Soria;2,547;30;0;496;3
CLI7226;F;No;28;Si;Medico;<10annos;Bajo;1;1996;Millennials;25749;ilava;2,478;30;0;105;
CLI7227;F;No;98;Si;Servicios;+20annos;Bajo;1;1926;Generacion Silenciosa;85519;Palencia;0,603;50;1;241;
CLI7228;F;No;28;No;Ingeniero;<10annos;Bajo;1;1996;Millennials;20102;Orense;2,789;30;0;124;
CLI7229;F;Si;54;Si;Artista;+20annos;Medio;3;1970;Generacion X;52976;Cadiz;0,661;30;0;91;
CLI7230;F;Si;51;Si;Ingeniero;+20annos;Medio;5;1973;Generacion X;48758;Teruel;1,502;30;0;468;3
CLI7231;F;Si;91;Si;Servicios;+20annos;Bajo;2;1933;Generacion Silenciosa;55448;Leon;1,737;50;1;246;
CLI7232;M;Si;39;Si;Ejecutivo;10-20annos;Medio;4;1985;Millennials;28073;Madrid;1,077;30;0;223;
CLI7233;F;Si;78;Si;Servicios;+20annos;Bajo;2;1946;Generacion X;53601;Lugo;1,658;50;0;31;
CLI7234;M;Si;55;Si;Artista;+20annos;Medio;3;1969;Generacion X;64305;Baleares;1,326;80;0;562;4
CLI7235;M;Si;64;No;Ejecutivo;+20annos;Alto;2;1960;Generacion X;67952;Granada;1,619;30;0;173;
CLI7236;M;Si;32;No;Funcionario;10-20annos;Alto;2;1992;Millennials;29982;Valencia;1,238;30;0;72;
CLI7237;M;Si;39;Si;Artista;10-20annos;Medio;4;1985;Millennials;21253;Murcia;1,537;30;1;129;
CLI7238;M;Si;74;Si;Ejecutivo;+20annos;Alto;2;1950;Generacion X;74426;LLeida;1,502;50;1;394;3
CLI7239;M;Si;39;No;Medico;10-20annos;Medio;5;1985;Millennials;18083;Gerona;1,123;30;0;413;3
CLI7240;M;Si;67;Si;Ejecutivo;+20annos;Alto;3;1957;Generacion X;108935;Pontevedra;1,697;80;1;283;
CLI7241;F;No;32;No;Otros;10-20annos;Bajo;2;1992;Millennials;21093;Baleares;1,054;30;0;286;
CLI7242;F;No;54;Si;Construccion;+20annos;Bajo;1;1970;Generacion X;117288;Almeri­a;1,365;50;1;332;0,5
CLI7243;M;Si;51;No;Otros;+20annos;Medio;5;1973;Generacion X;27427;Cordoba;0,955;30;1;208;
CLI7244;M;Si;52;Si;Ejecutivo;+20annos;Medio;5;1972;Generacion X;79798;Badajoz;1,346;30;1;318;0,5
CLI7245;F;No;41;No;Artista;10-20annos;Bajo;2;1983;Millennials;50214;ivila;1,79;30;0;334;0,5
CLI7246;M;No;20;No;Funcionario;<10annos;Bajo;3;2004;Generacion Z;13838;Madrid;12,015;30;1;368;3
CLI7247;F;No;25;No;Otros;<10annos;Bajo;2;1999;Generacion Z;24460;Soria;2,03;30;0;51;
CLI7248;M;No;32;No;Construccion;10-20annos;Bajo;3;1992;Millennials;22711;Badajoz;0,87;30;0;390;3
CLI7249;F;Si;57;No;Artista;+20annos;Medio;4;1967;Generacion X;106534;Albacete;0,857;30;0;370;3
CLI7250;F;No;47;Si;Artista;+20annos;Bajo;4;1977;Generacion X;125017;Burgos;1,443;80;0;426;1
CLI7251;M;Si;73;Si;Artista;+20annos;Bajo;5;1951;Generacion X;48561;LLeida;1,365;30;0;408;1
CLI7252;M;Si;50;Si;Ejecutivo;+20annos;Alto;3;1974;Generacion X;44922;Huelva;0,603;30;0;379;3
CLI7253;F;Si;74;Si;Servicios;+20annos;Bajo;1;1950;Generacion X;49683;Segovia;0,7;50;1;130;
CLI7254;F;Si;54;Si;Negocios/empresa;+20annos;Bajo;2;1970;Generacion X;81426;Navarra;0,798;50;1;114;
CLI7255;M;Si;42;No;Ejecutivo;+20annos;Alto;4;1982;Millennials;125503;Soria;1,008;200;0;264;
CLI7256;F;Si;42;No;Ingeniero;+20annos;Bajo;2;1982;Millennials;81888;Madrid;0,801;120;0;486;3
CLI7257;F;No;35;Si;Construccion;10-20annos;Bajo;1;1989;Millennials;24525;Orense;0,916;30;0;360;0,5
CLI7258;M;Si;53;Si;Artista;+20annos;Medio;2;1971;Generacion X;41267;Leon;1,267;50;0;240;
CLI7259;F;No;46;Si;Construccion;+20annos;Bajo;1;1978;Generacion X;46066;Ceuta;1,15;50;0;467;3
CLI7260;F;No;55;Si;Artista;+20annos;Bajo;3;1969;Generacion X;72439;Valladolid;1,658;80;0;573;1
CLI7261;F;Si;36;Si;Construccion;10-20annos;Alto;2;1988;Millennials;31316;Alicante;1,698;30;1;372;3
CLI7262;M;Si;55;Si;Artista;+20annos;Medio;3;1969;Generacion X;77950;Segovia;1,091;80;0;165;
CLI7263;F;Si;33;Si;Ingeniero;10-20annos;Alto;6;1991;Millennials;24555;Granada;2,02;30;0;253;
CLI7264;M;Si;98;No;Servicios;+20annos;Bajo;1;1926;Generacion Silenciosa;45512;Guadalajara;1,111;30;1;284;
CLI7265;F;Si;30;Si;Medico;<10annos;Bajo;2;1994;Millennials;27252;Zamora;1,721;30;0;354;0,5
CLI7266;F;Si;47;Si;Ingeniero;+20annos;Medio;4;1977;Generacion X;78497;La Rioja;0,857;80;0;272;
CLI7267;F;No;28;No;Negocios/empresa;<10annos;Bajo;2;1996;Millennials;24164;Gerona;1,374;30;0;41;
CLI7268;F;No;21;No;Funcionario;<10annos;Bajo;5;2003;Generacion Z;13903;Huesca;1,581;30;0;599;4
CLI7269;F;No;30;Si;Negocios/empresa;<10annos;Bajo;3;1994;Millennials;27726;Zamora;1,79;30;1;305;0,5
CLI7270;M;No;47;Si;Artista;+20annos;Bajo;1;1977;Generacion X;21006;Murcia;1,17;30;1;347;0,5
CLI7271;M;Si;41;Si;Otros;10-20annos;Medio;4;1983;Millennials;83889;Segovia;1,928;30;1;378;3
CLI7272;F;No;30;Si;Funcionario;<10annos;Bajo;9;1994;Millennials;26767;Jaen;2,066;30;0;44;
CLI7273;M;Si;67;Si;Funcionario;+20annos;Bajo;2;1957;Generacion X;86532;Vizcaya;1,717;50;1;234;
CLI7274;M;Si;45;No;Ingeniero;+20annos;Medio;2;1979;Generacion X;116940;Melilla;1,422;120;0;456;3
CLI7275;F;No;55;Si;Artista;+20annos;Bajo;1;1969;Generacion X;106026;Huesca;0,74;50;0;333;0,5
CLI7276;F;Si;66;Si;Artista;+20annos;Medio;2;1958;Generacion X;118360;Palencia;1,639;50;1;165;
CLI7277;M;No;22;No;Funcionario;<10annos;Bajo;4;2002;Generacion Z;13130;Cordoba;1,547;30;0;347;0,5
CLI7278;M;Si;73;Si;Negocios/empresa;+20annos;Alto;2;1951;Generacion X;32619;Cordoba;1,443;30;0;279;
CLI7279;M;Si;40;Si;Construccion;10-20annos;Bajo;1;1984;Millennials;75965;Albacete;0,962;50;0;52;
CLI7280;M;Si;72;Si;Servicios;+20annos;Alto;2;1952;Generacion X;83956;Toledo;1,228;50;0;79;
CLI7281;F;No;33;No;Ejecutivo;10-20annos;Bajo;1;1991;Millennials;20270;Lugo;1,238;30;0;78;
CLI7282;M;Si;62;Si;Servicios;+20annos;Bajo;3;1962;Generacion X;58316;Lugo;0,915;80;0;80;
CLI7283;M;No;22;No;Funcionario;<10annos;Bajo;4;2002;Generacion Z;14139;Santa Cruz de Tenerife;0,995;30;0;144;
CLI7284;F;Si;42;Si;Artista;+20annos;Bajo;1;1982;Millennials;84820;Soria;0,824;50;0;393;3
CLI7285;M;No;34;Si;Negocios/empresa;10-20annos;Bajo;2;1990;Millennials;20997;Gerona;1,376;30;0;564;4
CLI7286;F;Si;33;No;Ingeniero;10-20annos;Medio;3;1991;Millennials;26652;Valladolid;0,893;30;1;187;
CLI7287;F;Si;89;Si;Servicios;+20annos;Alto;2;1935;Generacion Silenciosa;67003;Zaragoza;0,896;50;0;311;0,5
CLI7288;F;No;57;Si;Servicios;+20annos;Bajo;1;1967;Generacion X;112149;Leon;1,639;50;0;546;1
CLI7289;M;Si;63;Si;Artista;+20annos;Bajo;1;1961;Generacion X;49768;Zaragoza;1,091;50;0;493;3
CLI7290;M;Si;33;No;Otros;10-20annos;Medio;3;1991;Millennials;22701;Malaga;0,893;30;0;94;
CLI7291;M;Si;61;No;Otros;+20annos;Bajo;3;1963;Generacion X;32393;Zaragoza;1,737;30;0;265;
CLI7292;M;No;42;Si;Artista;+20annos;Bajo;1;1982;Millennials;79529;Cuenca;0,939;50;1;108;
CLI7293;M;Si;77;No;Servicios;+20annos;Alto;2;1947;Generacion X;113955;Albacete;1,697;120;0;356;0,5
CLI7294;M;Si;65;No;Artista;+20annos;Bajo;1;1959;Generacion X;61114;Caceres;0,837;30;0;191;
CLI7295;M;Si;43;Si;Funcionario;+20annos;Bajo;3;1981;Millennials;94279;Murcia;1,1;30;1;280;
CLI7296;F;Si;64;Si;Artista;+20annos;Medio;3;1960;Generacion X;90954;Guipiºzcoa;1,6;80;1;140;
CLI7297;M;Si;33;No;Otros;10-20annos;Bajo;2;1991;Millennials;24998;Salamanca;2,02;30;0;40;
CLI7298;F;Si;80;Si;Artista;+20annos;Medio;2;1944;Generacion Silenciosa;59292;Caceres;1,072;50;0;273;
CLI7299;F;No;28;Si;Artista;<10annos;Bajo;1;1996;Millennials;20491;Murcia;10,635;30;0;517;4
CLI7300;M;Si;44;Si;Artista;+20annos;Alto;1;1980;Generacion X;41900;Malaga;1,1;50;0;465;3
CLI7301;M;No;42;Si;Otros;+20annos;Bajo;2;1982;Millennials;39938;Pontevedra;1,905;50;1;229;
CLI7302;M;Si;50;Si;Artista;+20annos;Medio;3;1974;Generacion X;117268;Tarragona;0,994;80;1;357;0,5
CLI7303;M;No;28;No;Funcionario;<10annos;Bajo;5;1996;Millennials;30293;Orense;2,927;30;0;91;
CLI7304;M;No;40;Si;Artista;10-20annos;Bajo;2;1984;Millennials;40574;Vizcaya;1,514;50;1;235;
CLI7305;M;Si;58;Si;Artista;+20annos;Alto;3;1966;Generacion X;41745;ivila;1,15;30;1;165;
CLI7306;F;No;30;No;Funcionario;<10annos;Bajo;4;1994;Millennials;29336;Teruel;1,1;30;0;504;4
CLI7307;M;Si;54;Si;Artista;+20annos;Medio;2;1970;Generacion X;25987;Cordoba;0,74;30;0;543;4
CLI7308;F;Si;56;Si;Artista;+20annos;Medio;5;1968;Generacion X;109020;Toledo;1,072;30;0;472;3
CLI7309;M;No;36;No;Funcionario;10-20annos;Bajo;7;1988;Millennials;24797;Huelva;0,778;30;0;505;4
CLI7310;M;Si;74;No;Ejecutivo;+20annos;Alto;2;1950;Generacion X;86685;Almeri­a;15,215;120;1;371;3
CLI7311;F;Si;79;Si;Servicios;+20annos;Alto;1;1945;Generacion Silenciosa;79708;Barcelona;1,267;50;1;160;
CLI7312;M;Si;67;Si;Otros;+20annos;Medio;2;1957;Generacion X;26076;Caceres;1,443;30;0;310;0,5
CLI7313;F;Si;52;No;Ingeniero;+20annos;Bajo;1;1972;Generacion X;32171;Cordoba;1,385;30;0;205;
CLI7314;F;Si;40;Si;Ingeniero;10-20annos;Bajo;1;1984;Millennials;72391;Cordoba;1,629;50;0;164;
CLI7315;M;Si;44;No;Ingeniero;+20annos;Medio;1;1980;Generacion X;67527;ivila;0,778;30;0;558;4
CLI7316;M;Si;35;Si;Otros;10-20annos;Medio;2;1989;Millennials;24298;Leon;1,422;30;0;104;
CLI7317;F;Si;44;No;Construccion;+20annos;Medio;5;1980;Generacion X;91240;LLeida;1,445;30;1;400;3
CLI7318;F;Si;85;Si;Servicios;+20annos;Alto;2;1939;Generacion Silenciosa;95113;LLeida;0,974;50;0;218;
CLI7319;M;Si;46;Si;Otros;+20annos;Medio;2;1978;Generacion X;28515;Gerona;1,561;30;1;327;0,5
CLI7320;F;Si;79;Si;Servicios;+20annos;Alto;4;1945;Generacion Silenciosa;126532;Cuenca;1,17;80;0;79;
CLI7321;M;Si;92;No;Servicios;+20annos;Bajo;1;1932;Generacion Silenciosa;102346;Castellon;1,209;120;0;141;
CLI7322;M;No;30;No;Otros;<10annos;Bajo;1;1994;Millennials;29724;Sevilla;1,537;30;0;583;4
CLI7323;M;Si;35;Si;Artista;10-20annos;Bajo;2;1989;Millennials;31770;Santa Cruz de Tenerife;1,123;30;0;88;
CLI7324;F;Si;57;Si;Artista;+20annos;Medio;3;1967;Generacion X;56503;Murcia;1,013;80;1;266;
CLI7325;F;Si;58;Si;Artista;+20annos;Alto;6;1966;Generacion X;112235;Toledo;0,681;30;0;48;
CLI7326;M;;35;Si;Funcionario;10-20annos;Alto;5;1989;Millennials;29102;Badajoz;1,284;30;0;138;
CLI7327;F;Si;52;Si;Servicios;+20annos;Alto;4;1972;Generacion X;117332;Murcia;1,033;80;0;234;
CLI7328;F;Si;69;Si;Artista;+20annos;Medio;4;1955;Generacion X;34782;Cadiz;1,072;30;0;138;
CLI7329;M;Si;39;Si;Ejecutivo;10-20annos;Medio;5;1985;Millennials;27022;Caceres;1,307;30;1;365;
CLI7330;F;Si;30;Si;Negocios/empresa;<10annos;Bajo;1;1994;Millennials;19052;Albacete;0,87;30;0;589;4
CLI7331;M;No;54;Si;Artista;+20annos;Bajo;1;1970;Generacion X;87056;Orense;11,305;50;1;264;
CLI7332;F;No;34;No;Construccion;10-20annos;Bajo;1;1990;Millennials;21281;Albacete;1,261;30;1;112;
CLI7333;M;;22;No;Funcionario;<10annos;Bajo;2;2002;Generacion Z;22900;Castellon;1,374;30;0;389;3
CLI7334;M;Si;67;Si;Ejecutivo;+20annos;Alto;2;1957;Generacion X;90173;Soria;0,798;50;0;358;0,5
CLI7335;F;No;33;Si;Artista;10-20annos;Bajo;5;1991;Millennials;18822;Cordoba;1,767;30;1;132;
CLI7336;M;No;25;No;Funcionario;<10annos;Bajo;3;1999;Generacion Z;18354;Palencia;1,581;30;1;196;
CLI7337;M;Si;46;No;Otros;+20annos;Bajo;2;1978;Generacion X;66129;Valladolid;0,681;30;0;155;
CLI7338;M;Si;52;;Artista;+20annos;Bajo;1;1972;Generacion X;41941;Navarra;1,267;30;0;244;
CLI7339;F;Si;53;Si;Ingeniero;+20annos;Alto;5;1971;Generacion X;23218;La Rioja;1,052;30;0;91;
CLI7340;F;Si;63;Si;Artista;+20annos;Alto;1;1961;Generacion X;31096;Teruel;1,541;30;1;357;0,5
CLI7341;M;Si;43;No;Otros;+20annos;Medio;2;1981;Millennials;36382;Pontevedra;1,215;30;0;421;3
CLI7342;M;Si;47;Si;Ejecutivo;+20annos;Alto;3;1977;Generacion X;107559;Cadiz;1,658;80;1;200;
CLI7343;F;Si;62;Si;Artista;+20annos;Bajo;2;1962;Generacion X;75652;Soria;1,189;50;1;160;
CLI7344;F;Si;53;No;Artista;+20annos;Bajo;1;1971;Generacion X;123117;La Corui±a;1,17;120;1;335;0,5
CLI7345;M;No;29;Si;Artista;<10annos;Bajo;1;1995;Millennials;27967;Huesca;1,788;30;0;357;0,5
CLI7346;M;No;31;Si;Funcionario;<10annos;Bajo;5;1993;Millennials;30036;Orense;1,629;30;0;472;3
CLI7347;F;Si;78;Si;Servicios;+20annos;Alto;2;1946;Generacion X;37893;ilava;0,779;50;1;298;
CLI7348;F;Si;46;Si;Artista;+20annos;Medio;3;1978;Generacion X;32107;Jaen;1,326;30;0;125;
CLI7349;F;Si;55;Si;Artista;+20annos;Medio;9;1969;Generacion X;74294;Burgos;0,642;30;0;401;3
CLI7350;F;Si;68;Si;Servicios;+20annos;Bajo;3;1956;Generacion X;122257;Guadalajara;1,502;80;1;330;0,5
CLI7351;M;Si;47;Si;Artista;+20annos;Medio;3;1977;Generacion X;93267;Melilla;1,287;80;1;216;
CLI7352;F;No;35;No;Ingeniero;10-20annos;Bajo;4;1989;Millennials;19906;Barcelona;1,836;30;0;584;4
CLI7353;M;No;67;Si;Artista;+20annos;Bajo;1;1957;Generacion X;42393;Cordoba;1,443;50;0;379;1
CLI7354;F;Si;43;Si;Otros;+20annos;Bajo;2;1981;Millennials;34412;Palencia;0,985;30;1;251;
CLI7355;F;Si;51;Si;Artista;+20annos;Medio;2;1973;Generacion X;60209;Segovia;0,681;50;1;176;
CLI7356;M;Si;55;Si;Artista;+20annos;Medio;3;1969;Generacion X;66559;Gerona;1,385;80;1;384;3
CLI7357;M;Si;43;Si;Artista;+20annos;Bajo;4;1981;Millennials;87047;Leon;0,87;30;0;33;
CLI7358;F;No;39;Si;Artista;10-20annos;Bajo;1;1985;Millennials;25118;Alicante;0,962;30;0;329;0,5
CLI7359;F;Si;94;Si;Artista;+20annos;Bajo;1;1930;Generacion Silenciosa;107694;Barcelona;1,15;50;1;385;3
CLI7360;F;No;39;Si;Otros;10-20annos;Bajo;2;1985;Millennials;29894;Alicante;1,79;30;0;243;
CLI7361;F;No;36;Si;Funcionario;10-20annos;Bajo;1;1988;Millennials;23485;Soria;1,997;30;1;115;
CLI7362;M;No;23;No;Funcionario;<10annos;Bajo;3;2001;Generacion Z;19131;La Rioja;1,616;30;0;546;4
CLI7363;F;No;51;Si;Artista;+20annos;Bajo;1;1973;Generacion X;58210;Gerona;0,759;50;1;250;
CLI7364;F;No;41;Si;Artista;10-20annos;Bajo;1;1983;Millennials;64388;Cordoba;1,514;50;0;417;1
CLI7365;F;No;29;;Funcionario;<10annos;Bajo;7;1995;Millennials;18505;Baleares;2,789;30;1;361;0,5
CLI7366;M;Si;87;Si;Artista;+20annos;Alto;2;1937;Generacion Silenciosa;32323;La Rioja;1,404;30;1;298;
CLI7367;F;Si;36;Si;Ingeniero;10-20annos;Bajo;2;1988;Millennials;31640;Huesca;1,928;30;1;361;0,5
CLI7368;M;No;28;Si;Artista;<10annos;Bajo;3;1996;Millennials;27693;Soria;1,857;30;0;462;3
CLI7369;F;No;56;Si;Artista;+20annos;Bajo;1;1968;Generacion X;26798;Valencia;1,443;30;0;395;1
CLI7370;M;Si;58;Si;Ejecutivo;+20annos;Alto;4;1966;Generacion X;52554;Baleares;1,111;30;1;181;
CLI7371;F;No;45;Si;Artista;+20annos;Bajo;1;1979;Generacion X;68102;Las Palmas;1,192;50;0;200;
CLI7372;F;Si;51;Si;Artista;+20annos;Medio;5;1973;Generacion X;31777;Navarra;1,6;30;0;483;3
CLI7373;M;No;35;Si;Funcionario;10-20annos;Bajo;1;1989;Millennials;29684;LLeida;1,836;30;0;86;
CLI7374;M;No;68;Si;Artista;+20annos;Bajo;1;1956;Generacion X;61222;Valladolid;0,779;50;0;35;
CLI7375;M;No;47;No;Ingeniero;+20annos;Bajo;1;1977;Generacion X;106133;Navarra;0,955;120;0;195;
CLI7376;M;Si;40;Si;Artista;10-20annos;Bajo;3;1984;Millennials;55085;ilava;0,985;30;0;575;4
CLI7377;F;Si;63;Si;Artista;+20annos;Medio;3;1961;Generacion X;47553;Segovia;1,248;30;1;311;0,5
CLI7378;F;Si;54;Si;Artista;+20annos;Medio;4;1970;Generacion X;103142;Zamora;1,502;80;0;30;
CLI7379;F;Si;54;Si;Servicios;+20annos;Bajo;1;1970;Generacion X;105532;Ciudad Real;1,326;50;0;585;1
CLI7380;F;Si;56;Si;Artista;+20annos;Medio;4;1968;Generacion X;99070;Santa Cruz de Tenerife;1,17;80;0;556;4
CLI7381;F;No;44;No;Negocios/empresa;+20annos;Bajo;1;1980;Generacion X;61313;Tarragona;2,066;30;1;297;
CLI7382;M;Si;53;Si;Artista;+20annos;Medio;3;1971;Generacion X;78723;La Rioja;11,305;80;0;104;
CLI7383;M;Si;65;Si;Otros;+20annos;Medio;5;1959;Generacion X;80553;Ciudad Real;1,248;30;1;203;
CLI7384;M;Si;44;Si;Artista;+20annos;Medio;3;1980;Generacion X;90356;ivila;1,491;30;0;302;0,5
CLI7385;F;Si;64;Si;Artista;+20annos;Bajo;3;1960;Generacion X;121382;Lugo;1,267;80;1;103;
CLI7386;M;Si;47;Si;Otros;+20annos;Bajo;2;1977;Generacion X;61943;ilava;1,443;50;0;316;0,5
CLI7387;F;No;43;Si;Medico;+20annos;Bajo;1;1981;Millennials;88083;Guadalajara;1,169;50;0;113;
CLI7388;M;Si;32;No;Funcionario;10-20annos;Alto;2;1992;Millennials;20547;Lugo;1,376;30;0;492;3
CLI7389;F;Si;41;Si;Negocios/empresa;10-20annos;Bajo;1;1983;Millennials;92534;Lugo;1,33;50;0;58;
CLI7390;F;Si;54;Si;Artista;+20annos;Medio;4;1970;Generacion X;45832;La Rioja;1,697;30;0;123;
CLI7391;M;No;29;Si;Medico;<10annos;Bajo;2;1995;Millennials;26069;Leon;1,374;30;0;50;
CLI7392;F;Si;69;No;Artista;+20annos;Alto;2;1955;Generacion X;77463;Valladolid;1,482;120;1;359;0,5
CLI7393;M;No;29;Si;Artista;<10annos;Bajo;5;1995;Millennials;21200;Jaen;2,582;30;1;283;
CLI7394;M;No;23;No;Funcionario;<10annos;Bajo;5;2001;Generacion Z;17820;Alicante;1,581;30;0;32;
CLI7395;F;Si;62;Si;Ingeniero;+20annos;Medio;3;1962;Generacion X;101396;Las Palmas;11,305;80;0;326;0,5
CLI7396;M;Si;30;Si;Medico;<10annos;Medio;3;1994;Millennials;24663;Almeri­a;1,1;30;0;271;
CLI7397;M;Si;39;No;Otros;10-20annos;Bajo;1;1985;Millennials;24162;Baleares;0,87;30;1;180;
CLI7398;F;No;43;Si;Medico;+20annos;Bajo;2;1981;Millennials;76916;Soria;1,008;50;0;577;4
CLI7399;F;No;33;Si;Funcionario;10-20annos;Bajo;1;1991;Millennials;30916;Santa Cruz de Tenerife;0,962;30;0;239;
CLI7400;M;Si;92;No;Servicios;+20annos;Bajo;1;1932;Generacion Silenciosa;26025;Zaragoza;0,779;30;0;501;4
CLI7401;F;No;45;No;Ingeniero;+20annos;Bajo;1;1979;Generacion X;47309;Toledo;1,169;30;1;171;
CLI7402;M;Si;56;Si;Artista;+20annos;Medio;5;1968;Generacion X;51875;Melilla;0,681;30;0;268;
CLI7403;M;No;21;Si;Negocios/empresa;<10annos;Bajo;4;2003;Generacion Z;15597;Salamanca;1,512;30;1;398;3
CLI7404;F;Si;65;Si;Ingeniero;+20annos;Bajo;1;1959;Generacion X;74901;Palencia;0,896;50;0;281;
CLI7405;M;No;28;Si;Otros;<10annos;Bajo;3;1996;Millennials;28028;Huelva;14,085;30;1;361;0,5
CLI7406;F;Si;44;Si;Ingeniero;+20annos;Medio;4;1980;Generacion X;121446;Castellon;1,376;200;0;473;3
CLI7407;M;No;46;Si;Artista;+20annos;Bajo;1;1978;Generacion X;110143;Tarragona;1,209;50;0;32;
CLI7408;M;Si;80;No;Ejecutivo;+20annos;Alto;2;1944;Generacion Silenciosa;46626;Zaragoza;1,072;30;0;338;0,5
CLI7409;M;No;33;Si;Negocios/empresa;10-20annos;Bajo;5;1991;Millennials;18499;Salamanca;1,606;30;0;56;
CLI7410;F;No;32;No;Otros;10-20annos;Bajo;4;1992;Millennials;24644;Soria;1,951;30;1;327;0,5
CLI7411;M;Si;52;;Funcionario;+20annos;Medio;4;1972;Generacion X;118755;Las Palmas;0,818;30;1;279;
CLI7412;F;Si;30;No;Otros;<10annos;Alto;2;1994;Millennials;29052;Ceuta;0,778;30;0;122;
CLI7413;M;Si;39;Si;Artista;10-20annos;Alto;3;1985;Millennials;20065;Tarragona;1,882;30;1;382;3
CLI7414;F;No;25;No;Funcionario;<10annos;Bajo;3;1999;Generacion Z;21181;Teruel;3,099;30;0;525;4
CLI7415;F;Si;53;Si;Artista;+20annos;Bajo;1;1971;Generacion X;44574;Valladolid;1,365;50;0;157;
CLI7416;F;Si;36;Si;Funcionario;10-20annos;Medio;2;1988;Millennials;28663;Leon;1,859;30;0;381;3
CLI7417;F;Si;50;Si;Artista;+20annos;Medio;2;1974;Generacion X;42578;Leon;1,346;50;0;253;
CLI7418;F;No;25;No;Funcionario;<10annos;Bajo;3;1999;Generacion Z;21952;Jaen;2,34;30;1;155;
CLI7419;M;No;46;Si;Otros;+20annos;Bajo;8;1978;Generacion X;74293;Murcia;1,267;30;1;192;
CLI7420;F;Si;76;Si;Artista;+20annos;Alto;4;1948;Generacion X;116953;Zaragoza;1,346;80;1;189;
CLI7421;F;No;36;No;Funcionario;10-20annos;Bajo;6;1988;Millennials;22686;Tarragona;1,652;30;1;260;
CLI7422;M;No;31;No;Ejecutivo;<10annos;Bajo;4;1993;Millennials;28927;Alicante;1,008;30;0;452;3
CLI7423;F;No;21;No;Funcionario;<10annos;Bajo;4;2003;Generacion Z;14703;Salamanca;2,927;30;1;292;
CLI7424;F;No;23;No;Negocios/empresa;<10annos;Bajo;2;2001;Generacion Z;17139;Huelva;1,823;30;0;141;
CLI7425;M;Si;46;Si;Artista;+20annos;Medio;2;1978;Generacion X;73256;Castellon;1,346;50;0;54;
CLI7426;F;Si;96;Si;Servicios;+20annos;Alto;2;1928;Generacion Silenciosa;56744;Santa Cruz de Tenerife;1,228;50;0;246;
CLI7427;F;Si;89;No;Servicios;+20annos;Alto;2;1935;Generacion Silenciosa;34688;ivila;0,994;30;0;296;
CLI7428;F;No;42;Si;Medico;+20annos;Bajo;1;1982;Millennials;29815;Barcelona;2,02;30;0;282;
CLI7429;F;No;34;Si;Construccion;10-20annos;Bajo;1;1990;Millennials;23162;Salamanca;0,893;30;1;192;
CLI7430;M;Si;50;No;Ingeniero;+20annos;Medio;5;1974;Generacion X;35850;ivila;0,681;30;0;463;3
CLI7431;F;Si;91;Si;Servicios;+20annos;Bajo;1;1933;Generacion Silenciosa;113326;Alicante;1,6;50;0;200;
CLI7432;F;No;24;No;Funcionario;<10annos;Bajo;1;2000;Generacion Z;21056;Burgos;1,719;30;0;146;
CLI7433;F;Si;76;No;Ingeniero;+20annos;Medio;4;1948;Generacion X;58495;Murcia;0,622;30;1;344;0,5
CLI7434;M;No;40;Si;Artista;10-20annos;Bajo;1;1984;Millennials;25629;Ciudad Real;0,755;30;1;298;
CLI7435;M;Si;77;Si;Otros;+20annos;Alto;2;1947;Generacion X;125040;Palencia;0,642;50;0;56;
CLI7436;M;Si;44;No;Servicios;+20annos;Medio;5;1980;Generacion X;123429;Guipiºzcoa;0,939;200;0;450;3
CLI7437;M;No;23;No;Funcionario;<10annos;Bajo;6;2001;Generacion Z;21423;LLeida;1,443;30;0;347;0,5
CLI7438;M;No;21;No;Funcionario;<10annos;Bajo;4;2003;Generacion Z;12317;Jaen;2,168;30;0;59;
CLI7439;M;Si;43;Si;Artista;+20annos;Medio;3;1981;Millennials;122404;Ciudad Real;1,974;200;1;363;0,5
CLI7440;M;Si;31;No;Medico;<10annos;Bajo;2;1993;Millennials;27115;Murcia;1,698;30;0;120;
CLI7441;F;Si;44;Si;Artista;+20annos;Medio;4;1980;Generacion X;69171;Ceuta;1,491;30;0;75;
CLI7442;F;Si;32;No;Negocios/empresa;10-20annos;Bajo;1;1992;Millennials;30085;Vizcaya;1,951;30;1;333;0,5
CLI7443;M;Si;58;Si;Medico;+20annos;Bajo;1;1966;Generacion X;39674;Segovia;1,58;50;0;188;
CLI7444;F;Si;46;Si;Artista;+20annos;Medio;2;1978;Generacion X;72611;Baleares;1,639;50;1;274;
CLI7445;M;Si;44;No;Artista;+20annos;Medio;2;1980;Generacion X;88206;Barcelona;1,445;120;1;355;0,5
CLI7446;F;No;53;No;Ingeniero;+20annos;Bajo;1;1971;Generacion X;33109;Tarragona;1,6;30;0;60;
CLI7447;F;Si;32;Si;Artista;10-20annos;Bajo;2;1992;Millennials;22244;Guipiºzcoa;1,238;30;0;402;3
CLI7448;M;Si;78;No;Ejecutivo;+20annos;Bajo;3;1946;Generacion X;88605;Santa Cruz de Tenerife;1,561;30;1;357;0,5
CLI7449;F;Si;90;No;Servicios;+20annos;Alto;2;1934;Generacion Silenciosa;78930;Valencia;1,287;120;1;170;
CLI7450;F;Si;55;Si;Otros;+20annos;Bajo;2;1969;Generacion X;49525;Navarra;1,502;50;1;380;3
CLI7451;M;No;44;Si;Artista;+20annos;Bajo;2;1980;Generacion X;70577;Pontevedra;0,824;50;0;163;
CLI7452;M;No;20;No;Funcionario;<10annos;Bajo;4;2004;Generacion Z;19903;Baleares;1,892;30;0;316;0,5
CLI7453;M;Si;46;No;Otros;+20annos;Medio;4;1978;Generacion X;85554;Madrid;1,267;30;1;169;
CLI7454;M;Si;43;Si;Otros;+20annos;Medio;2;1981;Millennials;30118;Segovia;1,008;30;0;155;
CLI7455;F;No;35;Si;Artista;10-20annos;Bajo;1;1989;Millennials;19060;Gerona;1,928;30;0;211;
CLI7456;F;Si;55;Si;Artista;+20annos;Bajo;2;1969;Generacion X;51580;Leon;0,759;50;0;551;4
CLI7457;F;Si;66;Si;Ingeniero;+20annos;Medio;3;1958;Generacion X;103266;Sevilla;0,779;80;0;166;
CLI7458;F;No;42;No;Ingeniero;+20annos;Bajo;1;1982;Millennials;106159;Santa Cruz de Tenerife;1,1;120;1;299;
CLI7459;M;Si;66;No;Ingeniero;+20annos;Medio;3;1958;Generacion X;54798;Burgos;1,463;30;0;420;3
CLI7460;M;Si;44;No;Ingeniero;+20annos;Bajo;1;1980;Generacion X;72240;Badajoz;1,836;30;0;588;4
CLI7461;F;Si;44;No;Construccion;+20annos;Medio;2;1980;Generacion X;24404;Palencia;1,422;30;0;152;
CLI7462;M;Si;72;No;Medico;+20annos;Bajo;1;1952;Generacion X;50452;Ceuta;1,561;30;0;568;4
CLI7463;F;No;42;Si;Funcionario;+20annos;Bajo;2;1982;Millennials;86659;Ciudad Real;0,663;50;0;180;
CLI7464;M;No;41;Si;Ingeniero;10-20annos;Bajo;1;1983;Millennials;88886;Toledo;1,146;50;0;79;
CLI7465;M;Si;58;Si;Artista;+20annos;Bajo;1;1966;Generacion X;119806;Ciudad Real;0,72;50;0;137;
CLI7466;M;No;43;Si;Artista;+20annos;Bajo;1;1981;Millennials;85241;Murcia;0,709;50;0;219;
CLI7467;M;Si;68;No;Otros;+20annos;Bajo;2;1956;Generacion X;95195;ivila;1,033;120;0;584;4
CLI7468;M;Si;52;Si;Artista;+20annos;Medio;2;1972;Generacion X;121178;Melilla;0,798;50;0;453;3
CLI7469;M;;42;Si;Otros;+20annos;Medio;4;1982;Millennials;23721;La Rioja;2,02;30;0;363;0,5
CLI7470;F;Si;33;No;Construccion;10-20annos;Medio;2;1991;Millennials;25936;Santa Cruz de Tenerife;0,686;30;0;235;
CLI7471;F;Si;68;No;Artista;+20annos;Medio;3;1956;Generacion X;41906;Santa Cruz de Tenerife;1,697;30;0;319;0,5
CLI7472;M;Si;76;No;Medico;+20annos;Bajo;2;1948;Generacion X;111528;Murcia;1,091;120;0;340;0,5
CLI7473;F;No;21;No;Funcionario;<10annos;Bajo;2;2003;Generacion Z;21605;Caceres;1,857;30;0;405;3
CLI7474;M;No;20;No;Funcionario;<10annos;Bajo;4;2004;Generacion Z;21011;Huelva;2,03;30;1;323;0,5
CLI7475;F;No;39;Si;Artista;10-20annos;Bajo;1;1985;Millennials;20445;Lugo;1,238;30;0;94;
CLI7476;M;No;54;No;Funcionario;+20annos;Bajo;1;1970;Generacion X;106618;Navarra;0,759;120;0;348;0,5
CLI7477;F;Si;40;Si;Artista;10-20annos;Medio;2;1984;Millennials;42527;Alicante;0,663;50;0;261;
CLI7478;F;Si;39;Si;Ingeniero;10-20annos;Bajo;3;1985;Millennials;25378;Barcelona;1,399;30;0;363;0,5
CLI7479;M;;40;Si;Funcionario;10-20annos;Alto;2;1984;Millennials;82899;Malaga;1,238;50;0;584;1
CLI7480;M;No;33;Si;Funcionario;10-20annos;Bajo;1;1991;Millennials;24028;Cordoba;2,02;30;0;412;3
CLI7481;M;Si;52;Si;Ejecutivo;+20annos;Alto;4;1972;Generacion X;58301;LLeida;1,228;80;0;450;1
CLI7482;M;No;25;No;Artista;<10annos;Bajo;4;1999;Generacion Z;27164;Valladolid;1,719;30;0;432;3
CLI7483;F;Si;46;Si;Medico;+20annos;Medio;4;1978;Generacion X;118580;Caceres;1,326;80;0;363;0,5
CLI7484;F;Si;52;Si;Artista;+20annos;Medio;4;1972;Generacion X;57910;Palencia;0,915;80;0;367;3
CLI7485;M;Si;44;Si;Funcionario;+20annos;Bajo;3;1980;Generacion X;109812;Cuenca;1,514;30;0;405;1
CLI7486;M;Si;65;No;Ejecutivo;+20annos;Alto;3;1959;Generacion X;117324;Ciudad Real;1,678;30;0;522;4
CLI7487;F;Si;42;Si;Artista;+20annos;Bajo;2;1982;Millennials;40424;Cordoba;1,1;50;0;342;0,5
CLI7488;M;Si;80;Si;Servicios;+20annos;Alto;2;1944;Generacion Silenciosa;117558;ivila;0,779;50;0;378;3
CLI7489;M;No;50;Si;Artista;+20annos;Bajo;1;1974;Generacion X;120321;Cordoba;0,642;50;1;145;
CLI7490;M;Si;78;Si;Artista;+20annos;Medio;4;1946;Generacion X;126441;Sevilla;0,798;80;0;377;3
CLI7491;F;Si;66;No;Ingeniero;+20annos;Bajo;2;1958;Generacion X;84279;La Rioja;0,779;120;0;37;
CLI7492;M;No;30;Si;Medico;<10annos;Bajo;2;1994;Millennials;30614;Lugo;1,744;30;0;428;3
CLI7493;F;Si;63;Si;Artista;+20annos;Bajo;2;1961;Generacion X;81652;Segovia;0,779;50;0;235;
CLI7494;M;No;29;No;Funcionario;<10annos;Bajo;3;1995;Millennials;26627;Baleares;2,306;30;0;118;
CLI7495;F;Si;20;No;Artista;<10annos;Alto;1;2004;Generacion Z;21563;Segovia;2,409;30;0;496;3
CLI7496;F;Si;46;Si;Artista;+20annos;Medio;2;1978;Generacion X;85646;Castellon;1,385;50;0;94;
CLI7497;M;Si;54;No;Ejecutivo;+20annos;Alto;4;1970;Generacion X;52576;Lugo;0,974;30;0;597;4
CLI7498;M;Si;44;Si;Otros;+20annos;Bajo;2;1980;Generacion X;33436;LLeida;0,686;30;0;389;3
CLI7499;F;No;44;Si;Artista;+20annos;Bajo;9;1980;Generacion X;46320;Navarra;1,537;30;1;260;
CLI7500;M;No;21;No;Funcionario;<10annos;Bajo;3;2003;Generacion Z;19928;La Rioja;2,651;30;0;325;0,5
CLI7501;M;Si;46;Si;Artista;+20annos;Medio;2;1978;Generacion X;107115;ilava;1,287;50;0;367;3
CLI7502;F;No;55;Si;Ingeniero;+20annos;Bajo;1;1969;Generacion X;111716;Zaragoza;15,215;50;0;195;
CLI7503;M;Si;79;No;Otros;+20annos;Medio;2;1945;Generacion Silenciosa;110707;Teruel;1,639;120;0;395;3
CLI7504;M;Si;74;Si;Servicios;+20annos;Alto;3;1950;Generacion X;100928;Sevilla;1,756;80;0;281;
CLI7505;M;Si;41;Si;Otros;10-20annos;Bajo;1;1983;Millennials;46227;Tarragona;1,56;50;0;86;
CLI7506;M;Si;42;Si;Ejecutivo;+20annos;Alto;4;1982;Millennials;60094;Salamanca;1,445;30;0;434;1
CLI7507;F;No;46;Si;Negocios/empresa;+20annos;Bajo;3;1978;Generacion X;51415;Caceres;0,974;30;0;39;
CLI7508;M;Si;29;No;Artista;<10annos;Bajo;4;1995;Millennials;21070;Tarragona;3,03;30;0;275;
CLI7509;M;Si;35;No;Ejecutivo;10-20annos;Alto;5;1989;Millennials;24698;Jaen;1,33;30;0;509;4
CLI7510;M;Si;56;Si;Artista;+20annos;Bajo;1;1968;Generacion X;32600;Gerona;1,737;30;0;91;
CLI7511;M;Si;67;No;Ingeniero;+20annos;Medio;3;1957;Generacion X;69098;Huesca;0,622;30;0;500;
CLI7512;M;Si;42;No;Ingeniero;+20annos;Medio;3;1982;Millennials;106612;Granada;1,261;30;0;446;3
CLI7513;M;Si;80;No;Servicios;+20annos;Bajo;1;1944;Generacion Silenciosa;41118;Palencia;1,052;30;0;342;0,5
CLI7514;F;No;33;No;Ingeniero;10-20annos;Bajo;1;1991;Millennials;19332;Badajoz;0,939;30;0;190;
CLI7515;F;Si;68;Si;Artista;+20annos;Medio;2;1956;Generacion X;128867;Madrid;1,267;50;0;295;
CLI7516;M;Si;44;Si;Ejecutivo;+20annos;Bajo;4;1980;Generacion X;31410;Malaga;1,767;30;0;364;0,5
CLI7517;M;No;46;Si;Funcionario;+20annos;Bajo;3;1978;Generacion X;71662;Barcelona;1,697;80;0;502;1
CLI7518;M;No;33;Si;Funcionario;10-20annos;Bajo;1;1991;Millennials;29628;Malaga;1,836;30;1;331;0,5
CLI7519;F;Si;51;No;Construccion;+20annos;Bajo;1;1973;Generacion X;74192;Madrid;1,6;30;0;253;
CLI7520;F;Si;75;;Servicios;+20annos;Bajo;1;1949;Generacion X;88610;Valencia;0,896;120;0;124;
CLI7521;F;Si;42;No;Ingeniero;+20annos;Medio;4;1982;Millennials;117933;Cuenca;0,686;30;1;397;3
CLI7522;M;Si;44;Si;Medico;+20annos;Medio;5;1980;Generacion X;115420;Santa Cruz de Tenerife;1,859;30;0;475;3
CLI7523;M;Si;55;No;Otros;+20annos;Medio;3;1969;Generacion X;49205;Vizcaya;1,463;30;0;387;3
CLI7524;F;No;31;No;Otros;<10annos;Bajo;2;1993;Millennials;18729;Sevilla;1,537;30;0;321;0,5
CLI7525;F;Si;78;No;Servicios;+20annos;Bajo;1;1946;Generacion X;92725;Lugo;1,228;120;0;168;
CLI7526;F;Si;41;Si;Artista;10-20annos;Bajo;2;1983;Millennials;85135;Melilla;1,882;50;0;246;
CLI7527;F;Si;56;Si;Artista;+20annos;Medio;4;1968;Generacion X;87365;Badajoz;0,642;80;1;153;
CLI7528;F;Si;45;Si;Ingeniero;+20annos;Medio;4;1979;Generacion X;127714;Leon;1,445;200;0;520;4
CLI7529;F;Si;72;Si;Artista;+20annos;Medio;4;1952;Generacion X;80844;Orense;0,779;80;0;470;3
CLI7530;F;Si;53;No;Negocios/empresa;+20annos;Medio;2;1971;Generacion X;92495;Alicante;1,033;120;0;119;
CLI7531;F;Si;69;Si;Servicios;+20annos;Medio;3;1955;Generacion X;42482;Lugo;1,482;30;1;398;3
CLI7532;M;Si;75;No;Servicios;+20annos;Alto;1;1949;Generacion X;24334;Alicante;1,463;30;0;489;3
CLI7533;F;Si;52;Si;Artista;+20annos;Medio;2;1972;Generacion X;129325;Santa Cruz de Tenerife;1,737;50;0;428;3
CLI7534;M;No;31;Si;Artista;<10annos;Bajo;2;1993;Millennials;27522;Huelva;1,215;30;0;322;0,5
CLI7535;F;No;42;Si;Otros;+20annos;Bajo;1;1982;Millennials;30328;Ceuta;1,905;30;0;64;
CLI7536;M;No;40;Si;Otros;10-20annos;Bajo;2;1984;Millennials;90398;Jaen;1,997;50;0;438;1
CLI7537;F;No;30;No;Artista;<10annos;Bajo;4;1994;Millennials;25211;Sevilla;0,778;30;0;427;3
CLI7538;M;Si;40;No;Otros;10-20annos;Medio;3;1984;Millennials;77927;La Corui±a;1,468;30;0;324;0,5
CLI7539;F;Si;72;Si;Servicios;+20annos;Medio;4;1952;Generacion X;110204;Ceuta;11,305;80;1;295;
CLI7540;F;No;30;No;Construccion;<10annos;Bajo;1;1994;Millennials;23942;Granada;0,732;30;0;568;4
CLI7541;M;Si;76;No;Servicios;+20annos;Alto;2;1948;Generacion X;57277;Zamora;1,619;30;0;208;
CLI7542;F;Si;88;Si;Servicios;+20annos;Alto;1;1936;Generacion Silenciosa;101973;Caceres;0,798;50;1;182;
CLI7543;M;;65;Si;Otros;+20annos;Medio;4;1959;Generacion X;122001;Melilla;0,622;80;0;422;3
CLI7544;M;Si;55;;Ejecutivo;+20annos;Medio;9;1969;Generacion X;93250;Albacete;1,717;30;1;372;3
CLI7545;F;Si;85;No;Servicios;+20annos;Alto;2;1939;Generacion Silenciosa;28818;Teruel;1,717;30;0;363;0,5
CLI7546;M;Si;75;No;Ejecutivo;+20annos;Alto;3;1949;Generacion X;88380;Guipiºzcoa;1,619;30;0;292;
CLI7547;M;Si;55;Si;Artista;+20annos;Bajo;3;1969;Generacion X;21192;Sevilla;1,737;30;0;278;
CLI7548;M;No;29;Si;Funcionario;<10annos;Bajo;5;1995;Millennials;28917;Alicante;1,857;30;0;330;0,5
CLI7549;M;Si;51;Si;Artista;+20annos;Medio;4;1973;Generacion X;32676;Cadiz;1,326;30;0;40;
CLI7550;M;Si;40;Si;Artista;10-20annos;Medio;2;1984;Millennials;122290;Albacete;1,767;50;0;344;0,5
CLI7551;F;Si;44;Si;Artista;+20annos;Medio;5;1980;Generacion X;81271;Castellon;0,847;30;0;481;3
CLI7552;M;No;36;Si;Funcionario;10-20annos;Bajo;5;1988;Millennials;27777;Palencia;1,583;30;1;124;
CLI7553;M;No;62;No;Negocios/empresa;+20annos;Bajo;2;1962;Generacion X;56275;Almeri­a;1,209;30;1;244;
CLI7554;F;No;28;No;Medico;<10annos;Bajo;1;1996;Millennials;24348;Navarra;1,167;30;0;511;4
CLI7555;M;Si;67;Si;Servicios;+20annos;Alto;2;1957;Generacion X;116266;Cadiz;1,15;50;0;70;
CLI7556;F;Si;46;Si;Otros;+20annos;Medio;4;1978;Generacion X;111111;Valladolid;1,463;80;0;535;4
CLI7557;M;Si;54;Si;Artista;+20annos;Bajo;4;1970;Generacion X;108451;Burgos;0,74;80;0;317;0,5
CLI7558;M;Si;53;No;Otros;+20annos;Medio;3;1971;Generacion X;53698;Jaen;0,661;30;0;336;0,5
CLI7559;M;Si;40;Si;Funcionario;10-20annos;Bajo;3;1984;Millennials;52261;Albacete;1,675;30;0;36;
CLI7560;M;Si;52;Si;Artista;+20annos;Bajo;1;1972;Generacion X;38149;Barcelona;0,837;50;0;551;4
CLI7561;M;Si;77;Si;Medico;+20annos;Alto;3;1947;Generacion X;101802;Navarra;1,326;80;1;232;
CLI7562;M;No;23;No;Funcionario;<10annos;Bajo;4;2001;Generacion Z;23054;La Rioja;1,995;30;0;439;3
CLI7563;M;No;56;Si;Artista;+20annos;Bajo;1;1968;Generacion X;117626;Burgos;0,974;50;1;318;0,5
CLI7564;M;Si;51;Si;Artista;+20annos;Bajo;2;1973;Generacion X;79180;Navarra;1,052;50;0;380;3
CLI7565;M;No;36;Si;Artista;10-20annos;Bajo;2;1988;Millennials;23848;Huelva;2,066;30;0;325;0,5
CLI7566;M;No;29;Si;Funcionario;<10annos;Bajo;3;1995;Millennials;23412;Tarragona;2,754;30;1;169;
CLI7567;F;Si;41;Si;Ingeniero;10-20annos;Alto;2;1983;Millennials;27682;Zaragoza;1,008;30;0;440;3
CLI7568;M;Si;52;Si;Otros;+20annos;Medio;3;1972;Generacion X;65527;Huesca;1,209;80;0;174;
CLI7569;F;No;42;Si;Otros;+20annos;Bajo;2;1982;Millennials;128225;Navarra;1,905;50;1;288;
CLI7570;F;No;40;Si;Artista;10-20annos;Bajo;1;1984;Millennials;49213;Salamanca;1,284;50;0;552;1
CLI7571;M;Si;32;No;Artista;10-20annos;Medio;2;1992;Millennials;29166;Valladolid;1,491;30;0;49;
CLI7572;M;Si;45;No;Ejecutivo;+20annos;Alto;4;1979;Generacion X;102613;Melilla;1,652;30;1;147;
CLI7573;M;No;22;No;Funcionario;<10annos;Bajo;3;2002;Generacion Z;12970;Guadalajara;1,857;30;0;225;
CLI7574;F;No;40;Si;Artista;10-20annos;Bajo;1;1984;Millennials;58084;Zamora;1,077;50;0;222;
CLI7575;F;No;25;No;Funcionario;<10annos;Bajo;6;1999;Generacion Z;24608;ilava;13,395;30;0;548;4
CLI7576;M;Si;58;Si;Ingeniero;+20annos;Medio;3;1966;Generacion X;48734;Sevilla;0,935;30;0;578;4
CLI7577;M;Si;76;Si;Artista;+20annos;Medio;2;1948;Generacion X;63803;Albacete;0,759;50;0;511;4
CLI7578;M;No;31;Si;Medico;<10annos;Bajo;3;1993;Millennials;29317;Almeri­a;1,491;30;0;210;
CLI7579;M;No;34;No;Negocios/empresa;10-20annos;Bajo;1;1990;Millennials;26747;Valencia;1,905;30;0;369;3
CLI7580;M;Si;40;Si;Ejecutivo;10-20annos;Alto;2;1984;Millennials;33937;Malaga;1,054;30;0;306;0,5
CLI7581;M;No;31;Si;Medico;<10annos;Bajo;9;1993;Millennials;24460;Zaragoza;0,939;30;0;475;3
CLI7582;F;Si;50;Si;Artista;+20annos;Medio;3;1974;Generacion X;103984;Baleares;1,463;80;0;514;4
CLI7583;F;No;28;;Funcionario;<10annos;Bajo;1;1996;Millennials;30589;Baleares;1,719;30;0;538;4
CLI7584;F;;33;Si;Medico;10-20annos;Bajo;3;1991;Millennials;25994;Malaga;1,974;30;0;81;
CLI7585;F;Si;86;Si;Servicios;+20annos;Bajo;1;1938;Generacion Silenciosa;104049;Madrid;0,74;50;0;199;
CLI7586;F;Si;66;Si;Artista;+20annos;Medio;5;1958;Generacion X;35059;ilava;0,7;30;1;252;
CLI7587;M;Si;67;No;Artista;+20annos;Bajo;2;1957;Generacion X;49486;Leon;0,622;30;0;59;
CLI7588;F;No;24;No;Medico;<10annos;Bajo;4;2000;Generacion Z;23218;Melilla;14,775;30;0;390;3
CLI7589;F;Si;55;Si;Artista;+20annos;Medio;2;1969;Generacion X;114199;Sevilla;1,443;50;0;561;4
CLI7590;M;;47;No;Ejecutivo;+20annos;Medio;3;1977;Generacion X;40913;Burgos;0,603;30;1;290;
CLI7591;M;Si;56;No;Otros;+20annos;Bajo;3;1968;Generacion X;68656;Huesca;1,443;30;1;278;
CLI7592;M;No;34;No;Funcionario;10-20annos;Bajo;1;1990;Millennials;23945;Almeri­a;0,87;30;0;191;
CLI7593;F;No;30;No;Ingeniero;<10annos;Bajo;7;1994;Millennials;30305;Tarragona;2,02;30;1;159;
CLI7594;F;Si;50;Si;Ejecutivo;+20annos;Alto;2;1974;Generacion X;54444;Tarragona;0,642;50;0;116;
CLI7595;M;Si;35;Si;Funcionario;10-20annos;Bajo;2;1989;Millennials;29724;Albacete;1,905;30;1;307;0,5
CLI7596;F;No;24;No;Funcionario;<10annos;Bajo;3;2000;Generacion Z;19873;Las Palmas;1,719;30;0;86;
CLI7597;M;No;46;Si;Artista;+20annos;Bajo;1;1978;Generacion X;123926;Guipiºzcoa;1,287;50;0;547;1
CLI7598;M;No;33;Si;Artista;10-20annos;Bajo;4;1991;Millennials;18088;Sevilla;1,077;30;0;150;
CLI7599;F;No;33;Si;Funcionario;10-20annos;Bajo;1;1991;Millennials;25264;Orense;1,905;30;1;338;0,5
CLI7600;M;Si;66;No;Ejecutivo;+20annos;Alto;2;1958;Generacion X;21964;Albacete;0,779;30;1;278;
CLI7601;M;No;36;No;Otros;10-20annos;Bajo;3;1988;Millennials;19261;Albacete;1,859;30;0;183;
CLI7602;F;No;30;Si;Artista;<10annos;Bajo;1;1994;Millennials;24560;Murcia;1,698;30;0;261;
CLI7603;F;No;40;No;Ingeniero;10-20annos;Bajo;1;1984;Millennials;35387;Granada;1,077;30;0;254;
CLI7604;M;Si;55;;Artista;+20annos;Medio;4;1969;Generacion X;125166;Navarra;1,033;200;0;452;3
CLI7605;M;Si;32;Si;Artista;10-20annos;Bajo;5;1992;Millennials;25193;Orense;1,031;30;0;522;4
CLI7606;F;No;20;No;Funcionario;<10annos;Bajo;5;2004;Generacion Z;17689;Caceres;1,512;30;0;468;3
CLI7607;F;Si;46;Si;Artista;+20annos;Medio;3;1978;Generacion X;117680;Zaragoza;0,837;80;0;183;
CLI7608;M;Si;50;Si;Artista;+20annos;Medio;2;1974;Generacion X;93899;Palencia;1,209;50;0;450;3
CLI7609;F;Si;67;No;Negocios/empresa;+20annos;Medio;1;1957;Generacion X;25012;Huelva;1,111;30;1;162;
CLI7610;M;Si;91;No;Servicios;+20annos;Bajo;1;1933;Generacion Silenciosa;77358;Leon;1,619;120;0;34;
CLI7611;F;Si;45;No;Ingeniero;+20annos;Medio;4;1979;Generacion X;120636;Cuenca;1,859;200;0;179;
CLI7612;F;No;44;Si;Ingeniero;+20annos;Bajo;1;1980;Generacion X;109140;Lugo;1,468;50;0;447;1
CLI7613;M;No;23;No;Funcionario;<10annos;Bajo;3;2001;Generacion Z;16218;Alicante;2,133;30;0;480;3
CLI7614;F;Si;73;Si;Artista;+20annos;Medio;3;1951;Generacion X;113199;Ceuta;0,798;80;0;246;
CLI7615;M;Si;47;No;Artista;+20annos;Medio;2;1977;Generacion X;85142;Burgos;1,228;120;0;245;
CLI7616;M;No;20;No;Funcionario;<10annos;Bajo;2;2004;Generacion Z;17093;Valencia;2,271;30;0;485;3
CLI7617;F;;65;Si;Artista;+20annos;Medio;2;1959;Generacion X;28592;ivila;0,564;30;1;221;
CLI7618;M;No;24;No;Funcionario;<10annos;Bajo;4;2000;Generacion Z;22956;ivila;1,926;30;1;222;
CLI7619;M;Si;55;Si;Artista;+20annos;Bajo;2;1969;Generacion X;34674;Guipiºzcoa;0,935;30;1;336;0,5
CLI7620;M;No;52;Si;Ingeniero;+20annos;Bajo;2;1972;Generacion X;61739;Valencia;1,365;50;1;279;
CLI7621;F;No;32;No;Ingeniero;10-20annos;Bajo;6;1992;Millennials;24805;Vizcaya;0,801;30;1;181;
CLI7622;F;Si;68;Si;Artista;+20annos;Medio;5;1956;Generacion X;114147;Cordoba;1,326;30;1;305;0,5
CLI7623;M;No;23;No;Funcionario;<10annos;Bajo;4;2001;Generacion Z;21133;Huesca;2,582;30;0;179;
CLI7624;F;No;40;Si;Artista;10-20annos;Bajo;2;1984;Millennials;124020;Teruel;0,939;50;0;137;
CLI7625;F;Si;42;Si;Artista;+20annos;Alto;3;1982;Millennials;128163;Vizcaya;0,709;200;1;228;
CLI7626;M;No;28;No;Medico;<10annos;Bajo;1;1996;Millennials;28783;Segovia;1,926;30;1;257;
CLI7627;M;Si;42;No;Ingeniero;+20annos;Alto;6;1982;Millennials;29406;Cadiz;1,721;30;0;384;3
CLI7628;F;Si;39;No;Ingeniero;10-20annos;Alto;1;1985;Millennials;21300;Ceuta;1,491;30;1;186;
CLI7629;F;No;33;Si;Otros;10-20annos;Bajo;3;1991;Millennials;31243;Santa Cruz de Tenerife;1,031;30;0;320;0,5
CLI7630;F;No;33;No;Medico;10-20annos;Bajo;4;1991;Millennials;19224;Palencia;1,537;30;0;590;4
CLI7631;M;No;31;Si;Funcionario;<10annos;Bajo;3;1993;Millennials;23544;Orense;0,663;30;0;590;4
CLI7632;F;No;58;Si;Otros;+20annos;Bajo;1;1966;Generacion X;128762;Barcelona;1,365;50;0;549;1
CLI7633;M;Si;53;Si;Artista;+20annos;Medio;2;1971;Generacion X;53307;Cadiz;1,717;50;1;287;
CLI7634;M;Si;34;No;Otros;10-20annos;Bajo;6;1990;Millennials;23996;Ciudad Real;1,813;30;0;163;
CLI7635;M;No;31;No;Servicios;<10annos;Bajo;1;1993;Millennials;26756;Huelva;1,353;30;0;314;0,5
CLI7636;M;No;29;Si;Artista;<10annos;Bajo;1;1995;Millennials;25543;La Rioja;2,099;30;1;323;0,5
CLI7637;F;Si;63;Si;Artista;+20annos;Alto;3;1961;Generacion X;28123;Guipiºzcoa;0,798;30;1;238;
CLI7638;F;Si;41;Si;Artista;10-20annos;Bajo;2;1983;Millennials;50157;Melilla;1,951;50;1;279;
CLI7639;M;No;57;Si;Artista;+20annos;Bajo;3;1967;Generacion X;43290;Madrid;0,857;30;0;254;
CLI7640;F;Si;95;Si;Servicios;+20annos;Alto;2;1929;Generacion Silenciosa;21092;La Rioja;1,228;30;0;592;1
CLI7641;F;No;45;Si;Artista;+20annos;Bajo;1;1979;Generacion X;27785;Vizcaya;1,031;30;0;448;3
CLI7642;F;No;28;No;Negocios/empresa;<10annos;Bajo;2;1996;Millennials;29858;Sevilla;2,72;30;1;393;3
CLI7643;F;No;56;Si;Artista;+20annos;Bajo;1;1968;Generacion X;53120;Sevilla;0,564;50;1;383;3
CLI7644;M;Si;35;No;Otros;10-20annos;Bajo;2;1989;Millennials;20566;Salamanca;1,169;30;0;414;3
CLI7645;M;;44;Si;Artista;+20annos;Bajo;1;1980;Generacion X;80216;Zaragoza;1,422;50;0;302;0,5
CLI7646;M;Si;45;No;Otros;+20annos;Medio;4;1979;Generacion X;40347;Tarragona;0,732;30;0;163;
CLI7647;M;No;25;No;Funcionario;<10annos;Bajo;2;1999;Generacion Z;20633;Toledo;1,167;30;0;285;
CLI7648;F;No;57;Si;Artista;+20annos;Bajo;3;1967;Generacion X;122447;Vizcaya;0,994;80;0;419;3
CLI7649;M;Si;54;Si;Artista;+20annos;Bajo;2;1970;Generacion X;32811;Melilla;1,639;30;0;159;
CLI7650;F;Si;33;Si;Funcionario;10-20annos;Medio;4;1991;Millennials;22766;Toledo;1,399;30;0;317;0,5
CLI7651;F;Si;51;Si;Artista;+20annos;Medio;4;1973;Generacion X;66134;Leon;0,798;80;0;224;
CLI7652;F;Si;28;No;Construccion;<10annos;Medio;2;1996;Millennials;24039;Teruel;1,305;30;0;275;
CLI7653;F;Si;40;Si;Construccion;10-20annos;Medio;3;1984;Millennials;29683;Valladolid;1,56;30;1;344;0,5
CLI7654;F;No;52;Si;Otros;+20annos;Bajo;1;1972;Generacion X;107206;Baleares;1,072;50;0;371;3
CLI7655;M;Si;63;Si;Artista;+20annos;Bajo;1;1961;Generacion X;108244;Ceuta;0,818;50;0;308;0,5
CLI7656;M;Si;67;Si;Artista;+20annos;Bajo;2;1957;Generacion X;35874;ilava;1,6;50;0;390;1
CLI7657;F;No;21;No;Funcionario;<10annos;Bajo;1;2003;Generacion Z;15123;ivila;2,168;30;0;572;4
CLI7658;M;;21;No;Funcionario;<10annos;Bajo;3;2003;Generacion Z;22643;Zamora;2,927;30;1;256;
CLI7659;M;Si;43;Si;Artista;+20annos;Medio;2;1981;Millennials;51848;Orense;0,985;50;1;221;
CLI7660;M;Si;41;Si;Artista;10-20annos;Bajo;4;1983;Millennials;39581;LLeida;1,606;30;0;257;
CLI7661;M;Si;61;Si;Artista;+20annos;Bajo;2;1963;Generacion X;89418;La Rioja;0,818;50;1;336;0,5
CLI7662;F;No;24;No;Negocios/empresa;<10annos;Bajo;2;2000;Generacion Z;16563;Albacete;1,167;30;0;89;
CLI7663;M;Si;51;Si;Artista;+20annos;Bajo;2;1973;Generacion X;45597;Sevilla;1,209;50;0;100;
CLI7664;M;No;35;Si;Medico;10-20annos;Bajo;4;1989;Millennials;25703;LLeida;1,491;30;1;367;3
CLI7665;M;No;40;Si;Artista;10-20annos;Bajo;1;1984;Millennials;24206;Guipiºzcoa;1,123;30;0;248;
CLI7666;M;No;25;No;Funcionario;<10annos;Bajo;3;1999;Generacion Z;22604;Murcia;1,167;30;1;325;0,5
CLI7667;M;No;20;No;Funcionario;<10annos;Bajo;3;2004;Generacion Z;20097;Segovia;14,775;30;0;573;4
CLI7668;M;Si;33;Si;Otros;10-20annos;Medio;3;1991;Millennials;23751;Madrid;1,238;30;1;206;
CLI7669;M;Si;78;No;Ejecutivo;+20annos;Alto;4;1946;Generacion X;74835;Guadalajara;0,603;30;0;539;4
CLI7670;M;Si;52;Si;Artista;+20annos;Medio;4;1972;Generacion X;81728;La Corui±a;1,052;80;1;327;0,5
CLI7671;M;No;50;Si;Artista;+20annos;Bajo;4;1974;Generacion X;109621;Baleares;1,619;80;0;55;
CLI7672;F;Si;46;Si;Ingeniero;+20annos;Medio;4;1978;Generacion X;105931;Pontevedra;1,052;80;1;102;
CLI7673;M;Si;35;Si;Medico;10-20annos;Medio;3;1989;Millennials;18502;Guadalajara;1,284;30;1;282;
CLI7674;F;No;28;Si;Artista;<10annos;Bajo;1;1996;Millennials;23254;Cordoba;0,995;30;0;261;
CLI7675;M;No;31;Si;Funcionario;<10annos;Bajo;6;1993;Millennials;26828;Orense;1,675;30;0;498;3
CLI7676;M;Si;39;Si;Artista;10-20annos;Medio;4;1985;Millennials;19379;Barcelona;0,962;30;1;347;0,5
CLI7677;M;Si;52;No;Artista;+20annos;Medio;3;1972;Generacion X;125113;Ceuta;1,639;200;1;333;0,5
CLI7678;M;Si;45;No;Medico;+20annos;Medio;2;1979;Generacion X;120094;Malaga;1,238;120;0;395;3
CLI7679;F;No;21;No;Funcionario;<10annos;Bajo;3;2003;Generacion Z;19831;Sevilla;2,651;30;0;431;3
CLI7680;M;Si;73;Si;Servicios;+20annos;Bajo;2;1951;Generacion X;23089;Cuenca;0,564;30;0;450;3
CLI7681;F;No;32;No;Negocios/empresa;10-20annos;Bajo;3;1992;Millennials;18321;Albacete;1,813;30;0;195;
CLI7682;F;Si;42;Si;Medico;+20annos;Medio;2;1982;Millennials;28017;Teruel;1,123;30;1;217;
CLI7683;M;No;34;Si;Otros;10-20annos;Bajo;3;1990;Millennials;22432;Sevilla;1,261;30;0;321;0,5
CLI7684;M;Si;96;Si;Ejecutivo;+20annos;Alto;2;1928;Generacion Silenciosa;48940;Jaen;1,091;50;0;531;4
CLI7685;M;Si;45;Si;Otros;+20annos;Bajo;2;1979;Generacion X;89587;Jaen;0,709;50;0;392;3
CLI7686;F;Si;69;Si;Artista;+20annos;Medio;3;1955;Generacion X;55351;Alicante;0,74;80;1;381;3
CLI7687;F;No;36;No;Funcionario;10-20annos;Bajo;3;1988;Millennials;23140;Caceres;1,905;30;1;206;
CLI7688;M;No;25;No;Funcionario;<10annos;Bajo;4;1999;Generacion Z;24728;Badajoz;2,099;30;0;349;0,5
CLI7689;F;Si;40;Si;Artista;10-20annos;Medio;2;1984;Millennials;43537;Castellon;1,744;50;0;62;
CLI7690;M;No;50;Si;Otros;+20annos;Bajo;2;1974;Generacion X;69007;Segovia;1,111;50;1;334;0,5
CLI7691;M;Si;29;Si;Funcionario;<10annos;Bajo;2;1995;Millennials;21729;Albacete;10,635;30;1;347;0,5
CLI7692;F;No;45;Si;Artista;+20annos;Bajo;1;1979;Generacion X;60309;Jaen;0,985;50;0;511;4
CLI7693;M;No;25;No;Funcionario;<10annos;Bajo;5;1999;Generacion Z;28131;Baleares;2,754;30;0;205;
CLI7694;M;Si;56;Si;Ejecutivo;+20annos;Medio;5;1968;Generacion X;118895;Zaragoza;0,876;30;0;308;0,5
CLI7695;F;Si;89;Si;Construccion;+20annos;Alto;2;1935;Generacion Silenciosa;48026;Lugo;1,424;50;0;313;0,5
CLI7696;M;Si;67;No;Negocios/empresa;+20annos;Medio;4;1957;Generacion X;75399;Leon;0,994;30;1;262;
CLI7697;M;Si;85;Si;Servicios;+20annos;Alto;2;1939;Generacion Silenciosa;116380;Valladolid;0,818;50;1;222;
CLI7698;F;Si;55;Si;Artista;+20annos;Bajo;2;1969;Generacion X;86955;La Corui±a;0,72;50;0;528;4
CLI7699;M;No;32;No;Medico;10-20annos;Bajo;5;1992;Millennials;31202;Palencia;0,663;30;0;569;4
CLI7700;F;Si;47;Si;Artista;+20annos;Medio;4;1977;Generacion X;55941;Jaen;0,681;80;0;368;3
CLI7701;F;Si;76;Si;Ingeniero;+20annos;Bajo;1;1948;Generacion X;46839;Cadiz;1,639;50;0;338;0,5
CLI7702;F;No;23;No;Funcionario;<10annos;Bajo;4;2001;Generacion Z;14557;LLeida;1,892;30;0;75;
CLI7703;F;No;33;No;Funcionario;10-20annos;Bajo;3;1991;Millennials;22597;Las Palmas;1,33;30;0;154;
CLI7704;F;Si;54;Si;Ingeniero;+20annos;Bajo;1;1970;Generacion X;102950;Granada;1,463;50;0;443;1
CLI7705;F;Si;54;No;Ingeniero;+20annos;Medio;4;1970;Generacion X;67103;Pontevedra;1,6;30;0;69;
CLI7706;F;Si;89;Si;Servicios;+20annos;Alto;2;1935;Generacion Silenciosa;23032;Barcelona;1,443;30;0;374;1
CLI7707;M;No;32;No;Artista;10-20annos;Bajo;5;1992;Millennials;28194;Cadiz;0,87;30;0;237;
CLI7708;M;Si;55;Si;Otros;+20annos;Bajo;1;1969;Generacion X;78099;Albacete;1,561;50;1;347;0,5
CLI7709;M;Si;63;Si;Artista;+20annos;Medio;2;1961;Generacion X;58552;Palencia;1,248;50;0;303;0,5
CLI7710;M;Si;50;Si;Artista;+20annos;Medio;3;1974;Generacion X;37789;Teruel;1,561;30;0;79;
CLI7711;F;Si;73;No;Ingeniero;+20annos;Medio;2;1951;Generacion X;112357;Valencia;0,994;120;0;526;4
CLI7712;M;Si;58;Si;Artista;+20annos;Bajo;2;1966;Generacion X;33264;Jaen;1,561;30;0;365;
CLI7713;M;No;23;No;Medico;<10annos;Bajo;6;2001;Generacion Z;13352;LLeida;2,306;30;1;389;3
CLI7714;F;Si;68;Si;Artista;+20annos;Bajo;2;1956;Generacion X;23865;Leon;1,502;30;0;46;
CLI7715;M;Si;77;No;Ejecutivo;+20annos;Alto;2;1947;Generacion X;73884;La Corui±a;1,443;30;1;148;
CLI7716;M;Si;90;Si;Servicios;+20annos;Alto;2;1934;Generacion Silenciosa;122364;Gerona;1,209;50;1;307;0,5
CLI7717;F;Si;43;No;Artista;+20annos;Medio;4;1981;Millennials;125488;Zaragoza;1,169;200;0;483;3
CLI7718;M;Si;54;Si;Medico;+20annos;Medio;2;1970;Generacion X;83211;Ceuta;1,482;50;0;172;
CLI7719;F;Si;31;No;Servicios;<10annos;Medio;3;1993;Millennials;31395;Leon;2,02;30;0;134;
CLI7720;F;Si;39;Si;Ingeniero;10-20annos;Medio;2;1985;Millennials;26866;Zamora;1,836;30;0;300;
CLI7721;F;Si;55;Si;Medico;+20annos;Bajo;3;1969;Generacion X;32559;Teruel;0,603;30;0;505;4
CLI7722;M;No;39;Si;Artista;10-20annos;Bajo;2;1985;Millennials;29702;Leon;1,698;30;0;472;1
CLI7723;M;Si;61;Si;Artista;+20annos;Medio;2;1963;Generacion X;21408;Las Palmas;0,994;30;0;112;
CLI7724;M;Si;67;No;Artista;+20annos;Medio;2;1957;Generacion X;104948;Orense;1,385;120;0;220;
CLI7725;M;Si;29;No;Artista;<10annos;Bajo;2;1995;Millennials;23781;Palencia;3,099;30;1;397;3
CLI7726;F;Si;67;No;Servicios;+20annos;Alto;3;1957;Generacion X;82085;Huesca;1,326;30;0;376;3
CLI7727;M;Si;66;Si;Servicios;+20annos;Bajo;2;1958;Generacion X;41974;Malaga;1,365;50;0;45;
CLI7728;F;No;28;Si;Artista;<10annos;Bajo;1;1996;Millennials;30803;Baleares;2,237;30;0;48;
CLI7729;M;Si;50;No;Ejecutivo;+20annos;Alto;3;1974;Generacion X;23042;Almeri­a;1,306;30;0;155;
CLI7730;M;No;39;Si;Artista;10-20annos;Bajo;2;1985;Millennials;28864;Guadalajara;1,974;30;0;212;
CLI7731;M;Si;68;No;Ejecutivo;+20annos;Alto;3;1956;Generacion X;105142;Almeri­a;1,502;30;0;225;
CLI7732;F;Si;58;Si;Artista;+20annos;Medio;3;1966;Generacion X;101785;La Rioja;15,215;80;0;597;4
CLI7733;F;Si;54;Si;Artista;+20annos;Bajo;2;1970;Generacion X;23816;Toledo;0,818;30;0;400;3
CLI7734;F;No;47;Si;Artista;+20annos;Bajo;4;1977;Generacion X;103204;Zaragoza;1,248;80;0;116;
CLI7735;M;No;21;No;Funcionario;<10annos;Bajo;6;2003;Generacion Z;16092;Zaragoza;1,098;30;1;130;
CLI7736;F;No;42;Si;Funcionario;+20annos;Bajo;1;1982;Millennials;77496;Melilla;1,307;50;0;50;
CLI7737;F;No;30;No;Ingeniero;<10annos;Bajo;3;1994;Millennials;25328;Ciudad Real;2,02;30;1;343;0,5
CLI7738;M;No;20;No;Funcionario;<10annos;Bajo;3;2004;Generacion Z;12247;Gerona;1,788;30;0;73;
CLI7739;F;Si;47;Si;Artista;+20annos;Bajo;2;1977;Generacion X;120597;Navarra;0,759;50;0;220;
CLI7740;F;Si;40;Si;Otros;10-20annos;Bajo;1;1984;Millennials;116715;Guipiºzcoa;1,307;50;1;116;
CLI7741;M;No;58;Si;Otros;+20annos;Bajo;3;1966;Generacion X;118437;Sevilla;0,896;80;0;148;
CLI7742;F;No;29;Si;Funcionario;<10annos;Bajo;7;1995;Millennials;28000;Burgos;1,443;30;1;254;
CLI7743;M;No;65;Si;Otros;+20annos;Bajo;1;1959;Generacion X;106169;Murcia;1,091;50;0;57;
CLI7744;M;Si;40;Si;Artista;10-20annos;Medio;2;1984;Millennials;91937;Burgos;0,709;50;1;344;0,5
CLI7745;M;No;39;;Servicios;10-20annos;Bajo;1;1985;Millennials;20463;La Corui±a;0,893;30;0;36;
CLI7746;M;Si;69;Si;Ejecutivo;+20annos;Alto;1;1955;Generacion X;28426;Guipiºzcoa;0,818;30;0;59;
CLI7747;F;No;36;No;Negocios/empresa;10-20annos;Bajo;9;1988;Millennials;19833;Granada;1,997;30;0;412;3
CLI7748;M;Si;46;No;Ejecutivo;+20annos;Alto;4;1978;Generacion X;74367;Castellon;0,837;30;0;33;
CLI7749;F;Si;34;No;Artista;10-20annos;Bajo;3;1990;Millennials;26387;Gerona;1,675;30;1;130;
CLI7750;M;No;24;No;Funcionario;<10annos;Bajo;3;2000;Generacion Z;12239;Vizcaya;2,651;30;1;296;
CLI7751;M;Si;56;Si;Artista;+20annos;Bajo;2;1968;Generacion X;92678;Vizcaya;1,013;50;1;354;0,5
CLI7752;M;No;46;Si;Medico;+20annos;Bajo;1;1978;Generacion X;37277;Vizcaya;0,72;50;0;94;
CLI7753;M;Si;31;No;Ejecutivo;<10annos;Alto;4;1993;Millennials;25702;Caceres;1,399;30;0;49;
CLI7754;M;Si;58;Si;Ejecutivo;+20annos;Alto;3;1966;Generacion X;102747;Granada;1,365;80;0;463;1
CLI7755;M;Si;68;No;Ejecutivo;+20annos;Alto;4;1956;Generacion X;125364;Zaragoza;1,717;200;1;310;0,5
CLI7756;F;No;30;Si;Funcionario;<10annos;Bajo;1;1994;Millennials;22155;Toledo;1,721;30;0;101;
CLI7757;F;Si;58;Si;Artista;+20annos;Medio;3;1966;Generacion X;89829;Malaga;0,603;80;0;485;3
CLI7758;M;;22;No;Funcionario;<10annos;Bajo;3;2002;Generacion Z;19222;Albacete;1,685;30;0;200;
CLI7759;M;Si;31;No;Otros;<10annos;Alto;4;1993;Millennials;27890;Zamora;1,928;30;0;143;
CLI7760;F;No;34;No;Funcionario;10-20annos;Bajo;5;1990;Millennials;24743;Navarra;2,043;30;0;381;3
CLI7761;F;Si;64;Si;Artista;+20annos;Medio;2;1960;Generacion X;73914;Almeri­a;1,248;50;0;238;
CLI7762;F;No;34;Si;Funcionario;10-20annos;Bajo;3;1990;Millennials;22672;Ceuta;1,928;30;0;397;3
CLI7763;M;Si;87;No;Otros;+20annos;Bajo;1;1937;Generacion Silenciosa;88084;Murcia;1,639;120;1;262;
CLI7764;M;Si;57;Si;Ejecutivo;+20annos;Alto;4;1967;Generacion X;94706;Orense;0,798;80;0;178;
CLI7765;F;No;33;No;Construccion;10-20annos;Bajo;1;1991;Millennials;21005;Albacete;2,043;30;1;205;
CLI7766;M;Si;46;Si;Ejecutivo;+20annos;Alto;3;1978;Generacion X;99147;Zaragoza;0,74;80;0;202;
CLI7767;F;Si;47;Si;Artista;+20annos;Medio;2;1977;Generacion X;95747;Lugo;1,404;50;1;385;3
CLI7768;M;No;36;Si;Funcionario;10-20annos;Bajo;2;1988;Millennials;31361;La Corui±a;1,077;30;0;510;4
CLI7769;F;No;21;Si;Artista;<10annos;Bajo;2;2003;Generacion Z;15978;Tarragona;1,685;30;0;82;
CLI7770;F;Si;44;Si;Artista;+20annos;Medio;2;1980;Generacion X;103536;Leon;2,043;50;0;62;
CLI7771;M;Si;74;Si;Otros;+20annos;Medio;3;1950;Generacion X;112604;Segovia;15,215;80;1;384;3
CLI7772;M;No;24;No;Funcionario;<10annos;Bajo;4;2000;Generacion Z;15250;Tarragona;1,719;30;1;192;
CLI7773;F;Si;50;Si;Artista;+20annos;Bajo;2;1974;Generacion X;112934;Las Palmas;1,619;50;0;107;
CLI7774;F;Si;66;Si;Artista;+20annos;Alto;2;1958;Generacion X;116228;Guadalajara;1,502;50;0;427;1
CLI7775;M;Si;45;Si;Artista;+20annos;Medio;3;1979;Generacion X;125169;Baleares;1,859;200;0;533;4
CLI7776;M;No;32;Si;Otros;10-20annos;Bajo;5;1992;Millennials;31296;Ciudad Real;0,824;30;0;133;
CLI7777;M;;35;Si;Funcionario;10-20annos;Bajo;1;1989;Millennials;24763;Valladolid;1,33;30;0;523;4
CLI7778;F;Si;41;No;Ingeniero;10-20annos;Medio;9;1983;Millennials;61065;Guadalajara;1,284;30;0;247;
CLI7779;M;No;31;No;Funcionario;<10annos;Bajo;5;1993;Millennials;23637;Melilla;1,445;30;0;597;4
CLI7780;F;Si;97;Si;Servicios;+20annos;Alto;2;1927;Generacion Silenciosa;70480;Lugo;0,759;50;0;428;3
CLI7781;M;No;46;Si;Otros;+20annos;Bajo;1;1978;Generacion X;29417;Teruel;1,111;30;0;401;3
CLI7782;F;No;40;Si;Artista;10-20annos;Bajo;1;1984;Millennials;112930;Murcia;1,813;50;0;504;1
CLI7783;F;No;31;Si;Funcionario;<10annos;Bajo;3;1993;Millennials;30253;Teruel;0,732;30;0;534;4
CLI7784;M;No;25;No;Funcionario;<10annos;Bajo;3;1999;Generacion Z;20389;Burgos;2,133;30;0;130;
CLI7785;M;Si;89;No;Ejecutivo;+20annos;Bajo;1;1935;Generacion Silenciosa;63577;Ciudad Real;0,876;30;1;384;3
CLI7786;F;Si;90;Si;Servicios;+20annos;Alto;2;1934;Generacion Silenciosa;35533;Sevilla;0,876;50;1;221;
CLI7787;F;Si;77;Si;Servicios;+20annos;Bajo;1;1947;Generacion X;93339;Ciudad Real;1,717;50;1;124;
CLI7788;M;Si;90;No;Ejecutivo;+20annos;Bajo;1;1934;Generacion Silenciosa;39284;Segovia;1,228;30;0;326;0,5
CLI7789;F;Si;42;Si;Artista;+20annos;Medio;2;1982;Millennials;129169;La Corui±a;0,939;50;0;244;
CLI7790;F;No;47;Si;Ingeniero;+20annos;Bajo;1;1977;Generacion X;113617;Burgos;1,678;50;0;194;
CLI7791;F;No;46;Si;Artista;+20annos;Bajo;2;1978;Generacion X;53425;Guadalajara;0,759;50;0;439;3
CLI7792;F;No;32;No;Construccion;10-20annos;Bajo;1;1992;Millennials;27061;Palencia;1,905;30;1;353;0,5
CLI7793;F;Si;42;Si;Ingeniero;+20annos;Medio;3;1982;Millennials;90006;Sevilla;0,939;30;0;571;4
CLI7794;F;No;42;Si;Ingeniero;+20annos;Bajo;3;1982;Millennials;81179;Castellon;2,02;30;1;127;
CLI7795;F;No;40;Si;Ingeniero;10-20annos;Bajo;3;1984;Millennials;46120;ilava;1,698;30;0;543;1
CLI7796;M;No;58;Si;Artista;+20annos;Bajo;1;1966;Generacion X;72932;Zamora;0,681;50;1;162;
CLI7797;M;No;28;Si;Funcionario;<10annos;Bajo;1;1996;Millennials;18721;Gerona;1,305;30;0;499;3
CLI7798;F;Si;64;Si;Construccion;+20annos;Alto;2;1960;Generacion X;85290;Lugo;1,482;50;0;488;1
CLI7799;M;Si;57;Si;Ejecutivo;+20annos;Alto;4;1967;Generacion X;67541;Zamora;1,052;80;1;276;
CLI7800;F;No;40;Si;Artista;10-20annos;Bajo;1;1984;Millennials;55286;Segovia;1,997;50;1;155;
CLI7801;M;No;21;No;Funcionario;<10annos;Bajo;8;2003;Generacion Z;23194;Almeri­a;2,961;30;1;329;0,5
CLI7802;F;Si;74;Si;Artista;+20annos;Alto;2;1950;Generacion X;77615;Badajoz;1,697;50;0;479;1
CLI7803;M;No;34;Si;Funcionario;10-20annos;Bajo;4;1990;Millennials;29282;Gerona;1,353;30;1;344;0,5
CLI7804;F;No;31;Si;Artista;<10annos;Bajo;1;1993;Millennials;29216;Gerona;1,537;30;0;72;
CLI7805;M;Si;72;Si;Artista;+20annos;Medio;3;1952;Generacion X;36099;Zaragoza;0,896;30;1;359;0,5
CLI7806;F;Si;66;Si;Artista;+20annos;Alto;2;1958;Generacion X;121253;Teruel;0,876;50;1;175;
CLI7807;M;Si;81;Si;Servicios;+20annos;Bajo;1;1943;Generacion Silenciosa;87689;Zamora;1,424;50;0;49;
CLI7808;F;Si;57;No;Ingeniero;+20annos;Medio;4;1967;Generacion X;45661;Palencia;1,717;30;0;520;4
CLI7809;F;Si;69;Si;Artista;+20annos;Alto;3;1955;Generacion X;116691;Badajoz;15,215;80;1;260;
CLI7810;F;No;20;No;Funcionario;<10annos;Bajo;3;2004;Generacion Z;20958;Granada;1,926;30;0;242;
CLI7811;M;No;28;No;Otros;<10annos;Bajo;3;1996;Millennials;19992;Teruel;1,305;30;0;505;4
CLI7812;F;Si;45;Si;Ingeniero;+20annos;Medio;3;1979;Generacion X;46328;La Corui±a;0,847;30;1;276;
CLI7813;M;No;22;No;Funcionario;<10annos;Bajo;4;2002;Generacion Z;22820;Segovia;2,271;30;1;291;
CLI7814;M;Si;75;No;Otros;+20annos;Bajo;1;1949;Generacion X;121390;Leon;0,994;120;1;143;
CLI7815;M;Si;76;Si;Artista;+20annos;Bajo;1;1948;Generacion X;59757;Valladolid;1,033;50;1;378;3
CLI7816;M;No;34;Si;Otros;10-20annos;Bajo;5;1990;Millennials;28432;Soria;1,422;30;1;316;0,5
CLI7817;F;No;47;Si;Medico;+20annos;Bajo;6;1977;Generacion X;96279;La Rioja;1,424;30;1;353;0,5
CLI7818;M;Si;68;Si;Ejecutivo;+20annos;Alto;3;1956;Generacion X;69332;Madrid;1,287;80;0;457;1
CLI7819;M;Si;46;Si;Artista;+20annos;Medio;2;1978;Generacion X;70967;Caceres;1,424;50;0;206;
CLI7820;M;No;28;Si;Funcionario;<10annos;Bajo;3;1996;Millennials;27748;Zamora;1,098;30;0;96;
CLI7821;M;No;25;No;Funcionario;<10annos;Bajo;5;1999;Generacion Z;22160;Sevilla;2,754;30;0;340;0,5
CLI7822;F;No;23;No;Funcionario;<10annos;Bajo;5;2001;Generacion Z;20712;Zamora;1,374;30;0;110;
CLI7823;F;No;44;No;Negocios/empresa;+20annos;Bajo;1;1980;Generacion X;50827;Pontevedra;1,1;30;0;177;
CLI7824;M;No;30;No;Funcionario;<10annos;Bajo;1;1994;Millennials;21072;Vizcaya;1,629;30;0;473;3
CLI7825;M;No;35;Si;Funcionario;10-20annos;Bajo;1;1989;Millennials;23809;La Corui±a;0,801;30;0;163;
CLI7826;M;No;29;Si;Artista;<10annos;Bajo;1;1995;Millennials;27202;Albacete;1,788;30;1;370;3
CLI7827;M;No;35;No;Ejecutivo;10-20annos;Bajo;2;1989;Millennials;26015;Lugo;1,1;30;0;126;
CLI7828;F;No;43;No;Funcionario;+20annos;Bajo;3;1981;Millennials;115598;Barcelona;1,468;30;0;536;4
CLI7829;M;Si;54;Si;Artista;+20annos;Bajo;1;1970;Generacion X;124027;La Rioja;0,7;50;0;313;0,5
CLI7830;F;Si;65;No;Artista;+20annos;Medio;4;1959;Generacion X;93273;Orense;0,681;30;0;340;0,5
CLI7831;M;No;43;;Otros;+20annos;Bajo;4;1981;Millennials;31366;Malaga;1,054;30;0;590;4
CLI7832;F;Si;51;Si;Negocios/empresa;+20annos;Alto;3;1973;Generacion X;25408;Madrid;1,737;30;0;113;
CLI7833;F;Si;68;Si;Medico;+20annos;Medio;3;1956;Generacion X;117717;Leon;1,482;80;1;308;0,5
CLI7834;F;Si;40;Si;Construccion;10-20annos;Bajo;2;1984;Millennials;88587;La Corui±a;0,87;50;0;486;3
CLI7835;F;Si;77;Si;Artista;+20annos;Medio;2;1947;Generacion X;111572;Guipiºzcoa;1,052;50;0;247;
CLI7836;F;Si;64;Si;Artista;+20annos;Bajo;1;1960;Generacion X;55040;Soria;0,622;50;1;171;
CLI7837;M;Si;43;Si;Artista;+20annos;Bajo;2;1981;Millennials;31424;Malaga;1,537;30;0;401;1
CLI7838;F;Si;32;Si;Ingeniero;10-20annos;Bajo;2;1992;Millennials;31513;Valencia;1,077;30;0;162;
CLI7839;M;Si;64;Si;Artista;+20annos;Bajo;2;1960;Generacion X;59568;Guadalajara;15,215;50;0;389;1
CLI7840;F;Si;47;Si;Artista;+20annos;Medio;2;1977;Generacion X;77350;Guipiºzcoa;1,482;50;0;342;0,5
CLI7841;F;Si;73;Si;Servicios;+20annos;Alto;2;1951;Generacion X;36087;Cordoba;0,7;50;0;454;3
CLI7842;M;Si;44;Si;Artista;+20annos;Medio;2;1980;Generacion X;123487;Leon;2,043;50;1;303;0,5
CLI7843;M;Si;39;Si;Otros;10-20annos;Bajo;2;1985;Millennials;24379;Toledo;0,732;30;0;350;0,5
CLI7844;M;No;36;No;Ingeniero;10-20annos;Bajo;4;1988;Millennials;29354;La Corui±a;1,353;30;0;574;4
CLI7845;M;Si;61;Si;Otros;+20annos;Medio;2;1963;Generacion X;59161;Huelva;1,365;50;0;346;0,5
CLI7846;M;Si;31;Si;Funcionario;<10annos;Alto;2;1993;Millennials;23405;Malaga;1,698;30;1;265;
CLI7847;F;No;21;No;Medico;<10annos;Bajo;2;2003;Generacion Z;12497;Jaen;1,788;30;0;225;
CLI7848;F;No;31;Si;Artista;<10annos;Bajo;4;1993;Millennials;19981;Valladolid;2,02;30;0;90;
CLI7849;F;Si;44;No;Medico;+20annos;Medio;2;1980;Generacion X;62853;Valladolid;0,939;30;0;75;
CLI7850;F;Si;80;Si;Servicios;+20annos;Alto;2;1944;Generacion Silenciosa;27658;Teruel;1,697;30;0;247;
CLI7851;M;Si;73;No;Negocios/empresa;+20annos;Bajo;4;1951;Generacion X;71615;Gerona;1,502;30;0;303;0,5
CLI7852;M;Si;39;No;Ingeniero;10-20annos;Medio;7;1985;Millennials;28700;Pontevedra;1,583;30;0;338;0,5
CLI7853;M;Si;36;Si;Artista;10-20annos;Bajo;2;1988;Millennials;28051;Santa Cruz de Tenerife;0,755;30;0;107;
CLI7854;M;Si;66;Si;Artista;+20annos;Medio;2;1958;Generacion X;55077;ivila;1,502;50;0;342;0,5
CLI7855;F;No;21;No;Funcionario;<10annos;Bajo;4;2003;Generacion Z;18726;Alicante;1,098;30;0;271;
CLI7856;F;Si;56;Si;Medico;+20annos;Medio;3;1968;Generacion X;109922;Albacete;0,622;80;1;108;
CLI7857;M;Si;31;No;Ejecutivo;<10annos;Alto;3;1993;Millennials;18991;Navarra;1,836;30;0;427;3
CLI7858;M;Si;94;Si;Artista;+20annos;Bajo;1;1930;Generacion Silenciosa;64743;Salamanca;1,619;50;0;593;1
CLI7859;M;Si;57;Si;Otros;+20annos;Medio;5;1967;Generacion X;82354;Santa Cruz de Tenerife;1,737;30;1;381;3
CLI7860;F;Si;61;Si;Ingeniero;+20annos;Bajo;1;1963;Generacion X;90638;Zaragoza;1,639;50;0;289;
CLI7861;M;No;33;Si;Medico;10-20annos;Bajo;5;1991;Millennials;18281;Cordoba;1,836;30;0;265;
CLI7862;F;Si;66;Si;Artista;+20annos;Medio;2;1958;Generacion X;31419;Almeri­a;1,482;30;0;109;
CLI7863;F;Si;45;Si;Artista;+20annos;Alto;5;1979;Generacion X;69685;Palencia;1,997;30;0;373;1
CLI7864;M;Si;39;Si;Artista;10-20annos;Medio;2;1985;Millennials;23042;Granada;1,56;30;1;347;0,5
CLI7865;F;No;25;No;Negocios/empresa;<10annos;Bajo;4;1999;Generacion Z;27986;Castellon;2,168;30;0;332;0,5
CLI7866;M;Si;97;Si;Artista;+20annos;Alto;2;1927;Generacion Silenciosa;76234;Ceuta;1,482;50;0;79;
CLI7867;M;No;21;No;Funcionario;<10annos;Bajo;4;2003;Generacion Z;22794;Albacete;1,892;30;0;390;3
CLI7868;M;Si;97;Si;Negocios/empresa;+20annos;Alto;2;1927;Generacion Silenciosa;85534;Segovia;1,189;50;1;319;0,5
CLI7869;M;Si;45;Si;Artista;+20annos;Alto;2;1979;Generacion X;71778;Tarragona;1,376;50;0;472;1
CLI7870;M;Si;33;No;Funcionario;10-20annos;Medio;4;1991;Millennials;22125;Zamora;1,652;30;1;185;
CLI7871;M;Si;51;No;Artista;+20annos;Bajo;4;1973;Generacion X;29737;Madrid;1,717;30;0;196;
CLI7872;F;No;30;No;Servicios;<10annos;Bajo;3;1994;Millennials;20311;Guipiºzcoa;0,778;30;1;273;
CLI7873;F;Si;81;No;Artista;+20annos;Alto;2;1943;Generacion Silenciosa;30138;ilava;1,013;30;0;421;3
CLI7874;F;No;31;No;Construccion;<10annos;Bajo;1;1993;Millennials;23182;Ciudad Real;0,663;30;0;541;4
CLI7875;F;No;32;Si;Funcionario;10-20annos;Bajo;4;1992;Millennials;24716;ilava;1,399;30;0;294;
CLI7876;F;No;39;Si;Artista;10-20annos;Bajo;1;1985;Millennials;18666;Zamora;1,859;30;0;61;
CLI7877;F;Si;39;Si;Construccion;10-20annos;Medio;2;1985;Millennials;24996;Madrid;1,652;30;1;211;
CLI7878;F;No;42;Si;Construccion;+20annos;Bajo;4;1982;Millennials;42417;Murcia;0,663;30;0;600;4
CLI7879;F;Si;53;Si;Artista;+20annos;Medio;7;1971;Generacion X;25788;Almeri­a;1,267;30;1;126;
CLI7880;M;Si;69;No;Ejecutivo;+20annos;Alto;3;1955;Generacion X;37438;Jaen;1,326;30;1;352;0,5
CLI7881;F;No;44;Si;Construccion;+20annos;Bajo;1;1980;Generacion X;64506;Malaga;1,951;50;1;319;0,5
CLI7882;M;Si;84;Si;Servicios;+20annos;Alto;2;1940;Generacion Silenciosa;69963;Navarra;0,837;50;0;140;
CLI7883;F;Si;55;Si;Artista;+20annos;Bajo;2;1969;Generacion X;90813;Palencia;1,737;50;0;445;1
CLI7884;F;Si;96;Si;Servicios;+20annos;Bajo;2;1928;Generacion Silenciosa;99131;Toledo;0,935;50;0;341;0,5
CLI7885;M;Si;68;No;Ingeniero;+20annos;Bajo;5;1956;Generacion X;110197;Leon;1,072;30;0;495;3
CLI7886;M;Si;42;Si;Otros;+20annos;Medio;4;1982;Millennials;63678;Burgos;1,537;30;0;407;3
CLI7887;M;Si;58;Si;Ejecutivo;+20annos;Bajo;2;1966;Generacion X;81175;Toledo;1,287;50;0;85;
CLI7888;M;Si;51;Si;Artista;+20annos;Medio;4;1973;Generacion X;49427;Segovia;1,326;30;0;223;
CLI7889;M;Si;57;Si;Artista;+20annos;Bajo;4;1967;Generacion X;21348;ivila;1,346;30;0;503;1
CLI7890;F;No;35;Si;Medico;10-20annos;Bajo;1;1989;Millennials;22773;Santa Cruz de Tenerife;1,583;30;1;206;
CLI7891;F;Si;58;Si;Artista;+20annos;Medio;2;1966;Generacion X;109722;Vizcaya;1,17;50;0;107;
CLI7892;F;No;22;No;Otros;<10annos;Bajo;5;2002;Generacion Z;12014;Malaga;2,375;30;0;581;4
CLI7893;F;No;56;Si;Medico;+20annos;Bajo;3;1968;Generacion X;104494;Alicante;0,661;80;1;154;
CLI7894;F;Si;62;Si;Artista;+20annos;Medio;2;1962;Generacion X;68686;Zamora;0,7;50;0;554;4
CLI7895;M;No;29;No;Medico;<10annos;Bajo;6;1995;Millennials;20512;Palencia;1,167;30;1;184;
CLI7896;M;Si;34;Si;Otros;10-20annos;Medio;3;1990;Millennials;21739;Guipiºzcoa;0,778;30;1;159;
CLI7897;M;No;31;Si;Ingeniero;<10annos;Bajo;3;1993;Millennials;23463;Zamora;1,123;30;0;224;
CLI7898;F;No;55;Si;Funcionario;+20annos;Bajo;1;1969;Generacion X;37891;Santa Cruz de Tenerife;1,502;50;1;251;
CLI7899;F;Si;45;No;Medico;+20annos;Medio;9;1979;Generacion X;126290;Ciudad Real;1,537;200;1;315;0,5
CLI7900;F;Si;90;No;Servicios;+20annos;Alto;2;1934;Generacion Silenciosa;59646;Gerona;1,033;30;0;542;4
CLI7901;F;Si;52;No;Servicios;+20annos;Bajo;1;1972;Generacion X;30974;LLeida;0,818;30;1;227;
CLI7902;M;No;34;No;Funcionario;10-20annos;Bajo;9;1990;Millennials;23695;Cuenca;1,031;30;1;324;0,5
CLI7903;F;No;20;No;Funcionario;<10annos;Bajo;6;2004;Generacion Z;15174;Segovia;2,513;30;0;114;
CLI7904;F;No;36;No;Medico;10-20annos;Bajo;4;1988;Millennials;22337;Valencia;2,043;30;0;408;3
CLI7905;M;Si;42;No;Otros;+20annos;Bajo;2;1982;Millennials;57817;Leon;1,744;30;1;174;
CLI7906;M;No;30;Si;Funcionario;<10annos;Bajo;5;1994;Millennials;28135;Ceuta;1,353;30;0;316;0,5
CLI7907;F;Si;47;No;Ingeniero;+20annos;Medio;4;1977;Generacion X;125768;Gerona;1,111;200;0;339;0,5
CLI7908;M;Si;47;Si;Artista;+20annos;Medio;4;1977;Generacion X;43837;Valencia;15,215;30;0;336;0,5
CLI7909;F;No;40;Si;Artista;10-20annos;Bajo;3;1984;Millennials;99203;Ceuta;0,87;30;0;433;3
CLI7910;F;Si;87;Si;Servicios;+20annos;Bajo;1;1937;Generacion Silenciosa;114610;Toledo;1,717;50;1;301;0,5
CLI7911;F;Si;55;Si;Artista;+20annos;Bajo;2;1969;Generacion X;42593;La Rioja;1,111;50;0;231;
CLI7912;F;No;53;Si;Negocios/empresa;+20annos;Bajo;1;1971;Generacion X;85395;Leon;1,326;50;0;413;1
CLI7913;M;Si;46;Si;Artista;+20annos;Medio;3;1978;Generacion X;91881;Albacete;0,974;80;1;221;
CLI7914;F;Si;74;No;Servicios;+20annos;Alto;4;1950;Generacion X;32571;Soria;1,228;30;0;56;
CLI7915;M;Si;62;No;Artista;+20annos;Bajo;2;1962;Generacion X;126006;Sevilla;0,7;120;1;159;
CLI7916;M;No;30;No;Funcionario;<10annos;Bajo;4;1994;Millennials;25324;Jaen;2,02;30;0;32;
CLI7917;M;No;33;Si;Artista;10-20annos;Bajo;4;1991;Millennials;27310;Granada;1,905;30;0;471;3
CLI7918;F;Si;52;Si;Otros;+20annos;Medio;3;1972;Generacion X;50333;Almeri­a;1,326;30;1;276;
CLI7919;M;Si;51;Si;Medico;+20annos;Medio;2;1973;Generacion X;91678;Sevilla;0,798;50;0;387;3
CLI7920;M;Si;61;Si;Artista;+20annos;Medio;2;1963;Generacion X;88689;Salamanca;0,818;50;0;518;4
CLI7921;F;No;35;Si;Otros;10-20annos;Bajo;5;1989;Millennials;22063;Salamanca;1,698;30;0;232;
CLI7922;F;Si;98;No;Servicios;+20annos;Alto;2;1926;Generacion Silenciosa;85661;Valencia;1,228;120;0;77;
CLI7923;M;Si;72;Si;Ejecutivo;+20annos;Bajo;4;1952;Generacion X;44161;Gerona;1,033;30;0;207;
CLI7924;F;Si;33;No;Otros;10-20annos;Alto;2;1991;Millennials;26503;Leon;1,491;30;0;168;
CLI7925;M;Si;87;No;Servicios;+20annos;Alto;2;1937;Generacion Silenciosa;39264;Zamora;1,111;30;1;163;
CLI7926;M;No;40;Si;Medico;10-20annos;Bajo;1;1984;Millennials;98282;Cadiz;1,675;50;0;225;
CLI7927;M;No;40;No;Negocios/empresa;10-20annos;Bajo;4;1984;Millennials;80531;Teruel;1,652;30;0;305;0,5
CLI7928;F;Si;79;Si;Servicios;+20annos;Alto;1;1945;Generacion Silenciosa;97436;LLeida;1,248;50;0;556;1
CLI7929;F;No;30;No;Funcionario;<10annos;Bajo;5;1994;Millennials;29518;Valencia;1,675;30;1;353;0,5
CLI7930;M;Si;58;Si;Ejecutivo;+20annos;Alto;4;1966;Generacion X;99655;Zaragoza;1,189;80;0;51;
CLI7931;F;No;30;Si;Funcionario;<10annos;Bajo;5;1994;Millennials;20139;Ceuta;1,836;30;0;531;4
CLI7932;F;Si;36;Si;Medico;10-20annos;Alto;2;1988;Millennials;19992;Ceuta;0,847;30;0;90;
CLI7933;M;Si;85;Si;Servicios;+20annos;Alto;2;1939;Generacion Silenciosa;28734;Santa Cruz de Tenerife;0,603;30;0;305;0,5
CLI7934;F;No;34;Si;Funcionario;10-20annos;Bajo;3;1990;Millennials;19283;Caceres;1,744;30;0;34;
CLI7935;M;No;33;No;Funcionario;10-20annos;Bajo;4;1991;Millennials;19356;Valencia;1,307;30;0;521;4
CLI7936;M;No;25;No;Ingeniero;<10annos;Bajo;4;1999;Generacion Z;18756;La Rioja;2,754;30;1;331;0,5
CLI7937;F;Si;73;No;Servicios;+20annos;Medio;2;1951;Generacion X;113088;La Rioja;0,74;120;1;244;
CLI7938;F;No;28;No;Negocios/empresa;<10annos;Bajo;4;1996;Millennials;24732;Huesca;2,513;30;0;310;0,5
CLI7939;F;No;51;Si;Medico;+20annos;Bajo;1;1973;Generacion X;46445;Valladolid;1,267;50;0;81;
CLI7940;M;Si;51;Si;Artista;+20annos;Bajo;2;1973;Generacion X;33611;Guipiºzcoa;1,072;30;0;335;0,5
CLI7941;M;Si;42;Si;Ejecutivo;+20annos;Alto;6;1982;Millennials;96068;Guipiºzcoa;0,939;30;1;266;
CLI7942;M;No;28;No;Funcionario;<10annos;Bajo;2;1996;Millennials;18372;Las Palmas;11,325;30;0;435;3
CLI7943;M;No;24;No;Funcionario;<10annos;Bajo;5;2000;Generacion Z;17464;Valladolid;1,167;30;1;182;
CLI7944;F;Si;41;Si;Servicios;10-20annos;Alto;2;1983;Millennials;30207;Valencia;1,744;30;0;526;1
CLI7945;F;Si;69;No;Negocios/empresa;+20annos;Medio;3;1955;Generacion X;96178;Zamora;1,639;30;0;424;3
CLI7946;M;Si;75;Si;Artista;+20annos;Alto;2;1949;Generacion X;30301;Orense;1,385;30;0;461;1
CLI7947;F;No;41;Si;Artista;10-20annos;Bajo;1;1983;Millennials;59482;Murcia;1,192;50;0;369;3
CLI7948;M;Si;39;Si;Artista;10-20annos;Medio;2;1985;Millennials;18512;Baleares;1,859;30;0;76;
CLI7949;M;No;66;No;Otros;+20annos;Bajo;1;1958;Generacion X;103497;Burgos;0,681;120;0;90;
CLI7950;M;Si;52;Si;Artista;+20annos;Medio;3;1972;Generacion X;46738;Cadiz;0,818;30;0;230;
CLI7951;M;No;47;No;Ejecutivo;+20annos;Bajo;5;1977;Generacion X;48469;Leon;1,463;30;1;102;
CLI7952;M;Si;62;No;Artista;+20annos;Medio;2;1962;Generacion X;48051;Barcelona;1,717;30;0;290;
CLI7953;F;Si;31;Si;Medico;<10annos;Medio;2;1993;Millennials;29834;Murcia;0,801;30;1;321;0,5
CLI7954;F;No;35;No;Funcionario;10-20annos;Bajo;4;1989;Millennials;26449;Melilla;0,893;30;1;336;0,5
CLI7955;M;Si;67;No;Ingeniero;+20annos;Bajo;3;1957;Generacion X;122799;Cuenca;1,072;200;0;423;3
CLI7956;M;No;34;No;Artista;10-20annos;Bajo;7;1990;Millennials;21328;Castellon;1,054;30;0;84;
CLI7957;M;No;21;No;Funcionario;<10annos;Bajo;5;2003;Generacion Z;15321;Sevilla;14,085;30;0;178;
CLI7958;M;No;55;Si;Negocios/empresa;+20annos;Bajo;4;1969;Generacion X;115195;Barcelona;1,326;80;0;149;
CLI7959;M;Si;73;No;Ejecutivo;+20annos;Alto;2;1951;Generacion X;45684;Orense;1,463;30;1;120;
CLI7960;M;Si;62;Si;Otros;+20annos;Bajo;2;1962;Generacion X;27258;Jaen;1,482;30;0;273;
CLI7961;M;Si;58;Si;Otros;+20annos;Medio;2;1966;Generacion X;37026;Soria;1,482;50;1;259;
CLI7962;M;Si;52;Si;Artista;+20annos;Medio;4;1972;Generacion X;49334;Toledo;0,564;30;0;161;
CLI7963;F;No;40;Si;Negocios/empresa;10-20annos;Bajo;2;1984;Millennials;95998;Murcia;0,916;50;0;287;
CLI7964;F;No;36;Si;Funcionario;10-20annos;Bajo;5;1988;Millennials;20705;Palencia;1,56;30;0;570;1
CLI7965;F;Si;56;No;Medico;+20annos;Medio;3;1968;Generacion X;86759;La Corui±a;1,404;30;1;146;
CLI7966;M;No;36;No;Funcionario;10-20annos;Bajo;3;1988;Millennials;29635;Zamora;1,974;30;0;402;3
CLI7967;M;Si;58;Si;Ejecutivo;+20annos;Alto;3;1966;Generacion X;52181;Jaen;1,209;30;0;531;4
CLI7968;M;No;33;Si;Artista;10-20annos;Bajo;3;1991;Millennials;23548;Malaga;2,066;30;1;176;
CLI7969;F;No;34;Si;Artista;10-20annos;Bajo;2;1990;Millennials;20676;Barcelona;1,146;30;0;428;3
CLI7970;M;Si;45;No;Otros;+20annos;Medio;5;1979;Generacion X;70515;Castellon;0,87;30;0;83;
CLI7971;M;No;20;No;Funcionario;<10annos;Bajo;4;2004;Generacion Z;19430;Vizcaya;2,064;30;0;599;4
CLI7972;M;Si;74;Si;Artista;+20annos;Bajo;1;1950;Generacion X;124246;Tarragona;1,365;50;0;329;0,5
CLI7973;F;Si;63;Si;Artista;+20annos;Medio;6;1961;Generacion X;120797;Jaen;1,482;200;1;308;0,5
CLI7974;M;Si;39;Si;Artista;10-20annos;Bajo;2;1985;Millennials;28402;Ceuta;1,008;30;0;329;0,5
CLI7975;M;No;24;No;Funcionario;<10annos;Bajo;4;2000;Generacion Z;23118;Jaen;2,03;30;0;446;3
CLI7976;F;No;30;Si;Negocios/empresa;<10annos;Bajo;1;1994;Millennials;31491;Huelva;1,859;30;1;369;3
CLI7977;M;Si;39;Si;Otros;10-20annos;Alto;2;1985;Millennials;26573;Alicante;1,813;30;0;358;0,5
CLI7978;F;Si;62;Si;Artista;+20annos;Medio;4;1962;Generacion X;82798;La Corui±a;1,189;80;0;94;
CLI7979;M;No;30;No;Funcionario;<10annos;Bajo;3;1994;Millennials;29061;Valencia;1,238;30;0;107;
CLI7980;F;No;35;Si;Funcionario;10-20annos;Bajo;3;1989;Millennials;20167;Sevilla;1,215;30;0;77;
CLI7981;F;No;22;No;Funcionario;<10annos;Bajo;5;2002;Generacion Z;13576;Leon;2,444;30;1;324;0,5
CLI7982;M;No;21;No;Funcionario;<10annos;Bajo;6;2003;Generacion Z;12425;Zamora;2,685;30;1;372;3
CLI7983;F;Si;42;Si;Artista;+20annos;Bajo;2;1982;Millennials;68474;Pontevedra;1,376;50;0;329;0,5
CLI7984;F;Si;36;Si;Artista;10-20annos;Medio;2;1988;Millennials;31228;Vizcaya;1,537;30;0;266;
CLI7985;M;Si;43;No;Ejecutivo;+20annos;Medio;2;1981;Millennials;53600;ivila;1,33;30;0;484;3
CLI7986;F;Si;67;Si;Artista;+20annos;Medio;5;1957;Generacion X;92250;Cuenca;0,681;30;0;525;4
CLI7987;M;No;33;Si;Artista;10-20annos;Bajo;1;1991;Millennials;26912;Las Palmas;0,939;30;0;114;
CLI7988;M;Si;54;Si;Artista;+20annos;Bajo;2;1970;Generacion X;39463;Murcia;1,15;50;1;338;0,5
CLI7989;M;Si;61;;Otros;+20annos;Alto;5;1963;Generacion X;39533;Malaga;0,837;30;0;106;
CLI7990;F;No;21;No;Funcionario;<10annos;Bajo;4;2003;Generacion Z;14978;Guadalajara;2,996;30;0;517;4
CLI7991;M;Si;54;Si;Artista;+20annos;Medio;4;1970;Generacion X;107083;Cordoba;0,896;80;0;284;
CLI7992;F;No;47;Si;Otros;+20annos;Bajo;1;1977;Generacion X;30985;La Rioja;1,443;30;0;530;1
CLI7993;F;Si;39;Si;Construccion;10-20annos;Medio;4;1985;Millennials;22690;La Rioja;1,192;30;0;59;
CLI7994;M;No;35;Si;Funcionario;10-20annos;Bajo;1;1989;Millennials;21331;Pontevedra;0,824;30;0;246;
CLI7995;F;No;29;No;Funcionario;<10annos;Bajo;8;1995;Millennials;23345;Cuenca;1,167;30;0;117;
CLI7996;M;Si;72;Si;Ejecutivo;+20annos;Bajo;1;1952;Generacion X;101603;Jaen;1,737;50;1;132;
CLI7997;M;No;32;;Otros;10-20annos;Bajo;9;1992;Millennials;28697;Madrid;1,951;30;1;168;
CLI7998;F;No;22;No;Medico;<10annos;Bajo;6;2002;Generacion Z;14870;Malaga;2,478;30;0;33;
CLI7999;F;No;25;No;Funcionario;<10annos;Bajo;4;1999;Generacion Z;21922;Badajoz;2,168;30;0;179;
CLI8000;F;No;90;No;Servicios;+20annos;Bajo;3;1934;Generacion Silenciosa;117500;Malaga;1,013;30;1;308;0,5
CLI8001;M;No;32;Si;Funcionario;10-20annos;Bajo;2;1992;Millennials;20291;Tarragona;1,238;30;0;558;4
CLI8002;M;No;21;No;Funcionario;<10annos;Bajo;3;2003;Generacion Z;21572;Orense;2,685;30;0;412;3
CLI8003;M;No;23;No;Negocios/empresa;<10annos;Bajo;5;2001;Generacion Z;17193;Soria;2,754;30;0;346;0,5
CLI8004;F;No;43;Si;Artista;+20annos;Bajo;1;1981;Millennials;58202;Barcelona;0,686;50;1;397;3
CLI8005;F;No;32;No;Construccion;10-20annos;Bajo;4;1992;Millennials;18414;Cuenca;1,951;30;0;514;4
CLI8006;M;No;33;No;Medico;10-20annos;Bajo;3;1991;Millennials;19007;Gerona;1,376;30;0;158;
CLI8007;M;Si;33;No;Ejecutivo;10-20annos;Alto;4;1991;Millennials;19229;Toledo;2,02;30;0;399;3
CLI8008;F;Si;68;Si;Servicios;+20annos;Medio;2;1956;Generacion X;82011;Alicante;1,013;50;1;367;3
CLI8009;M;No;33;Si;Funcionario;10-20annos;Bajo;1;1991;Millennials;26977;Leon;1,928;30;0;404;3
CLI8010;M;No;24;No;Funcionario;<10annos;Bajo;5;2000;Generacion Z;13983;Alicante;1,443;30;0;459;3
CLI8011;M;Si;41;No;Ejecutivo;10-20annos;Alto;6;1983;Millennials;117709;Almeri­a;1,353;30;1;321;0,5
CLI8012;F;Si;92;Si;Artista;+20annos;Alto;2;1932;Generacion Silenciosa;97585;Segovia;1,111;50;1;247;
CLI8013;F;;54;No;Otros;+20annos;Bajo;1;1970;Generacion X;114078;Las Palmas;0,681;120;0;177;
CLI8014;F;No;28;Si;Funcionario;<10annos;Bajo;2;1996;Millennials;30784;Ciudad Real;2,306;30;1;355;0,5
CLI8015;M;Si;57;Si;Artista;+20annos;Bajo;3;1967;Generacion X;90287;Sevilla;1,033;80;0;550;4
CLI8016;F;Si;77;Si;Servicios;+20annos;Alto;2;1947;Generacion X;69114;Murcia;1,346;50;0;560;1
CLI8017;M;Si;41;Si;Otros;10-20annos;Bajo;2;1983;Millennials;42655;Guipiºzcoa;1,33;50;1;165;
CLI8018;M;No;46;Si;Medico;+20annos;Bajo;1;1978;Generacion X;101118;Huesca;1,385;50;0;334;0,5
CLI8019;M;No;36;Si;Funcionario;10-20annos;Bajo;1;1988;Millennials;21547;Salamanca;1,123;30;0;517;4
CLI8020;M;Si;96;Si;Servicios;+20annos;Bajo;1;1928;Generacion Silenciosa;59758;Melilla;1,619;50;1;233;
CLI8021;F;Si;34;No;Artista;10-20annos;Medio;2;1990;Millennials;21317;Caceres;1,376;30;0;406;3
CLI8022;M;Si;42;No;Negocios/empresa;+20annos;Alto;4;1982;Millennials;112156;Ceuta;1,951;30;0;459;3
CLI8023;M;No;42;Si;Otros;+20annos;Bajo;2;1982;Millennials;43417;Almeri­a;1,583;50;0;515;1
CLI8024;M;Si;62;Si;Artista;+20annos;Alto;2;1962;Generacion X;74562;Cuenca;1,717;50;0;531;1
CLI8025;F;Si;62;Si;Artista;+20annos;Medio;5;1962;Generacion X;44165;Badajoz;1,697;30;0;432;3
CLI8026;F;Si;56;Si;Artista;+20annos;Bajo;1;1968;Generacion X;22547;Palencia;1,15;30;0;405;3
CLI8027;F;No;22;No;Medico;<10annos;Bajo;2;2002;Generacion Z;13625;Castellon;1,512;30;0;510;4
CLI8028;F;No;25;No;Negocios/empresa;<10annos;Bajo;4;1999;Generacion Z;19081;Santa Cruz de Tenerife;1,788;30;0;168;
CLI8029;M;Si;68;Si;Otros;+20annos;Medio;2;1956;Generacion X;106032;Toledo;1,443;50;0;493;3
CLI8030;M;Si;44;Si;Artista;+20annos;Alto;1;1980;Generacion X;54967;Guipiºzcoa;1,629;50;0;226;
CLI8031;F;No;31;No;Ingeniero;<10annos;Bajo;3;1993;Millennials;21441;Ceuta;1,307;30;1;222;
CLI8032;M;;50;Si;Artista;+20annos;Bajo;1;1974;Generacion X;48459;Caceres;1,443;50;0;115;
CLI8033;F;Si;47;Si;Otros;+20annos;Medio;2;1977;Generacion X;60001;La Corui±a;1,267;50;0;143;
CLI8034;M;Si;32;No;Ejecutivo;10-20annos;Bajo;6;1992;Millennials;24906;Jaen;1,261;30;1;106;
CLI8035;M;No;42;Si;Funcionario;+20annos;Bajo;2;1982;Millennials;53852;Sevilla;1,514;50;0;266;
CLI8036;F;Si;89;Si;Servicios;+20annos;Alto;3;1935;Generacion Silenciosa;77049;Toledo;1,228;80;0;77;
CLI8037;M;No;39;Si;Artista;10-20annos;Bajo;1;1985;Millennials;30156;Barcelona;1,698;30;0;155;
CLI8038;F;No;34;Si;Funcionario;10-20annos;Bajo;5;1990;Millennials;23038;La Corui±a;1,537;30;1;196;
CLI8039;M;No;31;No;Funcionario;<10annos;Bajo;5;1993;Millennials;21472;Almeri­a;1,882;30;1;354;0,5
CLI8040;M;Si;73;No;Servicios;+20annos;Bajo;1;1951;Generacion X;116191;Granada;1,58;120;1;360;0,5
CLI8041;M;Si;76;No;Ejecutivo;+20annos;Medio;4;1948;Generacion X;61199;Baleares;1,033;30;0;129;
CLI8042;F;No;28;No;Construccion;<10annos;Bajo;1;1996;Millennials;22626;Badajoz;1,719;30;0;193;
CLI8043;M;No;20;No;Funcionario;<10annos;Bajo;4;2004;Generacion Z;21268;La Corui±a;2,444;30;1;103;
CLI8044;F;Si;44;Si;Artista;+20annos;Medio;2;1980;Generacion X;35492;Lugo;1,905;50;0;223;
CLI8045;M;Si;43;Si;Artista;+20annos;Medio;2;1981;Millennials;115208;Las Palmas;2,02;50;0;327;0,5
CLI8046;F;;55;No;Ingeniero;+20annos;Bajo;2;1969;Generacion X;78487;Burgos;1,326;120;0;410;3
CLI8047;F;Si;57;No;Medico;+20annos;Medio;2;1967;Generacion X;62346;Huesca;1,15;30;1;291;
CLI8048;M;Si;65;Si;Otros;+20annos;Medio;2;1959;Generacion X;74338;Madrid;0,876;50;0;350;0,5
CLI8049;M;Si;55;Si;Medico;+20annos;Medio;2;1969;Generacion X;122969;Guadalajara;0,622;50;0;424;3
CLI8050;F;Si;35;No;Ingeniero;10-20annos;Bajo;4;1989;Millennials;21719;Orense;1,836;30;1;181;
CLI8051;F;Si;89;No;Servicios;+20annos;Alto;2;1935;Generacion Silenciosa;58183;Caceres;0,818;30;1;384;3
CLI8052;M;Si;57;Si;Artista;+20annos;Medio;6;1967;Generacion X;35543;Burgos;1,697;30;0;30;
CLI8053;M;Si;43;No;Ejecutivo;+20annos;Medio;4;1981;Millennials;26666;Tarragona;1,422;30;1;338;0,5
CLI8054;F;No;41;Si;Artista;10-20annos;Bajo;2;1983;Millennials;118464;Alicante;1,537;50;0;357;0,5
CLI8055;M;No;25;No;Funcionario;<10annos;Bajo;3;1999;Generacion Z;21925;Murcia;1,995;30;0;229;
CLI8056;M;Si;54;Si;Artista;+20annos;Medio;3;1970;Generacion X;68433;Castellon;0,74;80;1;182;
CLI8057;M;No;20;No;Funcionario;<10annos;Bajo;2;2004;Generacion Z;16290;Cuenca;1,65;30;0;45;
CLI8058;M;Si;69;Si;Construccion;+20annos;Medio;3;1955;Generacion X;122245;Zamora;0,72;80;0;119;
CLI8059;M;Si;94;No;Servicios;+20annos;Bajo;1;1930;Generacion Silenciosa;115616;Las Palmas;1,482;120;0;233;
CLI8060;F;No;34;Si;Otros;10-20annos;Bajo;3;1990;Millennials;31676;Leon;2,066;30;0;450;3
CLI8061;M;No;43;Si;Funcionario;+20annos;Bajo;2;1981;Millennials;49127;Granada;0,778;50;0;294;
CLI8062;F;Si;53;Si;Artista;+20annos;Medio;6;1971;Generacion X;117528;Melilla;1,248;30;1;338;0,5
CLI8063;M;Si;72;No;Artista;+20annos;Medio;2;1952;Generacion X;41801;Vizcaya;1,697;30;0;376;3
CLI8064;M;Si;45;Si;Artista;+20annos;Alto;5;1979;Generacion X;124854;ilava;0,663;200;1;245;
CLI8065;M;No;24;No;Servicios;<10annos;Bajo;7;2000;Generacion Z;16304;Leon;2,513;30;0;222;
CLI8066;M;No;39;No;Ejecutivo;10-20annos;Bajo;4;1985;Millennials;31705;Alicante;1,169;30;0;58;
CLI8067;F;No;36;Si;Funcionario;10-20annos;Bajo;1;1988;Millennials;20348;Jaen;1,008;30;0;473;3
CLI8068;F;No;30;Si;Funcionario;<10annos;Bajo;4;1994;Millennials;20880;Badajoz;2,043;30;0;487;3
CLI8069;M;Si;41;Si;Ejecutivo;10-20annos;Medio;3;1983;Millennials;107491;Caceres;1,537;30;0;217;
CLI8070;F;Si;40;Si;Ingeniero;10-20annos;Bajo;1;1984;Millennials;67666;ivila;1,146;50;0;476;3
CLI8071;M;Si;41;Si;Funcionario;10-20annos;Medio;4;1983;Millennials;118373;Burgos;1,79;30;0;209;
CLI8072;F;Si;76;No;Servicios;+20annos;Bajo;1;1948;Generacion X;112234;Caceres;0,896;120;0;181;
CLI8073;M;Si;65;No;Ejecutivo;+20annos;Alto;2;1959;Generacion X;88665;Leon;1,013;120;0;240;
CLI8074;F;No;21;No;Negocios/empresa;<10annos;Bajo;4;2003;Generacion Z;15216;Barcelona;2,892;30;0;561;4
CLI8075;M;Si;52;Si;Medico;+20annos;Alto;5;1972;Generacion X;76332;Almeri­a;0,642;30;1;340;0,5
CLI8076;M;Si;67;Si;Medico;+20annos;Bajo;3;1957;Generacion X;120696;Santa Cruz de Tenerife;1,424;80;0;104;
CLI8077;F;Si;52;Si;Artista;+20annos;Medio;3;1972;Generacion X;88624;Leon;0,564;80;1;198;
CLI8078;M;Si;55;Si;Artista;+20annos;Medio;4;1969;Generacion X;23956;Guadalajara;0,7;30;0;137;
CLI8079;M;No;21;No;Funcionario;<10annos;Bajo;4;2003;Generacion Z;23765;Castellon;0,995;30;1;162;
CLI8080;M;No;24;No;Funcionario;<10annos;Bajo;3;2000;Generacion Z;17743;Ceuta;1,892;30;0;218;
CLI8081;F;No;24;No;Funcionario;<10annos;Bajo;6;2000;Generacion Z;22850;Burgos;12,015;30;1;129;
CLI8082;M;Si;55;Si;Artista;+20annos;Medio;5;1969;Generacion X;29455;Malaga;1,267;30;0;551;4
CLI8083;M;No;30;No;Funcionario;<10annos;Bajo;3;1994;Millennials;22249;Guipiºzcoa;1,744;30;0;247;
CLI8084;M;No;20;No;Medico;<10annos;Bajo;3;2004;Generacion Z;22628;Alicante;2,961;30;1;104;
CLI8085;F;Si;67;Si;Artista;+20annos;Bajo;1;1957;Generacion X;35237;Almeri­a;1,033;50;0;200;
CLI8086;F;Si;22;Si;Servicios;<10annos;Medio;3;2002;Generacion Z;16323;Castellon;1,547;30;0;87;
CLI8087;M;Si;50;Si;Artista;+20annos;Medio;2;1974;Generacion X;56508;Almeri­a;1,541;50;0;232;
CLI8088;M;Si;61;Si;Artista;+20annos;Bajo;1;1963;Generacion X;127820;Navarra;0,661;50;1;169;
CLI8089;F;Si;97;Si;Servicios;+20annos;Medio;4;1927;Generacion Silenciosa;73374;Sevilla;0,896;80;1;351;0,5
CLI8090;M;Si;69;No;Ejecutivo;+20annos;Alto;3;1955;Generacion X;43677;Soria;0,642;30;1;360;0,5
CLI8091;M;Si;76;No;Servicios;+20annos;Alto;1;1948;Generacion X;33253;Malaga;1,326;30;0;395;3
CLI8092;M;No;46;Si;Artista;+20annos;Bajo;4;1978;Generacion X;29133;Almeri­a;1,072;30;0;465;3
CLI8093;M;Si;87;No;Ejecutivo;+20annos;Alto;2;1937;Generacion Silenciosa;70949;Jaen;1,404;30;1;314;0,5
CLI8094;F;Si;39;Si;Funcionario;10-20annos;Alto;3;1985;Millennials;29612;Caceres;1,606;30;0;56;
CLI8095;M;Si;30;No;Ejecutivo;<10annos;Alto;4;1994;Millennials;29959;Gerona;1,468;30;1;130;
CLI8096;M;Si;57;Si;Ingeniero;+20annos;Bajo;2;1967;Generacion X;46878;Baleares;1,639;50;0;357;0,5
CLI8097;F;No;32;Si;Funcionario;10-20annos;Bajo;4;1992;Millennials;30384;La Corui±a;0,686;30;0;189;
CLI8098;F;Si;87;No;Servicios;+20annos;Alto;2;1937;Generacion Silenciosa;112115;Toledo;1,424;120;0;126;
CLI8099;M;Si;96;Si;Servicios;+20annos;Alto;2;1928;Generacion Silenciosa;42575;Salamanca;1,717;50;0;73;
CLI8100;M;Si;98;No;Servicios;+20annos;Bajo;2;1926;Generacion Silenciosa;55514;Valencia;0,603;30;0;76;
CLI8101;M;Si;69;Si;Artista;+20annos;Medio;3;1955;Generacion X;92722;Guadalajara;1,287;80;0;480;3
CLI8102;M;No;34;No;Artista;10-20annos;Bajo;2;1990;Millennials;30907;ilava;0,709;30;1;206;
CLI8103;M;Si;79;Si;Artista;+20annos;Medio;6;1945;Generacion Silenciosa;118600;Toledo;0,798;30;0;163;
CLI8104;F;Si;45;Si;Medico;+20annos;Medio;2;1979;Generacion X;86234;Baleares;0,824;50;1;157;
CLI8105;F;No;67;Si;Artista;+20annos;Bajo;1;1957;Generacion X;82221;Toledo;0,622;50;0;482;3
CLI8106;M;Si;68;Si;Artista;+20annos;Bajo;2;1956;Generacion X;126272;Sevilla;11,305;50;0;494;1
CLI8107;M;Si;62;Si;Artista;+20annos;Medio;2;1962;Generacion X;100970;ivila;1,209;50;0;168;
CLI8108;M;Si;66;Si;Artista;+20annos;Medio;5;1958;Generacion X;41866;Lugo;1,443;30;0;378;3
CLI8109;M;Si;75;Si;Artista;+20annos;Alto;2;1949;Generacion X;55694;Valladolid;1,15;50;1;242;
CLI8110;M;No;21;No;Funcionario;<10annos;Bajo;8;2003;Generacion Z;13216;Caceres;2,823;30;0;583;4
CLI8111;M;Si;63;Si;Ejecutivo;+20annos;Alto;3;1961;Generacion X;24723;Guadalajara;1,346;30;1;265;
CLI8112;M;No;21;No;Funcionario;<10annos;Bajo;5;2003;Generacion Z;14767;Guipiºzcoa;1,512;30;0;382;3
CLI8113;F;Si;56;Si;Artista;+20annos;Medio;6;1968;Generacion X;104645;Alicante;0,798;30;1;319;0,5
CLI8114;F;Si;95;No;Artista;+20annos;Alto;2;1929;Generacion Silenciosa;113543;La Rioja;0,896;120;1;162;
CLI8115;F;Si;81;No;Servicios;+20annos;Alto;2;1943;Generacion Silenciosa;76647;Alicante;1,091;120;0;251;
CLI8116;M;No;25;No;Otros;<10annos;Bajo;2;1999;Generacion Z;24807;Navarra;0,995;30;0;106;
CLI8117;M;Si;52;Si;Artista;+20annos;Medio;2;1972;Generacion X;87757;Toledo;1,737;50;0;347;0,5
CLI8118;F;No;21;No;Funcionario;<10annos;Bajo;6;2003;Generacion Z;12199;Las Palmas;14,085;30;0;91;
CLI8119;M;Si;55;No;Artista;+20annos;Alto;4;1969;Generacion X;47514;Baleares;1,678;30;0;411;3
CLI8120;M;Si;88;Si;Servicios;+20annos;Alto;2;1936;Generacion Silenciosa;102811;La Rioja;1,306;50;0;279;
CLI8121;M;Si;86;No;Servicios;+20annos;Bajo;1;1938;Generacion Silenciosa;81146;Palencia;1,013;120;1;127;
CLI8122;F;No;53;Si;Medico;+20annos;Bajo;1;1971;Generacion X;128923;Malaga;0,622;50;0;117;
CLI8123;M;Si;77;Si;Medico;+20annos;Medio;2;1947;Generacion X;30545;Las Palmas;0,72;30;1;157;
CLI8124;M;Si;55;Si;Ejecutivo;+20annos;Alto;5;1969;Generacion X;23051;Cadiz;0,955;30;0;187;
CLI8125;F;Si;91;Si;Servicios;+20annos;Alto;2;1933;Generacion Silenciosa;28883;La Rioja;1,58;30;1;188;
CLI8126;M;No;39;Si;Otros;10-20annos;Bajo;1;1985;Millennials;26476;Baleares;0,87;30;0;346;0,5
CLI8127;F;No;40;Si;Artista;10-20annos;Bajo;2;1984;Millennials;97821;Pontevedra;0,962;50;1;295;
CLI8128;F;No;39;Si;Artista;10-20annos;Bajo;1;1985;Millennials;25338;Ciudad Real;1,882;30;0;254;
CLI8129;M;Si;39;Si;Artista;10-20annos;Medio;2;1985;Millennials;29209;Cordoba;1,767;30;0;460;3
CLI8130;M;No;20;No;Funcionario;<10annos;Bajo;3;2004;Generacion Z;13306;Guadalajara;1,443;30;1;127;
CLI8131;F;Si;80;Si;Artista;+20annos;Medio;2;1944;Generacion Silenciosa;95787;Baleares;1,639;50;0;285;
CLI8132;M;Si;68;No;Artista;+20annos;Alto;3;1956;Generacion X;97085;Alicante;1,443;30;0;127;
CLI8133;F;Si;51;Si;Artista;+20annos;Medio;2;1973;Generacion X;96221;Burgos;1,443;50;0;238;
CLI8134;M;Si;47;Si;Otros;+20annos;Bajo;4;1977;Generacion X;123617;Sevilla;1,697;80;1;127;
CLI8135;F;No;35;Si;Otros;10-20annos;Bajo;1;1989;Millennials;27965;Navarra;1,583;30;0;425;3
CLI8136;M;No;43;Si;Artista;+20annos;Bajo;1;1981;Millennials;118322;LLeida;1,077;50;0;511;4
CLI8137;F;Si;98;Si;Servicios;+20annos;Alto;2;1926;Generacion Silenciosa;78118;Las Palmas;1,678;50;0;379;1
CLI8138;F;No;20;No;Funcionario;<10annos;Bajo;3;2004;Generacion Z;20804;Alicante;0,995;30;0;501;4
CLI8139;F;Si;63;Si;Artista;+20annos;Alto;2;1961;Generacion X;94230;Ciudad Real;0,798;50;1;140;
CLI8140;F;No;20;No;Otros;<10annos;Bajo;4;2004;Generacion Z;13044;Cadiz;2,927;30;0;476;3
CLI8141;F;Si;78;Si;Artista;+20annos;Alto;2;1946;Generacion X;125121;Baleares;15,215;50;0;486;1
CLI8142;F;Si;76;Si;Artista;+20annos;Medio;2;1948;Generacion X;126005;Melilla;0,876;50;1;241;
CLI8143;F;No;46;Si;Funcionario;+20annos;Bajo;4;1978;Generacion X;48484;Almeri­a;0,74;30;0;147;
CLI8144;F;No;40;Si;Artista;10-20annos;Bajo;2;1984;Millennials;38221;Granada;0,732;50;1;361;0,5
CLI8145;F;Si;88;Si;Servicios;+20annos;Alto;2;1936;Generacion Silenciosa;72950;Murcia;1,58;50;0;102;
CLI8146;M;Si;76;No;Otros;+20annos;Bajo;1;1948;Generacion X;96450;Caceres;0,915;120;0;377;3
CLI8147;F;Si;74;Si;Artista;+20annos;Medio;3;1950;Generacion X;113469;Huelva;0,896;80;0;39;
CLI8148;F;Si;52;Si;Medico;+20annos;Medio;4;1972;Generacion X;93396;Zamora;1,072;80;0;379;3
CLI8149;F;Si;54;Si;Artista;+20annos;Medio;2;1970;Generacion X;50447;Sevilla;1,463;50;0;378;3
CLI8150;F;Si;35;No;Ingeniero;10-20annos;Bajo;4;1989;Millennials;21418;Almeri­a;0,916;30;1;171;
CLI8151;F;Si;72;Si;Servicios;+20annos;Medio;4;1952;Generacion X;51833;Murcia;0,876;30;0;379;3
CLI8152;F;Si;86;No;Servicios;+20annos;Alto;2;1938;Generacion Silenciosa;79639;Valencia;0,74;120;0;562;4
CLI8153;M;No;36;Si;Artista;10-20annos;Bajo;6;1988;Millennials;22452;Tarragona;0,847;30;1;388;3
CLI8154;M;Si;53;Si;Artista;+20annos;Bajo;1;1971;Generacion X;79253;Lugo;1,072;50;1;195;
CLI8155;M;Si;64;Si;Ejecutivo;+20annos;Medio;5;1960;Generacion X;99278;Huesca;1,697;30;1;188;
CLI8156;F;Si;91;Si;Servicios;+20annos;Alto;1;1933;Generacion Silenciosa;102187;Alicante;0,74;50;0;347;0,5
CLI8157;F;No;33;No;Funcionario;10-20annos;Bajo;4;1991;Millennials;26461;Huelva;1,399;30;0;389;3
CLI8158;F;No;39;Si;Artista;10-20annos;Bajo;2;1985;Millennials;19501;Santa Cruz de Tenerife;1,583;30;0;76;
CLI8159;M;No;35;Si;Funcionario;10-20annos;Bajo;5;1989;Millennials;21134;ilava;2,066;30;0;385;3
CLI8160;M;Si;76;Si;Construccion;+20annos;Alto;2;1948;Generacion X;103174;Murcia;0,896;50;1;269;
CLI8161;F;Si;78;Si;Servicios;+20annos;Alto;2;1946;Generacion X;89457;Pontevedra;0,915;50;0;314;0,5
CLI8162;M;No;47;Si;Servicios;+20annos;Bajo;1;1977;Generacion X;100518;Malaga;1,385;50;0;287;
CLI8163;M;Si;41;Si;Artista;10-20annos;Bajo;2;1983;Millennials;87521;Castellon;1,514;50;0;446;1
CLI8164;M;No;46;Si;Medico;+20annos;Bajo;1;1978;Generacion X;102348;Salamanca;1,306;50;0;328;0,5
CLI8165;F;Si;77;Si;Medico;+20annos;Medio;2;1947;Generacion X;82109;Toledo;1,385;50;0;32;
CLI8166;M;No;51;Si;Artista;+20annos;Bajo;2;1973;Generacion X;79806;Vizcaya;1,678;50;0;453;1
CLI8167;M;No;23;No;Funcionario;<10annos;Bajo;1;2001;Generacion Z;12482;Malaga;2,927;30;0;415;3
CLI8168;M;Si;77;Si;Artista;+20annos;Medio;2;1947;Generacion X;70769;Zaragoza;1,502;50;0;595;4
CLI8169;F;Si;67;Si;Artista;+20annos;Bajo;1;1957;Generacion X;118341;Zamora;1,189;50;1;275;
CLI8170;M;Si;66;Si;Otros;+20annos;Bajo;1;1958;Generacion X;40656;Caceres;0,622;50;1;180;
CLI8171;M;No;41;Si;Otros;10-20annos;Bajo;2;1983;Millennials;114187;Sevilla;1,169;50;0;524;4
CLI8172;M;Si;33;Si;Funcionario;10-20annos;Bajo;2;1991;Millennials;26036;Gerona;1,054;30;1;330;0,5
CLI8173;F;No;35;Si;Ingeniero;10-20annos;Bajo;3;1989;Millennials;25499;Baleares;1,813;30;0;252;
CLI8174;M;Si;29;Si;Ejecutivo;<10annos;Bajo;3;1995;Millennials;26009;Teruel;1,926;30;0;373;3
CLI8175;M;No;46;Si;Negocios/empresa;+20annos;Bajo;1;1978;Generacion X;32544;Santa Cruz de Tenerife;0,857;30;0;293;
CLI8176;F;No;20;No;Medico;<10annos;Bajo;1;2004;Generacion Z;21965;Sevilla;2,616;30;0;50;
CLI8177;M;Si;88;No;Ejecutivo;+20annos;Bajo;1;1936;Generacion Silenciosa;110579;Murcia;15,215;120;1;392;3
CLI8178;M;Si;32;Si;Funcionario;10-20annos;Alto;2;1992;Millennials;18109;Barcelona;0,87;30;0;200;
CLI8179;F;Si;97;Si;Artista;+20annos;Alto;2;1927;Generacion Silenciosa;90190;Burgos;0,876;50;1;125;
CLI8180;M;Si;77;Si;Servicios;+20annos;Bajo;1;1947;Generacion X;104921;Alicante;1,639;50;0;154;
CLI8181;F;Si;55;Si;Artista;+20annos;Alto;4;1969;Generacion X;110925;ivila;0,994;80;0;281;
CLI8182;M;Si;47;Si;Medico;+20annos;Medio;4;1977;Generacion X;115577;Valladolid;1,013;80;0;509;4
CLI8183;M;Si;56;Si;Artista;+20annos;Medio;2;1968;Generacion X;82733;Leon;1,561;50;0;487;3
CLI8184;F;Si;55;Si;Artista;+20annos;Alto;3;1969;Generacion X;100216;Ceuta;0,876;80;1;275;
CLI8185;F;Si;81;No;Construccion;+20annos;Bajo;1;1943;Generacion Silenciosa;57648;Vizcaya;1,091;30;1;282;
CLI8186;F;No;32;Si;Funcionario;10-20annos;Bajo;3;1992;Millennials;27285;Palencia;1,33;30;0;448;3
CLI8187;F;No;35;Si;Ingeniero;10-20annos;Bajo;2;1989;Millennials;28186;Palencia;0,778;30;1;320;0,5
CLI8188;M;Si;66;No;Ejecutivo;+20annos;Bajo;2;1958;Generacion X;76284;Zaragoza;1,287;120;0;284;
CLI8189;M;No;51;Si;Artista;+20annos;Bajo;1;1973;Generacion X;62826;Albacete;0,74;50;0;90;
CLI8190;F;Si;89;Si;Negocios/empresa;+20annos;Bajo;2;1935;Generacion Silenciosa;79905;Caceres;1,404;50;0;77;
CLI8191;M;Si;45;No;Ingeniero;+20annos;Medio;7;1979;Generacion X;122080;Caceres;1,399;200;0;81;
CLI8192;M;Si;24;No;Ejecutivo;<10annos;Alto;4;2000;Generacion Z;15251;Soria;1,581;30;0;97;
CLI8193;M;Si;41;Si;Artista;10-20annos;Medio;3;1983;Millennials;42468;Teruel;2,043;30;0;273;
CLI8194;M;Si;47;No;Ingeniero;+20annos;Bajo;1;1977;Generacion X;108904;Pontevedra;0,72;120;1;264;
CLI8195;M;Si;55;Si;Artista;+20annos;Medio;3;1969;Generacion X;31493;Ceuta;1,717;30;0;254;
CLI8196;F;Si;39;Si;Artista;10-20annos;Medio;2;1985;Millennials;30582;Cuenca;1,905;30;1;194;
CLI8197;M;Si;72;No;Servicios;+20annos;Alto;2;1952;Generacion X;46210;Orense;0,779;30;0;186;
CLI8198;F;No;45;Si;Ingeniero;+20annos;Bajo;4;1979;Generacion X;90451;Valencia;1,997;30;1;184;
CLI8199;M;No;31;No;Otros;<10annos;Bajo;2;1993;Millennials;26098;Valladolid;2,066;30;1;273;
CLI8200;M;Si;61;Si;Artista;+20annos;Medio;2;1963;Generacion X;35985;Vizcaya;1,385;50;0;347;0,5
CLI8201;F;Si;64;No;Servicios;+20annos;Alto;2;1960;Generacion X;111052;Huelva;0,564;120;0;210;
CLI8202;M;No;31;No;Funcionario;<10annos;Bajo;3;1993;Millennials;28868;LLeida;0,709;30;0;303;0,5
CLI8203;M;Si;53;Si;Artista;+20annos;Medio;4;1971;Generacion X;31580;Melilla;0,837;30;0;202;
CLI8204;F;Si;86;No;Medico;+20annos;Alto;2;1938;Generacion Silenciosa;122246;Lugo;1,248;120;0;420;3
CLI8205;F;No;39;Si;Medico;10-20annos;Bajo;3;1985;Millennials;21007;Malaga;1,077;30;0;399;3
CLI8206;F;Si;84;Si;Servicios;+20annos;Alto;2;1940;Generacion Silenciosa;35470;Ciudad Real;0,779;50;0;208;
CLI8207;F;Si;97;Si;Servicios;+20annos;Alto;2;1927;Generacion Silenciosa;57242;Cordoba;1,658;50;0;548;1
CLI8208;M;Si;67;Si;Servicios;+20annos;Medio;3;1957;Generacion X;124223;Valladolid;1,443;80;1;119;
CLI8209;F;Si;87;Si;Artista;+20annos;Alto;2;1937;Generacion Silenciosa;89543;LLeida;1,502;50;0;132;
CLI8210;M;No;33;No;Medico;10-20annos;Bajo;4;1991;Millennials;19937;Ciudad Real;1,744;30;0;268;
CLI8211;M;Si;76;No;Ejecutivo;+20annos;Alto;2;1948;Generacion X;75214;Palencia;0,583;120;1;360;0,5
CLI8212;M;Si;72;Si;Medico;+20annos;Medio;2;1952;Generacion X;27259;Toledo;1,658;30;1;129;
CLI8213;F;Si;77;Si;Servicios;+20annos;Bajo;2;1947;Generacion X;63185;Badajoz;1,267;50;0;244;
CLI8214;M;Si;35;No;Funcionario;10-20annos;Medio;4;1989;Millennials;21419;Leon;1,307;30;1;382;3
CLI8215;M;Si;51;Si;Otros;+20annos;Bajo;4;1973;Generacion X;65015;Soria;1,502;80;0;43;
CLI8216;M;No;23;No;Funcionario;<10annos;Bajo;5;2001;Generacion Z;19734;Burgos;1,512;30;0;226;
CLI8217;M;Si;52;Si;Medico;+20annos;Bajo;3;1972;Generacion X;110593;ivila;1,658;80;0;129;
CLI8218;F;No;43;No;Negocios/empresa;+20annos;Bajo;2;1981;Millennials;96114;Zamora;1,169;120;1;305;0,5
CLI8219;M;Si;94;Si;Servicios;+20annos;Bajo;3;1930;Generacion Silenciosa;43632;Huelva;1,385;30;0;517;1
CLI8220;F;No;73;Si;Artista;+20annos;Bajo;2;1951;Generacion X;64205;Palencia;0,935;50;1;295;
CLI8221;F;Si;55;Si;Artista;+20annos;Medio;2;1969;Generacion X;116952;Ceuta;1,033;50;0;90;
CLI8222;F;Si;46;Si;Artista;+20annos;Medio;3;1978;Generacion X;67327;La Rioja;0,798;80;0;194;
CLI8223;M;Si;58;Si;Artista;+20annos;Bajo;1;1966;Generacion X;27219;Segovia;1,385;30;0;208;
CLI8224;M;Si;41;Si;Artista;10-20annos;Bajo;2;1983;Millennials;79070;Granada;2,066;50;1;292;
CLI8225;F;Si;50;Si;Artista;+20annos;Bajo;2;1974;Generacion X;60522;Segovia;0,915;50;1;115;
CLI8226;F;No;73;No;Servicios;+20annos;Bajo;1;1951;Generacion X;31163;Murcia;1,248;30;0;153;
CLI8227;M;No;36;No;Negocios/empresa;10-20annos;Bajo;1;1988;Millennials;21569;Alicante;1,882;30;0;136;
CLI8228;M;Si;44;Si;Artista;+20annos;Bajo;1;1980;Generacion X;97817;Salamanca;1,1;50;1;187;
CLI8229;F;Si;39;Si;Artista;10-20annos;Bajo;1;1985;Millennials;26624;Madrid;1,261;30;0;567;1
CLI8230;M;No;30;Si;Artista;<10annos;Bajo;2;1994;Millennials;30857;Navarra;1,215;30;0;321;0,5
CLI8231;F;Si;53;Si;Artista;+20annos;Medio;3;1971;Generacion X;34592;Jaen;1,189;30;0;113;
CLI8232;F;Si;62;Si;Artista;+20annos;Medio;2;1962;Generacion X;64626;Sevilla;1,17;50;1;363;0,5
CLI8233;M;Si;28;Si;Funcionario;<10annos;Bajo;6;1996;Millennials;27283;Las Palmas;2,202;30;1;216;
CLI8234;F;No;33;No;Artista;10-20annos;Bajo;8;1991;Millennials;30290;Soria;1,307;30;0;136;
CLI8235;F;Si;51;Si;Otros;+20annos;Bajo;3;1973;Generacion X;129149;Albacete;1,463;80;0;384;1
CLI8236;M;Si;54;No;Servicios;+20annos;Bajo;2;1970;Generacion X;66327;Orense;1,15;30;0;50;
CLI8237;M;Si;79;No;Negocios/empresa;+20annos;Bajo;4;1945;Generacion Silenciosa;60675;Vizcaya;1,033;30;0;264;
CLI8238;F;Si;87;Si;Servicios;+20annos;Alto;2;1937;Generacion Silenciosa;69215;Valladolid;1,033;50;0;313;0,5
CLI8239;F;No;39;Si;Artista;10-20annos;Bajo;3;1985;Millennials;27116;Zamora;0,962;30;1;121;
CLI8240;F;Si;85;Si;Servicios;+20annos;Bajo;1;1939;Generacion Silenciosa;21386;Guipiºzcoa;1,248;30;0;376;1
CLI8241;F;Si;87;No;Servicios;+20annos;Alto;2;1937;Generacion Silenciosa;119755;Almeri­a;0,935;120;0;518;4
CLI8242;M;Si;46;Si;Funcionario;+20annos;Alto;4;1978;Generacion X;94967;Jaen;0,564;80;0;434;3
CLI8243;F;No;46;Si;Ingeniero;+20annos;Bajo;1;1978;Generacion X;47861;Alicante;1,658;50;1;185;
CLI8244;M;Si;74;No;Servicios;+20annos;Alto;2;1950;Generacion X;62469;Granada;0,994;30;1;314;0,5
CLI8245;M;No;29;Si;Funcionario;<10annos;Bajo;1;1995;Millennials;21697;Jaen;2,306;30;1;201;
CLI8246;M;Si;74;Si;Servicios;+20annos;Alto;2;1950;Generacion X;67494;ivila;0,837;50;0;138;
CLI8247;M;Si;61;Si;Ingeniero;+20annos;Bajo;1;1963;Generacion X;116117;Toledo;1,404;50;0;598;1
CLI8248;F;;62;Si;Artista;+20annos;Medio;2;1962;Generacion X;22812;Castellon;1,209;30;0;318;0,5
CLI8249;M;Si;69;;Servicios;+20annos;Medio;4;1955;Generacion X;73172;Las Palmas;1,091;30;1;170;
CLI8250;M;Si;51;Si;Artista;+20annos;Medio;2;1973;Generacion X;83689;Teruel;0,974;50;0;32;
CLI8251;M;Si;35;Si;Funcionario;10-20annos;Bajo;2;1989;Millennials;21357;Zamora;1,376;30;1;110;
CLI8252;F;No;54;Si;Construccion;+20annos;Bajo;1;1970;Generacion X;72788;Albacete;1,052;50;1;150;
CLI8253;M;Si;65;Si;Artista;+20annos;Alto;2;1959;Generacion X;95493;Almeri­a;1,678;50;0;442;1
CLI8254;M;No;24;No;Funcionario;<10annos;Bajo;5;2000;Generacion Z;17792;ilava;2,444;30;0;445;3
CLI8255;F;No;31;Si;Artista;<10annos;Bajo;1;1993;Millennials;18685;Guipiºzcoa;0,709;30;0;395;3
CLI8256;M;No;31;Si;Otros;<10annos;Bajo;3;1993;Millennials;31469;Baleares;0,847;30;1;337;0,5
CLI8257;M;Si;83;Si;Servicios;+20annos;Bajo;1;1941;Generacion Silenciosa;83648;Valencia;1,717;50;0;183;
CLI8258;F;Si;41;Si;Artista;10-20annos;Bajo;2;1983;Millennials;81442;Cadiz;0,686;50;0;270;
CLI8259;M;Si;55;Si;Medico;+20annos;Medio;2;1969;Generacion X;65072;Soria;1,267;50;0;584;4
CLI8260;F;Si;55;Si;Ejecutivo;+20annos;Alto;4;1969;Generacion X;105078;Malaga;0,857;80;1;155;
CLI8261;F;Si;97;No;Servicios;+20annos;Bajo;1;1927;Generacion Silenciosa;30052;Pontevedra;0,564;30;1;322;0,5
CLI8262;F;Si;39;Si;Artista;10-20annos;Medio;5;1985;Millennials;29414;Almeri­a;1,767;30;0;184;
CLI8263;F;No;39;No;Servicios;10-20annos;Bajo;1;1985;Millennials;25568;Almeri­a;1,537;30;0;136;
CLI8264;M;Si;34;No;Otros;10-20annos;Medio;3;1990;Millennials;25057;Castellon;1,445;30;1;254;
CLI8265;M;Si;51;Si;Artista;+20annos;Bajo;1;1973;Generacion X;23400;Melilla;1,482;30;0;509;1
CLI8266;F;Si;55;Si;Artista;+20annos;Medio;4;1969;Generacion X;98112;Teruel;1,424;80;0;359;0,5
CLI8267;F;No;36;Si;Artista;10-20annos;Bajo;3;1988;Millennials;30132;Granada;1,261;30;0;330;0,5
CLI8268;M;Si;54;Si;Artista;+20annos;Bajo;1;1970;Generacion X;114886;Granada;0,661;50;1;217;
CLI8269;M;Si;57;Si;Artista;+20annos;Medio;3;1967;Generacion X;74679;Tarragona;1,267;80;0;345;0,5
CLI8270;M;No;28;No;Funcionario;<10annos;Bajo;3;1996;Millennials;26865;Santa Cruz de Tenerife;2,927;30;1;145;
CLI8271;F;Si;45;Si;Artista;+20annos;Bajo;1;1979;Generacion X;72319;Ceuta;1,077;50;0;462;3
CLI8272;F;Si;75;Si;Artista;+20annos;Alto;2;1949;Generacion X;61680;Navarra;0,779;50;0;561;4
CLI8273;F;Si;87;No;Servicios;+20annos;Alto;2;1937;Generacion Silenciosa;107647;Leon;1,639;120;0;321;0,5
CLI8274;M;Si;44;Si;Otros;+20annos;Medio;5;1980;Generacion X;42213;Cordoba;1,468;30;1;338;0,5
CLI8275;F;No;68;Si;Medico;+20annos;Bajo;1;1956;Generacion X;110917;ilava;1,502;50;1;338;0,5
CLI8276;M;No;23;No;Funcionario;<10annos;Bajo;2;2001;Generacion Z;18651;Sevilla;1,754;30;0;378;3
CLI8277;F;No;22;No;Funcionario;<10annos;Bajo;4;2002;Generacion Z;16520;Gerona;10,635;30;0;167;
CLI8278;M;No;31;Si;Otros;<10annos;Bajo;5;1993;Millennials;20276;Salamanca;1,33;30;1;345;0,5
CLI8279;M;Si;63;Si;Medico;+20annos;Medio;2;1961;Generacion X;119408;Toledo;1,385;50;0;468;3
CLI8280;F;No;28;No;Funcionario;<10annos;Bajo;1;1996;Millennials;20402;Tarragona;2,858;30;0;229;
CLI8281;F;Si;69;No;Ingeniero;+20annos;Bajo;1;1955;Generacion X;59567;Zaragoza;0,759;30;1;237;
CLI8282;F;Si;29;No;Otros;<10annos;Bajo;3;1995;Millennials;19110;Caceres;2,651;30;0;496;3
CLI8283;F;Si;55;No;Negocios/empresa;+20annos;Alto;3;1969;Generacion X;71872;Jaen;1,267;30;0;477;3
CLI8284;F;No;33;No;Negocios/empresa;10-20annos;Bajo;4;1991;Millennials;19538;Palencia;1,307;30;0;593;4
CLI8285;F;No;29;No;Ingeniero;<10annos;Bajo;4;1995;Millennials;29394;La Corui±a;1,616;30;0;523;4
CLI8286;M;Si;67;Si;Artista;+20annos;Medio;3;1957;Generacion X;121629;Segovia;0,564;80;0;397;3
CLI8287;M;No;46;Si;Artista;+20annos;Bajo;1;1978;Generacion X;108482;Ciudad Real;0,857;50;0;408;3
CLI8288;M;Si;97;Si;Artista;+20annos;Bajo;2;1927;Generacion Silenciosa;99951;Huelva;0,583;50;0;309;0,5
CLI8289;M;Si;50;No;Artista;+20annos;Medio;3;1974;Generacion X;62985;LLeida;1,737;30;1;389;3
CLI8290;F;Si;95;Si;Servicios;+20annos;Bajo;1;1929;Generacion Silenciosa;77440;Santa Cruz de Tenerife;0,955;50;0;48;
CLI8291;M;No;20;No;Funcionario;<10annos;Bajo;5;2004;Generacion Z;13957;Toledo;2,996;30;1;230;
CLI8292;M;No;41;Si;Otros;10-20annos;Bajo;1;1983;Millennials;87625;Jaen;0,801;50;1;266;
CLI8293;M;Si;51;Si;Artista;+20annos;Bajo;1;1973;Generacion X;80406;Vizcaya;0,603;50;1;360;0,5
CLI8294;M;Si;64;No;Artista;+20annos;Medio;2;1960;Generacion X;31732;Soria;1,619;30;0;31;
CLI8295;F;Si;79;Si;Servicios;+20annos;Alto;2;1945;Generacion Silenciosa;36328;Zaragoza;1,091;50;0;534;4
CLI8296;F;Si;55;Si;Artista;+20annos;Alto;3;1969;Generacion X;44649;Jaen;0,661;30;0;104;
CLI8297;F;;62;Si;Ingeniero;+20annos;Medio;3;1962;Generacion X;106899;LLeida;1,697;80;0;183;
CLI8298;M;No;51;No;Artista;+20annos;Bajo;3;1973;Generacion X;24558;Valencia;1,15;30;1;113;
CLI8299;M;Si;63;Si;Artista;+20annos;Bajo;1;1961;Generacion X;109072;Segovia;0,994;50;1;391;3
CLI8300;M;Si;46;No;Ejecutivo;+20annos;Alto;6;1978;Generacion X;89620;Leon;1,248;30;0;555;4
CLI8301;M;No;22;No;Funcionario;<10annos;Bajo;4;2002;Generacion Z;16267;Melilla;1,512;30;0;597;4
CLI8302;M;No;21;No;Funcionario;<10annos;Bajo;3;2003;Generacion Z;16432;Orense;1,685;30;0;87;
CLI8303;M;No;21;No;Funcionario;<10annos;Bajo;4;2003;Generacion Z;13325;Jaen;1,512;30;1;387;3
CLI8304;M;Si;75;Si;Ejecutivo;+20annos;Bajo;1;1949;Generacion X;122876;Albacete;1,678;50;0;589;1
CLI8305;F;Si;44;Si;Artista;+20annos;Bajo;2;1980;Generacion X;85699;Soria;1,675;50;1;197;
CLI8306;M;Si;90;No;Servicios;+20annos;Alto;2;1934;Generacion Silenciosa;111311;Burgos;1,091;120;0;113;
CLI8307;F;No;25;No;Funcionario;<10annos;Bajo;3;1999;Generacion Z;29291;Alicante;2,996;30;1;207;
CLI8308;F;Si;92;No;Servicios;+20annos;Alto;2;1932;Generacion Silenciosa;79145;Ciudad Real;1,541;120;0;283;
CLI8309;M;Si;56;No;Artista;+20annos;Bajo;4;1968;Generacion X;44493;Albacete;1,111;30;1;316;0,5
CLI8310;M;;65;Si;Artista;+20annos;Medio;2;1959;Generacion X;124598;Madrid;1,111;50;0;530;4
CLI8311;F;Si;45;Si;Artista;+20annos;Medio;5;1979;Generacion X;50832;Las Palmas;1,169;30;0;135;
CLI8312;M;Si;56;No;Ejecutivo;+20annos;Alto;2;1968;Generacion X;43353;Palencia;1,346;30;0;268;
CLI8313;F;Si;68;No;Artista;+20annos;Medio;3;1956;Generacion X;115801;Teruel;11,305;30;1;353;0,5
CLI8314;F;Si;68;No;Servicios;+20annos;Alto;4;1956;Generacion X;110508;ilava;1,737;30;1;188;
CLI8315;F;Si;42;Si;Artista;+20annos;Bajo;1;1982;Millennials;96237;La Rioja;1,238;50;1;174;
CLI8316;M;No;20;No;Artista;<10annos;Bajo;4;2004;Generacion Z;17602;LLeida;3,03;30;0;55;
CLI8317;M;No;24;No;Funcionario;<10annos;Bajo;4;2000;Generacion Z;13642;Pontevedra;2,892;30;0;482;3
CLI8318;F;;33;Si;Medico;10-20annos;Bajo;3;1991;Millennials;20408;Melilla;1,33;30;0;456;3
CLI8319;F;Si;68;Si;Otros;+20annos;Bajo;1;1956;Generacion X;59101;Alicante;0,896;50;1;356;0,5
CLI8320;F;No;47;No;Otros;+20annos;Bajo;3;1977;Generacion X;114792;Valladolid;0,935;30;0;157;
CLI8321;F;No;35;Si;Ingeniero;10-20annos;Bajo;1;1989;Millennials;18303;Jaen;0,732;30;1;194;
CLI8322;M;Si;41;Si;Artista;10-20annos;Alto;1;1983;Millennials;51100;Baleares;0,663;50;0;215;
CLI8323;M;No;53;Si;Artista;+20annos;Bajo;1;1971;Generacion X;63420;La Rioja;0,974;50;0;124;
CLI8324;F;No;34;Si;Ingeniero;10-20annos;Bajo;2;1990;Millennials;24237;Albacete;1,836;30;1;357;0,5
CLI8325;M;Si;51;No;Artista;+20annos;Alto;4;1973;Generacion X;64013;La Corui±a;1,756;30;1;342;0,5
CLI8326;F;Si;54;No;Ingeniero;+20annos;Medio;4;1970;Generacion X;78928;Soria;0,7;30;0;506;4
CLI8327;M;Si;47;No;Medico;+20annos;Medio;4;1977;Generacion X;61263;Badajoz;0,974;30;0;564;4
CLI8328;M;No;46;Si;Artista;+20annos;Bajo;1;1978;Generacion X;112301;Huesca;1,072;50;1;274;
CLI8329;M;Si;41;Si;Medico;10-20annos;Bajo;2;1983;Millennials;34712;Orense;2,066;30;1;104;
CLI8330;M;Si;79;Si;Otros;+20annos;Alto;2;1945;Generacion Silenciosa;56382;Valladolid;15,215;50;1;330;0,5
CLI8331;M;;78;No;Ejecutivo;+20annos;Alto;1;1946;Generacion X;120237;LLeida;0,74;120;1;325;0,5
CLI8332;F;No;43;Si;Ingeniero;+20annos;Bajo;1;1981;Millennials;60209;Malaga;1,744;50;0;322;0,5
CLI8333;M;No;22;No;Funcionario;<10annos;Bajo;5;2002;Generacion Z;13893;Huelva;2,823;30;0;390;3
CLI8334;F;No;29;No;Servicios;<10annos;Bajo;1;1995;Millennials;18305;Salamanca;10,635;30;1;382;3
CLI8335;M;Si;79;Si;Ejecutivo;+20annos;Bajo;1;1945;Generacion Silenciosa;83404;Zamora;1,189;50;1;286;
CLI8336;M;Si;77;Si;Funcionario;+20annos;Bajo;1;1947;Generacion X;118209;Jaen;0,661;50;0;512;4
CLI8337;M;No;50;Si;Artista;+20annos;Bajo;1;1974;Generacion X;122451;Madrid;1,639;50;1;272;
CLI8338;M;No;36;No;Ejecutivo;10-20annos;Bajo;5;1988;Millennials;20299;Zamora;1,054;30;0;169;
CLI8339;M;Si;55;No;Otros;+20annos;Medio;3;1969;Generacion X;98199;Ciudad Real;1,639;30;1;153;
CLI8340;M;No;34;Si;Otros;10-20annos;Bajo;1;1990;Millennials;23282;Segovia;1,422;30;0;90;
CLI8341;F;Si;81;No;Servicios;+20annos;Alto;2;1943;Generacion Silenciosa;99584;Pontevedra;1,678;120;0;232;
CLI8342;F;Si;75;No;Artista;+20annos;Alto;2;1949;Generacion X;45778;Salamanca;1,6;30;1;369;3
CLI8343;F;No;54;Si;Artista;+20annos;Bajo;1;1970;Generacion X;95977;Ciudad Real;1,678;50;0;170;
CLI8344;M;Si;54;Si;Negocios/empresa;+20annos;Alto;2;1970;Generacion X;23229;Ceuta;0,857;30;1;322;0,5
CLI8345;F;No;20;No;Funcionario;<10annos;Bajo;3;2004;Generacion Z;19311;Navarra;1,512;30;0;580;4
CLI8346;F;Si;94;No;Otros;+20annos;Medio;2;1930;Generacion Silenciosa;48878;Malaga;0,935;30;1;327;0,5
CLI8347;F;No;42;Si;Otros;+20annos;Bajo;4;1982;Millennials;63664;Sevilla;0,824;30;0;376;3
CLI8348;M;Si;31;No;Artista;<10annos;Bajo;4;1993;Millennials;18279;Navarra;2,066;30;0;209;
CLI8349;M;Si;51;No;Artista;+20annos;Medio;2;1973;Generacion X;40432;ivila;1,385;30;0;86;
CLI8350;M;Si;65;Si;Construccion;+20annos;Medio;3;1959;Generacion X;59046;Segovia;0,661;80;1;250;
CLI8351;F;Si;62;Si;Artista;+20annos;Bajo;2;1962;Generacion X;116572;Cordoba;0,74;50;1;182;
CLI8352;M;Si;76;Si;Artista;+20annos;Bajo;1;1948;Generacion X;22856;Cadiz;1,424;30;0;165;
CLI8353;M;Si;73;Si;Artista;+20annos;Bajo;2;1951;Generacion X;106595;Toledo;1,189;50;1;261;
CLI8354;M;No;20;No;Funcionario;<10annos;Bajo;6;2004;Generacion Z;20540;Cadiz;2,478;30;0;57;
CLI8355;M;No;40;Si;Artista;10-20annos;Bajo;1;1984;Millennials;123971;Navarra;1,054;50;0;454;3
CLI8356;M;No;34;Si;Negocios/empresa;10-20annos;Bajo;2;1990;Millennials;25905;Salamanca;1,905;30;1;137;
CLI8357;M;Si;74;No;Ejecutivo;+20annos;Alto;2;1950;Generacion X;119944;Almeri­a;1,658;120;1;389;3
CLI8358;F;No;43;Si;Artista;+20annos;Bajo;1;1981;Millennials;55806;Malaga;1,606;50;0;158;
CLI8359;M;No;46;Si;Otros;+20annos;Bajo;3;1978;Generacion X;115629;Palencia;1,6;80;0;373;1
CLI8360;M;Si;55;Si;Artista;+20annos;Bajo;2;1969;Generacion X;64800;Guipiºzcoa;0,994;50;0;234;
CLI8361;F;Si;41;Si;Artista;10-20annos;Medio;2;1983;Millennials;84914;Castellon;0,778;50;1;117;
CLI8362;F;No;65;Si;Artista;+20annos;Bajo;1;1959;Generacion X;88510;Palencia;1,561;50;1;147;
CLI8363;M;Si;55;Si;Artista;+20annos;Bajo;2;1969;Generacion X;80777;La Corui±a;15,215;50;1;271;
CLI8364;M;Si;53;Si;Artista;+20annos;Bajo;3;1971;Generacion X;75995;Lugo;1,346;80;0;562;1
CLI8365;M;Si;61;Si;Artista;+20annos;Bajo;1;1963;Generacion X;75598;Granada;1,58;50;0;349;0,5
CLI8366;F;No;36;Si;Medico;10-20annos;Bajo;3;1988;Millennials;21878;Salamanca;1,008;30;0;182;
CLI8367;M;No;42;Si;Artista;+20annos;Bajo;1;1982;Millennials;119677;Ceuta;1,077;50;0;481;3
CLI8368;M;No;47;Si;Artista;+20annos;Bajo;2;1977;Generacion X;47075;Tarragona;0,955;50;0;382;3
CLI8369;F;No;58;Si;Artista;+20annos;Bajo;2;1966;Generacion X;101753;ivila;1,678;50;0;397;1
CLI8370;M;No;41;Si;Otros;10-20annos;Bajo;1;1983;Millennials;61036;Murcia;1,836;50;0;542;1
CLI8371;F;No;40;Si;Artista;10-20annos;Bajo;1;1984;Millennials;88069;Cuenca;1,859;50;1;376;3
CLI8372;M;No;40;Si;Artista;10-20annos;Bajo;1;1984;Millennials;127374;Cordoba;1,353;50;0;580;1
CLI8373;M;Si;68;Si;Artista;+20annos;Bajo;1;1956;Generacion X;99472;Las Palmas;1,619;50;0;210;
CLI8374;F;No;42;No;Artista;+20annos;Bajo;2;1982;Millennials;122300;Granada;0,916;120;0;418;3
CLI8375;M;No;61;Si;Otros;+20annos;Bajo;1;1963;Generacion X;75247;ilava;0,779;50;1;135;
CLI8376;M;Si;66;No;Otros;+20annos;Medio;2;1958;Generacion X;91390;La Rioja;0,857;120;0;382;3
CLI8377;F;Si;40;Si;Otros;10-20annos;Medio;2;1984;Millennials;73986;Navarra;2,066;50;0;503;4
CLI8378;M;No;33;No;Otros;10-20annos;Bajo;9;1991;Millennials;20453;Leon;2,066;30;0;303;0,5
CLI8379;F;No;73;No;Otros;+20annos;Bajo;3;1951;Generacion X;31552;LLeida;0,681;30;1;234;
CLI8380;M;Si;50;Si;Otros;+20annos;Bajo;1;1974;Generacion X;51897;Huesca;0,915;50;0;432;3
CLI8381;F;No;44;Si;Otros;+20annos;Bajo;1;1980;Generacion X;112818;Almeri­a;0,847;50;0;568;4
CLI8382;F;;50;Si;Otros;+20annos;Bajo;3;1974;Generacion X;41424;Guipiºzcoa;11,305;30;1;272;
CLI8383;M;Si;45;Si;Servicios;+20annos;Bajo;1;1979;Generacion X;106990;Burgos;1,284;50;1;284;
CLI8384;F;Si;68;Si;Construccion;+20annos;Bajo;1;1956;Generacion X;24210;Cadiz;0,642;30;0;586;4
CLI8385;M;Si;67;Si;Artista;+20annos;Bajo;2;1957;Generacion X;68965;Madrid;0,759;50;1;131;
CLI8386;F;Si;55;Si;Artista;+20annos;Bajo;2;1969;Generacion X;71808;Huelva;0,583;50;0;600;4
CLI8387;M;Si;58;Si;Otros;+20annos;Bajo;2;1966;Generacion X;94543;Zaragoza;1,463;50;0;64;
CLI8388;M;No;43;Si;Artista;+20annos;Bajo;1;1981;Millennials;70270;Badajoz;1,1;50;0;394;3
CLI8389;F;No;95;Si;Servicios;+20annos;Bajo;1;1929;Generacion Silenciosa;44187;Caceres;1,287;50;0;310;0,5
CLI8390;M;Si;55;Si;Artista;+20annos;Bajo;1;1969;Generacion X;40439;Melilla;1,365;50;1;100;
CLI8391;F;No;51;No;Otros;+20annos;Bajo;1;1973;Generacion X;65289;Santa Cruz de Tenerife;0,642;30;1;133;
CLI8392;M;No;57;Si;Negocios/empresa;+20annos;Bajo;1;1967;Generacion X;39437;Almeri­a;1,248;50;0;370;1
CLI8393;F;No;50;No;Negocios/empresa;+20annos;Bajo;1;1974;Generacion X;68643;Zamora;1,15;30;0;492;3
CLI8394;F;No;41;Si;Artista;10-20annos;Bajo;1;1983;Millennials;100416;Huelva;1,169;50;0;233;
CLI8395;F;Si;40;Si;Ingeniero;10-20annos;Bajo;1;1984;Millennials;107839;Soria;1,905;50;0;104;
CLI8396;F;No;28;Si;Artista;<10annos;Bajo;1;1996;Millennials;21436;Madrid;1,995;30;0;546;4
CLI8397;F;No;44;No;Medico;+20annos;Bajo;1;1980;Generacion X;21178;Tarragona;1,353;30;1;250;
CLI8398;M;Si;45;Si;Artista;+20annos;Alto;2;1979;Generacion X;31796;Caceres;0,985;30;0;449;3
CLI8399;F;Si;28;Si;Construccion;<10annos;Alto;2;1996;Millennials;19539;Soria;2,34;30;0;573;4
CLI8400;M;Si;88;No;Servicios;+20annos;Medio;2;1936;Generacion Silenciosa;79899;Vizcaya;1,091;120;0;202;
CLI8401;F;No;51;Si;Artista;+20annos;Bajo;1;1973;Generacion X;52884;Cuenca;1,463;50;0;516;1
CLI8402;F;Si;89;Si;Servicios;+20annos;Bajo;1;1935;Generacion Silenciosa;34313;Cadiz;1,013;30;0;207;
CLI8403;M;;44;Si;Artista;+20annos;Bajo;2;1980;Generacion X;37393;Barcelona;1,031;50;0;180;
CLI8404;M;No;54;Si;Servicios;+20annos;Bajo;1;1970;Generacion X;63610;Jaen;1,717;50;1;101;
CLI8405;F;No;29;Si;Funcionario;<10annos;Bajo;3;1995;Millennials;26869;Burgos;12,705;30;1;149;
CLI8406;M;No;29;Si;Artista;<10annos;Bajo;1;1995;Millennials;24099;Zaragoza;2,892;30;0;197;
CLI8407;F;No;52;Si;Artista;+20annos;Bajo;1;1972;Generacion X;102345;La Rioja;1,404;50;0;573;1
CLI8408;F;Si;78;Si;Otros;+20annos;Bajo;1;1946;Generacion X;78595;Huelva;1,033;50;1;265;
CLI8409;M;Si;53;Si;Ingeniero;+20annos;Medio;5;1971;Generacion X;25376;Santa Cruz de Tenerife;0,896;30;0;471;3
CLI8410;M;Si;43;Si;Artista;+20annos;Medio;3;1981;Millennials;70056;Zaragoza;0,778;30;0;254;
CLI8411;M;Si;55;Si;Artista;+20annos;Medio;2;1969;Generacion X;61555;Baleares;0,896;50;1;234;
CLI8412;F;No;51;Si;Artista;+20annos;Bajo;2;1973;Generacion X;35750;Guipiºzcoa;0,72;50;0;30;
CLI8413;M;Si;29;Si;Ingeniero;<10annos;Medio;2;1995;Millennials;24300;LLeida;2,685;30;1;234;
CLI8414;F;Si;46;Si;Servicios;+20annos;Bajo;2;1978;Generacion X;57016;Soria;1,541;50;0;362;0,5
CLI8415;F;Si;40;Si;Artista;10-20annos;Bajo;2;1984;Millennials;66046;ilava;1,652;50;1;352;0,5
CLI8416;M;No;32;Si;Funcionario;10-20annos;Bajo;4;1992;Millennials;23887;Huesca;1,813;30;0;532;4
CLI8417;F;No;43;No;Artista;+20annos;Bajo;1;1981;Millennials;126039;Zamora;1,882;120;0;185;
CLI8418;F;No;45;Si;Artista;+20annos;Bajo;3;1979;Generacion X;97334;Sevilla;1,951;30;0;311;0,5
CLI8419;F;Si;53;Si;Negocios/empresa;+20annos;Bajo;1;1971;Generacion X;63392;Castellon;1,717;50;1;321;0,5
CLI8420;M;Si;44;Si;Otros;+20annos;Alto;3;1980;Generacion X;83351;Valencia;0,755;30;0;480;3
CLI8421;F;No;28;Si;Funcionario;<10annos;Bajo;3;1996;Millennials;23680;Huesca;14,085;30;0;477;3
CLI8422;F;Si;45;Si;Artista;+20annos;Bajo;2;1979;Generacion X;92740;Melilla;1,951;50;0;502;1
CLI8423;M;No;41;Si;Artista;10-20annos;Bajo;1;1983;Millennials;22967;Murcia;1,905;30;0;465;1
CLI8424;F;No;58;Si;Medico;+20annos;Bajo;1;1966;Generacion X;105034;Huelva;0,622;50;0;594;4
CLI8425;F;Si;56;Si;Ingeniero;+20annos;Medio;3;1968;Generacion X;103093;Zaragoza;0,994;80;1;300;
CLI8426;M;Si;80;Si;Otros;+20annos;Medio;3;1944;Generacion Silenciosa;129452;Guadalajara;1,58;80;1;265;
CLI8427;M;Si;67;No;Servicios;+20annos;Bajo;5;1957;Generacion X;40282;Huesca;0,7;30;1;233;
CLI8428;M;No;43;Si;Otros;+20annos;Bajo;1;1981;Millennials;32524;Cuenca;1,031;30;1;305;0,5
CLI8429;F;No;21;No;Funcionario;<10annos;Bajo;4;2003;Generacion Z;17395;Baleares;1,926;30;1;102;
CLI8430;F;No;21;No;Funcionario;<10annos;Bajo;7;2003;Generacion Z;19275;Santa Cruz de Tenerife;3,03;30;0;351;0,5
CLI8431;F;No;25;No;Otros;<10annos;Bajo;5;1999;Generacion Z;27131;LLeida;2,064;30;0;457;3
CLI8432;M;Si;91;Si;Ejecutivo;+20annos;Alto;2;1933;Generacion Silenciosa;75042;Castellon;11,305;50;0;351;0,5
CLI8433;F;Si;68;Si;Artista;+20annos;Alto;2;1956;Generacion X;129741;Cordoba;1,326;50;0;144;
CLI8434;F;No;47;Si;Artista;+20annos;Bajo;4;1977;Generacion X;27832;Toledo;1,385;30;0;308;0,5
CLI8435;F;No;30;No;Artista;<10annos;Bajo;5;1994;Millennials;24274;Castellon;0,824;30;0;556;4
CLI8436;M;No;55;Si;Artista;+20annos;Bajo;1;1969;Generacion X;78948;Madrid;0,622;50;0;541;4
CLI8437;F;No;25;No;Otros;<10annos;Bajo;6;1999;Generacion Z;24132;ivila;2,754;30;1;266;
CLI8438;M;No;39;No;Otros;10-20annos;Bajo;2;1985;Millennials;22155;ivila;1,744;30;0;41;
CLI8439;M;No;35;No;Funcionario;10-20annos;Bajo;3;1989;Millennials;28136;Melilla;0,985;30;0;339;0,5
CLI8440;F;No;46;Si;Medico;+20annos;Bajo;3;1978;Generacion X;81454;Baleares;0,622;80;1;400;3
CLI8441;M;No;36;No;Otros;10-20annos;Bajo;1;1988;Millennials;21686;Tarragona;2,066;30;1;115;
CLI8442;F;No;31;Si;Otros;<10annos;Bajo;3;1993;Millennials;30859;Leon;2,043;30;0;49;
CLI8443;M;Si;39;Si;Servicios;10-20annos;Bajo;2;1985;Millennials;24106;Huelva;2,066;30;0;306;0,5
CLI8444;F;No;39;Si;Funcionario;10-20annos;Bajo;2;1985;Millennials;26175;Badajoz;1,859;30;0;527;1
CLI8445;F;Si;43;Si;Otros;+20annos;Bajo;2;1981;Millennials;104781;Gerona;0,847;50;1;379;3
CLI8446;M;Si;31;;Artista;<10annos;Bajo;1;1993;Millennials;30096;Granada;1,56;30;0;363;0,5
CLI8447;M;Si;39;Si;Otros;10-20annos;Bajo;6;1985;Millennials;19649;Caceres;1,537;30;1;278;
CLI8448;F;Si;50;Si;Ingeniero;+20annos;Medio;2;1974;Generacion X;51705;Leon;1,502;50;0;336;0,5
CLI8449;F;;80;Si;Servicios;+20annos;Alto;1;1944;Generacion Silenciosa;99050;ilava;15,215;50;0;351;0,5
CLI8450;M;No;57;No;Otros;+20annos;Bajo;1;1967;Generacion X;120425;Segovia;0,876;120;0;312;0,5
CLI8451;M;No;31;No;Funcionario;<10annos;Bajo;3;1993;Millennials;18516;Cordoba;1,445;30;0;94;
CLI8452;M;Si;42;Si;Funcionario;+20annos;Bajo;3;1982;Millennials;47745;Burgos;1,859;30;0;304;0,5
CLI8453;F;No;46;Si;Otros;+20annos;Bajo;1;1978;Generacion X;54361;Badajoz;0,915;50;0;53;
CLI8454;F;No;29;No;Medico;<10annos;Bajo;1;1995;Millennials;31927;Zamora;2,616;30;1;306;0,5
CLI8455;F;No;30;Si;Funcionario;<10annos;Bajo;2;1994;Millennials;19532;Tarragona;1,951;30;0;436;3
CLI8456;M;Si;45;Si;Artista;+20annos;Bajo;2;1979;Generacion X;83288;Toledo;0,962;50;0;360;0,5
CLI8457;M;Si;45;Si;Artista;+20annos;Bajo;2;1979;Generacion X;126199;Huesca;1,353;50;1;334;0,5
CLI8458;M;Si;52;Si;Ejecutivo;+20annos;Alto;4;1972;Generacion X;84469;Granada;0,798;80;1;357;0,5
CLI8459;M;No;39;Si;Medico;10-20annos;Bajo;1;1985;Millennials;23618;Zamora;1,721;30;1;132;
CLI8460;F;No;97;Si;Servicios;+20annos;Bajo;1;1927;Generacion Silenciosa;30644;Granada;1,033;30;0;212;
CLI8461;F;No;51;Si;Artista;+20annos;Bajo;1;1973;Generacion X;33112;Ceuta;0,798;30;0;173;
CLI8462;F;Si;45;Si;Artista;+20annos;Bajo;2;1979;Generacion X;114847;Pontevedra;1,928;50;0;591;1
CLI8463;F;No;33;Si;Medico;10-20annos;Bajo;5;1991;Millennials;24321;Barcelona;1,146;30;0;55;
CLI8464;M;Si;47;Si;Medico;+20annos;Bajo;2;1977;Generacion X;111482;La Corui±a;1,209;50;0;97;
CLI8465;F;No;32;Si;Otros;10-20annos;Bajo;2;1992;Millennials;23100;Leon;1,054;30;1;331;0,5
CLI8466;M;Si;53;Si;Artista;+20annos;Bajo;1;1971;Generacion X;48893;Guadalajara;0,583;50;1;157;
CLI8467;F;Si;67;Si;Artista;+20annos;Medio;6;1957;Generacion X;51032;Zaragoza;1,58;30;0;251;
CLI8468;F;No;56;Si;Servicios;+20annos;Bajo;1;1968;Generacion X;66038;Madrid;1,697;50;1;162;
CLI8469;F;No;42;Si;Artista;+20annos;Bajo;1;1982;Millennials;89733;Ceuta;1,652;50;0;441;1
CLI8470;F;;54;Si;Otros;+20annos;Alto;1;1970;Generacion X;54368;Cuenca;1,6;50;0;518;1
CLI8471;F;No;47;Si;Funcionario;+20annos;Bajo;1;1977;Generacion X;100625;Huelva;1,697;50;0;586;1
CLI8472;M;No;30;No;Funcionario;<10annos;Bajo;4;1994;Millennials;25758;Guadalajara;1,629;30;0;372;3
CLI8473;F;No;39;No;Medico;10-20annos;Bajo;6;1985;Millennials;30976;Vizcaya;1,1;30;1;170;
CLI8474;F;Si;43;No;Medico;+20annos;Medio;2;1981;Millennials;80559;Pontevedra;1,146;120;0;488;3
CLI8475;F;Si;57;No;Ingeniero;+20annos;Bajo;1;1967;Generacion X;72704;Huesca;1,189;30;1;258;
CLI8476;F;No;42;Si;Ingeniero;+20annos;Bajo;1;1982;Millennials;54355;Albacete;0,962;50;1;210;
CLI8477;F;No;33;Si;Otros;10-20annos;Bajo;2;1991;Millennials;24731;ilava;2,02;30;1;348;0,5
CLI8478;F;No;47;Si;Artista;+20annos;Bajo;1;1977;Generacion X;55383;Jaen;1,658;50;1;256;
CLI8479;F;No;46;No;Otros;+20annos;Bajo;4;1978;Generacion X;40571;Guadalajara;1,346;30;0;532;4
CLI8480;F;No;51;Si;Artista;+20annos;Bajo;1;1973;Generacion X;114691;La Corui±a;0,857;50;0;247;
CLI8481;F;No;52;Si;Artista;+20annos;Bajo;2;1972;Generacion X;110046;Barcelona;0,661;50;0;451;3
CLI8482;F;No;35;No;Otros;10-20annos;Bajo;5;1989;Millennials;18357;Malaga;1,192;30;0;514;4
CLI8483;F;Si;58;Si;Artista;+20annos;Medio;2;1966;Generacion X;72433;Cadiz;0,837;50;0;451;3
CLI8484;F;Si;47;Si;Artista;+20annos;Medio;1;1977;Generacion X;73136;Ceuta;1,189;50;1;142;
CLI8485;F;No;43;Si;Artista;+20annos;Bajo;2;1981;Millennials;53137;Pontevedra;1,744;50;1;192;
CLI8486;M;;46;Si;Artista;+20annos;Medio;2;1978;Generacion X;82057;Cordoba;1,639;50;1;141;
CLI8487;F;No;41;Si;Artista;10-20annos;Bajo;1;1983;Millennials;80765;Ceuta;1,836;50;0;449;1
CLI8488;M;No;21;No;Funcionario;<10annos;Bajo;4;2003;Generacion Z;17280;Cordoba;2,271;30;0;453;3
CLI8489;M;No;33;No;Negocios/empresa;10-20annos;Bajo;1;1991;Millennials;29900;Burgos;0,686;30;0;209;
CLI8490;F;Si;54;Si;Artista;+20annos;Bajo;1;1970;Generacion X;89435;Albacete;1,697;50;0;157;
CLI8491;M;Si;61;Si;Funcionario;+20annos;Bajo;3;1963;Generacion X;74262;Almeri­a;1,248;80;0;465;1
CLI8492;F;Si;65;Si;Medico;+20annos;Bajo;2;1959;Generacion X;84180;Palencia;0,642;50;0;401;3
CLI8493;F;Si;51;Si;Artista;+20annos;Bajo;2;1973;Generacion X;76386;Murcia;1,561;50;0;594;1
CLI8494;F;Si;30;Si;Ejecutivo;<10annos;Alto;2;1994;Millennials;29256;Toledo;1,882;30;0;555;4
CLI8495;F;No;28;Si;Artista;<10annos;Bajo;2;1996;Millennials;25423;Badajoz;1,305;30;0;249;
CLI8496;F;No;41;Si;Medico;10-20annos;Bajo;1;1983;Millennials;41923;Burgos;2,02;50;0;365;
CLI8497;M;No;42;Si;Artista;+20annos;Bajo;3;1982;Millennials;121437;Castellon;1,215;200;0;450;3
CLI8498;M;No;32;Si;Otros;10-20annos;Bajo;3;1992;Millennials;29260;Almeri­a;0,663;30;1;182;
CLI8499;M;No;31;Si;Artista;<10annos;Bajo;2;1993;Millennials;24344;Zamora;1,123;30;1;288;
CLI8500;F;Si;30;Si;Negocios/empresa;<10annos;Bajo;2;1994;Millennials;25190;Alicante;1,008;30;0;483;3
CLI8501;F;No;46;No;Otros;+20annos;Bajo;2;1978;Generacion X;83860;Huesca;0,837;120;0;99;
CLI8502;F;No;47;Si;Artista;+20annos;Bajo;2;1977;Generacion X;77221;ilava;0,72;50;0;546;4
CLI8503;F;Si;44;Si;Funcionario;+20annos;Medio;2;1980;Generacion X;71556;Salamanca;1,238;50;0;371;3
CLI8504;M;No;45;Si;Artista;+20annos;Bajo;3;1979;Generacion X;45095;Vizcaya;0,732;30;0;77;
CLI8505;M;Si;51;No;Otros;+20annos;Bajo;1;1973;Generacion X;83213;ivila;0,857;120;0;176;
CLI8506;F;No;35;Si;Funcionario;10-20annos;Bajo;3;1989;Millennials;23809;Badajoz;0,847;30;0;300;
CLI8507;F;No;62;Si;Otros;+20annos;Bajo;1;1962;Generacion X;78399;Albacete;1,287;50;0;473;1
CLI8508;M;No;31;Si;Negocios/empresa;<10annos;Bajo;1;1993;Millennials;22309;Vizcaya;2,043;30;0;594;4
CLI8509;F;No;28;Si;Artista;<10annos;Bajo;3;1996;Millennials;30067;Vizcaya;1,685;30;0;387;3
CLI8510;M;Si;46;Si;Artista;+20annos;Bajo;7;1978;Generacion X;113605;Baleares;0,661;30;0;382;3
CLI8511;F;No;45;Si;Otros;+20annos;Bajo;2;1979;Generacion X;67494;Pontevedra;1,859;50;1;393;3
CLI8512;M;Si;40;Si;Funcionario;10-20annos;Bajo;2;1984;Millennials;50077;Palencia;1,698;50;1;159;
CLI8513;F;No;46;Si;Artista;+20annos;Bajo;1;1978;Generacion X;53526;Las Palmas;1,424;50;1;225;
CLI8514;F;No;46;Si;Artista;+20annos;Bajo;4;1978;Generacion X;84218;Valencia;1,326;80;1;166;
CLI8515;F;No;61;Si;Otros;+20annos;Bajo;2;1963;Generacion X;24244;Murcia;1,189;30;1;226;
CLI8516;M;Si;57;Si;Otros;+20annos;Alto;1;1967;Generacion X;89235;Alicante;0,72;50;1;314;0,5
CLI8517;F;No;52;Si;Ingeniero;+20annos;Bajo;1;1972;Generacion X;55801;La Corui±a;0,72;50;0;210;
CLI8518;M;;63;Si;Artista;+20annos;Alto;3;1961;Generacion X;112711;Caceres;0,759;80;0;570;4
CLI8519;F;No;29;Si;Artista;<10annos;Bajo;1;1995;Millennials;31427;Valladolid;2,444;30;0;70;
CLI8520;F;No;31;No;Artista;<10annos;Bajo;2;1993;Millennials;27718;Las Palmas;0,801;30;0;443;3
CLI8521;F;No;41;Si;Medico;10-20annos;Bajo;1;1983;Millennials;102309;Tarragona;1,215;50;0;140;
CLI8522;M;;98;No;Servicios;+20annos;Bajo;1;1926;Generacion Silenciosa;121944;Navarra;1,404;120;1;348;0,5
CLI8523;M;No;28;No;Negocios/empresa;<10annos;Bajo;1;1996;Millennials;31210;ivila;14,775;30;0;443;3
CLI8524;M;Si;55;Si;Ejecutivo;+20annos;Alto;4;1969;Generacion X;100996;ivila;1,756;80;0;317;0,5
CLI8525;F;No;46;Si;Medico;+20annos;Bajo;1;1978;Generacion X;43057;Huesca;0,661;50;0;135;
CLI8526;M;No;53;Si;Artista;+20annos;Bajo;1;1971;Generacion X;65538;Madrid;1,052;50;0;453;3
CLI8527;F;No;41;Si;Otros;10-20annos;Bajo;1;1983;Millennials;115741;Huesca;1,468;50;0;484;1
CLI8528;F;No;33;No;Ingeniero;10-20annos;Bajo;5;1991;Millennials;22463;Madrid;0,778;30;1;224;
CLI8529;M;Si;29;No;Otros;<10annos;Bajo;4;1995;Millennials;24943;Albacete;2,409;30;0;433;3
CLI8530;F;Si;52;Si;Artista;+20annos;Medio;2;1972;Generacion X;31020;Castellon;0,837;30;0;521;4
CLI8531;M;No;40;No;Funcionario;10-20annos;Bajo;4;1984;Millennials;66865;Zaragoza;1,376;30;1;369;3
CLI8532;M;Si;58;No;Medico;+20annos;Medio;4;1966;Generacion X;44473;Alicante;0,818;30;1;186;
CLI8533;M;No;33;No;Otros;10-20annos;Bajo;6;1991;Millennials;25170;Zamora;0,732;30;1;210;
CLI8534;F;No;22;No;Funcionario;<10annos;Bajo;7;2002;Generacion Z;20530;Malaga;2,927;30;0;552;4
CLI8535;F;No;21;No;Negocios/empresa;<10annos;Bajo;5;2003;Generacion Z;20637;Salamanca;1,995;30;0;450;3
CLI8536;M;No;21;No;Funcionario;<10annos;Bajo;6;2003;Generacion Z;13503;Zaragoza;10,635;30;0;175;
CLI8537;F;No;41;No;Negocios/empresa;10-20annos;Bajo;1;1983;Millennials;50811;Cordoba;1,123;30;1;134;
CLI8538;M;No;22;No;Funcionario;<10annos;Bajo;6;2002;Generacion Z;15292;Palencia;2,444;30;0;203;
CLI8539;M;;43;No;Ejecutivo;+20annos;Medio;3;1981;Millennials;33305;Vizcaya;1,951;30;0;391;3
CLI8540;F;No;29;Si;Ingeniero;<10annos;Bajo;3;1995;Millennials;29159;Almeri­a;1,029;30;0;95;
CLI8541;M;No;34;No;Medico;10-20annos;Bajo;4;1990;Millennials;22903;Huelva;1,491;30;1;309;0,5
CLI8542;M;Si;34;Si;Funcionario;10-20annos;Alto;3;1990;Millennials;31323;Cuenca;1,376;30;1;106;
CLI8543;F;Si;45;Si;Ingeniero;+20annos;Medio;3;1979;Generacion X;76829;Huelva;1,054;30;1;348;0,5
CLI8544;F;Si;35;No;Construccion;10-20annos;Medio;2;1989;Millennials;29246;Leon;1,698;30;0;391;3
CLI8545;F;Si;46;Si;Construccion;+20annos;Medio;3;1978;Generacion X;95310;Almeri­a;1,346;80;0;375;3
CLI8546;F;Si;98;No;Servicios;+20annos;Bajo;1;1926;Generacion Silenciosa;51888;Burgos;0,974;30;0;143;
CLI8547;M;Si;86;No;Servicios;+20annos;Alto;3;1938;Generacion Silenciosa;120638;La Corui±a;1,013;200;0;487;3
CLI8548;F;Si;72;Si;Servicios;+20annos;Bajo;2;1952;Generacion X;52013;ilava;0,759;50;0;199;
CLI8549;F;Si;53;Si;Construccion;+20annos;Medio;1;1971;Generacion X;91549;Tarragona;1,326;50;0;324;0,5
CLI8550;M;No;40;Si;Artista;10-20annos;Bajo;2;1984;Millennials;122693;Cadiz;1,445;50;0;448;1
CLI8551;F;Si;61;Si;Artista;+20annos;Medio;4;1963;Generacion X;74680;Madrid;0,818;80;0;462;3
CLI8552;M;Si;57;Si;Ingeniero;+20annos;Medio;2;1967;Generacion X;39561;Teruel;0,583;50;0;529;4
CLI8553;M;Si;57;Si;Construccion;+20annos;Medio;3;1967;Generacion X;41174;Palencia;0,915;30;1;248;
CLI8554;F;Si;45;Si;Servicios;+20annos;Bajo;1;1979;Generacion X;104064;Huelva;1,077;50;1;224;
CLI8555;F;Si;40;Si;Ingeniero;10-20annos;Bajo;1;1984;Millennials;72645;Palencia;1,606;50;0;437;1
CLI8556;F;No;41;No;Ingeniero;10-20annos;Bajo;1;1983;Millennials;76347;Salamanca;1,905;120;1;376;3
CLI8557;F;No;44;No;Funcionario;+20annos;Bajo;2;1980;Generacion X;63526;Barcelona;2,066;30;0;504;4
CLI8558;M;Si;42;Si;Construccion;+20annos;Medio;2;1982;Millennials;23595;Zamora;1,951;30;0;502;4
CLI8559;M;No;28;No;Medico;<10annos;Bajo;3;1996;Millennials;28352;Pontevedra;2,754;30;1;202;
CLI8560;F;No;36;Si;Ingeniero;10-20annos;Bajo;4;1988;Millennials;18496;La Corui±a;0,893;30;0;447;3
CLI8561;M;No;29;Si;Artista;<10annos;Bajo;1;1995;Millennials;20650;Caceres;2,168;30;0;195;
CLI8562;F;No;31;No;Otros;<10annos;Bajo;1;1993;Millennials;20551;Toledo;0,916;30;1;260;
CLI8563;M;No;20;No;Negocios/empresa;<10annos;Bajo;6;2004;Generacion Z;19309;Palencia;3,065;30;1;235;
CLI8564;M;No;57;No;Otros;+20annos;Bajo;3;1967;Generacion X;87650;Almeri­a;0,876;30;0;525;4
CLI8565;M;No;29;Si;Funcionario;<10annos;Bajo;2;1995;Millennials;20528;Toledo;1,547;30;0;294;
CLI8566;M;No;20;No;Funcionario;<10annos;Bajo;4;2004;Generacion Z;18851;Navarra;13,395;30;1;283;
CLI8567;F;No;22;No;Negocios/empresa;<10annos;Bajo;2;2002;Generacion Z;23991;Leon;3,03;30;0;316;0,5
CLI8568;F;Si;40;Si;Medico;10-20annos;Medio;3;1984;Millennials;129432;Ceuta;1,031;200;0;153;
CLI8569;M;Si;30;Si;Medico;<10annos;Medio;2;1994;Millennials;31725;Caceres;1,951;30;1;201;
CLI8570;M;No;23;No;Funcionario;<10annos;Bajo;5;2001;Generacion Z;16459;Zamora;2,513;30;0;446;3
CLI8571;M;No;30;Si;Otros;<10annos;Bajo;4;1994;Millennials;21088;Ceuta;1,537;30;0;469;3
CLI8572;F;No;31;Si;Funcionario;<10annos;Bajo;1;1993;Millennials;30923;Palencia;1,56;30;0;584;4
CLI8573;M;Si;69;Si;Servicios;+20annos;Bajo;4;1955;Generacion X;86587;Palencia;1,17;80;0;522;4
CLI8574;M;No;53;Si;Otros;+20annos;Bajo;1;1971;Generacion X;90785;Huelva;1,033;50;1;383;3
CLI8575;M;Si;88;Si;Servicios;+20annos;Bajo;2;1936;Generacion Silenciosa;45728;Zamora;0,876;50;0;385;3
CLI8576;F;Si;78;Si;Servicios;+20annos;Alto;3;1946;Generacion X;79390;Cuenca;1,111;80;1;254;
CLI8577;M;Si;52;No;Medico;+20annos;Alto;4;1972;Generacion X;88262;Caceres;1,17;30;0;461;3
CLI8578;F;No;24;No;Servicios;<10annos;Bajo;4;2000;Generacion Z;16328;Tarragona;12,015;30;0;453;3
CLI8579;M;Si;39;Si;Servicios;10-20annos;Alto;2;1985;Millennials;23415;Las Palmas;1,905;30;1;337;0,5
CLI8580;F;No;44;No;Otros;+20annos;Bajo;6;1980;Generacion X;114416;Salamanca;1,215;30;0;121;
CLI8581;F;No;20;No;Funcionario;<10annos;Bajo;1;2004;Generacion Z;17637;Guadalajara;1,788;30;0;205;
CLI8582;F;No;29;Si;Artista;<10annos;Bajo;4;1995;Millennials;28088;Murcia;2,34;30;0;175;
CLI8583;F;Si;80;Si;Servicios;+20annos;Bajo;5;1944;Generacion Silenciosa;55613;Segovia;0,72;30;1;345;0,5
CLI8584;M;Si;95;;Servicios;+20annos;Bajo;1;1929;Generacion Silenciosa;126780;Almeri­a;0,915;120;0;201;
CLI8585;F;No;41;No;Medico;10-20annos;Bajo;2;1983;Millennials;63989;Baleares;0,824;30;0;570;4
CLI8586;M;Si;65;Si;Otros;+20annos;Bajo;1;1959;Generacion X;52968;Madrid;0,72;50;0;297;
CLI8587;F;No;31;No;Construccion;<10annos;Bajo;1;1993;Millennials;23002;Granada;1,261;30;0;184;
CLI8588;F;Si;32;Si;Artista;10-20annos;Bajo;3;1992;Millennials;27098;La Rioja;1,56;30;1;315;0,5
CLI8589;F;Si;41;Si;Negocios/empresa;10-20annos;Medio;3;1983;Millennials;40226;Huelva;0,801;30;0;382;3
CLI8590;F;Si;51;Si;Negocios/empresa;+20annos;Medio;3;1973;Generacion X;62435;Albacete;0,583;80;0;51;
CLI8591;M;No;43;;Otros;+20annos;Bajo;1;1981;Millennials;51814;Lugo;0,847;30;0;150;
CLI8592;F;No;36;No;Construccion;10-20annos;Bajo;1;1988;Millennials;24750;Segovia;1,008;30;0;514;4
CLI8593;F;No;35;Si;Medico;10-20annos;Bajo;2;1989;Millennials;22152;Caceres;1,882;30;1;252;
CLI8594;F;No;35;No;Medico;10-20annos;Bajo;2;1989;Millennials;25752;Baleares;1,583;30;1;214;
CLI8595;F;;28;No;Construccion;<10annos;Bajo;1;1996;Millennials;23616;ilava;14,085;30;1;359;0,5
CLI8596;F;Si;53;Si;Construccion;+20annos;Medio;2;1971;Generacion X;73775;Cordoba;1,385;50;1;202;
CLI8597;F;No;30;No;Construccion;<10annos;Bajo;1;1994;Millennials;24470;Tarragona;1,33;30;0;140;
CLI8598;F;No;54;Si;Artista;+20annos;Bajo;1;1970;Generacion X;75053;ilava;1,209;50;0;116;
CLI8599;F;Si;36;Si;Ingeniero;10-20annos;Medio;5;1988;Millennials;21809;Castellon;1,606;30;0;431;3
CLI8600;F;No;36;No;Ingeniero;10-20annos;Bajo;6;1988;Millennials;31861;Segovia;2,02;30;0;195;
CLI8601;M;Si;43;Si;Artista;+20annos;Bajo;3;1981;Millennials;26562;Santa Cruz de Tenerife;1,008;30;0;293;
CLI8602;M;Si;55;Si;Otros;+20annos;Medio;4;1969;Generacion X;90699;Soria;1,541;80;0;100;
CLI8603;F;Si;92;Si;Servicios;+20annos;Bajo;1;1932;Generacion Silenciosa;94112;Salamanca;1,287;50;0;238;
CLI8604;F;Si;51;Si;Artista;+20annos;Medio;2;1973;Generacion X;64167;Guadalajara;1,463;50;0;566;4
CLI8605;M;Si;34;No;Otros;10-20annos;Medio;3;1990;Millennials;29981;Pontevedra;1,353;30;0;253;
CLI8606;M;Si;63;Si;Artista;+20annos;Medio;2;1961;Generacion X;38395;Albacete;1,013;50;0;461;3
CLI8607;M;Si;80;No;Ejecutivo;+20annos;Alto;4;1944;Generacion Silenciosa;121046;Madrid;1,639;200;0;475;3
CLI8608;M;Si;40;Si;Otros;10-20annos;Bajo;4;1984;Millennials;119449;Albacete;1,33;30;0;584;1
CLI8609;M;No;58;Si;Negocios/empresa;+20annos;Bajo;4;1966;Generacion X;102656;Valladolid;1,111;80;0;284;
CLI8610;M;Si;45;Si;Otros;+20annos;Medio;1;1979;Generacion X;96128;Huelva;0,709;50;0;137;
CLI8611;F;No;58;No;Ingeniero;+20annos;Bajo;1;1966;Generacion X;52019;La Corui±a;1,737;30;1;213;
CLI8612;M;Si;39;Si;Artista;10-20annos;Medio;3;1985;Millennials;19361;Ciudad Real;1,698;30;0;417;3
CLI8613;M;Si;68;Si;Artista;+20annos;Medio;3;1956;Generacion X;60230;Zaragoza;1,404;80;0;575;4
CLI8614;M;No;25;No;Negocios/empresa;<10annos;Bajo;3;1999;Generacion Z;23844;Guipiºzcoa;12,705;30;1;283;
CLI8615;M;No;56;Si;Artista;+20annos;Bajo;2;1968;Generacion X;88435;Huesca;1,404;50;1;384;3
CLI8616;F;Si;91;No;Servicios;+20annos;Alto;2;1933;Generacion Silenciosa;104049;Alicante;1,091;120;0;114;
CLI8617;F;No;29;Si;Funcionario;<10annos;Bajo;2;1995;Millennials;25183;Segovia;2,409;30;0;77;
CLI8618;M;Si;95;Si;Servicios;+20annos;Bajo;1;1929;Generacion Silenciosa;25744;Huesca;1,287;30;0;89;
CLI8619;M;No;29;Si;Funcionario;<10annos;Bajo;4;1995;Millennials;29838;Leon;2,651;30;0;415;3
CLI8620;M;Si;46;Si;Ejecutivo;+20annos;Bajo;3;1978;Generacion X;90024;Murcia;1,209;80;0;535;4
CLI8621;F;Si;45;Si;Construccion;+20annos;Bajo;1;1979;Generacion X;67872;Zamora;0,778;50;0;300;
CLI8622;M;Si;74;No;Servicios;+20annos;Bajo;3;1950;Generacion X;122740;Lugo;1,58;200;1;265;
CLI8623;M;Si;75;Si;Servicios;+20annos;Alto;2;1949;Generacion X;41285;Melilla;0,896;50;0;43;
CLI8624;F;Si;50;No;Ingeniero;+20annos;Alto;2;1974;Generacion X;75726;Huelva;1,424;120;0;254;
CLI8625;F;Si;95;No;Servicios;+20annos;Alto;2;1929;Generacion Silenciosa;57850;Castellon;1,228;30;1;380;3
CLI8626;M;Si;68;Si;Artista;+20annos;Alto;2;1956;Generacion X;60896;ivila;0,818;50;0;269;
CLI8627;M;Si;46;Si;Artista;+20annos;Bajo;2;1978;Generacion X;122428;Sevilla;0,661;50;0;382;3
CLI8628;M;No;29;Si;Medico;<10annos;Bajo;3;1995;Millennials;19686;Valencia;2,34;30;0;483;3
CLI8629;M;No;53;No;Otros;+20annos;Bajo;1;1971;Generacion X;92063;Guadalajara;0,661;120;1;217;
CLI8630;M;Si;44;No;Otros;+20annos;Medio;5;1980;Generacion X;116357;Jaen;0,801;30;0;179;
CLI8631;M;No;22;No;Funcionario;<10annos;Bajo;4;2002;Generacion Z;23673;Leon;1,961;30;0;231;
CLI8632;F;No;28;Si;Artista;<10annos;Bajo;1;1996;Millennials;26840;Alicante;2,34;30;0;192;
CLI8633;M;No;41;Si;Artista;10-20annos;Bajo;1;1983;Millennials;101981;Baleares;1,583;50;1;245;
CLI8634;M;Si;85;Si;Servicios;+20annos;Bajo;1;1939;Generacion Silenciosa;118103;ivila;0,622;50;1;151;
CLI8635;M;Si;55;Si;Funcionario;+20annos;Bajo;2;1969;Generacion X;82483;Cordoba;0,955;50;0;254;
CLI8636;F;No;24;No;Negocios/empresa;<10annos;Bajo;4;2000;Generacion Z;18203;Orense;1,685;30;0;433;3
CLI8637;M;No;29;Si;Artista;<10annos;Bajo;3;1995;Millennials;31822;Cuenca;14,085;30;0;543;4
CLI8638;M;Si;78;No;Medico;+20annos;Medio;3;1946;Generacion X;63548;Huesca;0,661;30;0;138;
CLI8639;M;Si;55;Si;Artista;+20annos;Bajo;2;1969;Generacion X;35580;LLeida;0,779;50;0;474;3
CLI8640;M;No;32;No;Otros;10-20annos;Bajo;1;1992;Millennials;23983;Salamanca;1,284;30;0;547;4
CLI8641;M;Si;56;Si;Otros;+20annos;Bajo;4;1968;Generacion X;47331;Almeri­a;1,267;30;1;316;0,5
CLI8642;M;Si;57;Si;Artista;+20annos;Medio;4;1967;Generacion X;108113;Las Palmas;0,915;80;0;123;
CLI8643;M;No;22;No;Funcionario;<10annos;Bajo;3;2002;Generacion Z;19411;Cordoba;3,099;30;0;226;
CLI8644;M;No;29;Si;Medico;<10annos;Bajo;9;1995;Millennials;26131;Huesca;2,03;30;0;88;
CLI8645;M;No;41;Si;Funcionario;10-20annos;Bajo;1;1983;Millennials;48167;Salamanca;2,066;50;0;517;1
CLI8646;F;No;36;Si;Funcionario;10-20annos;Bajo;1;1988;Millennials;29553;Huesca;1,261;30;1;116;
CLI8647;F;Si;43;Si;Artista;+20annos;Bajo;2;1981;Millennials;86181;Palencia;1,721;50;0;209;
CLI8648;F;Si;58;No;Artista;+20annos;Medio;5;1966;Generacion X;51597;Segovia;1,463;30;0;521;4
CLI8649;M;Si;54;No;Otros;+20annos;Medio;4;1970;Generacion X;122783;Zamora;0,798;200;0;66;
CLI8650;M;No;23;No;Funcionario;<10annos;Bajo;2;2001;Generacion Z;16125;Gerona;2,271;30;0;99;
CLI8651;M;Si;43;No;Construccion;+20annos;Bajo;1;1981;Millennials;111570;Caceres;0,686;120;1;279;
CLI8652;F;Si;42;No;Artista;+20annos;Medio;4;1982;Millennials;68875;Las Palmas;1,859;30;1;247;
CLI8653;M;No;24;No;Funcionario;<10annos;Bajo;4;2000;Generacion Z;22927;Las Palmas;2,789;30;1;196;
CLI8654;M;Si;57;No;Artista;+20annos;Medio;4;1967;Generacion X;30126;Castellon;1,033;30;0;331;0,5
CLI8655;M;No;44;Si;Otros;+20annos;Bajo;3;1980;Generacion X;118646;Almeri­a;1,652;30;0;63;
CLI8656;M;No;22;No;Medico;<10annos;Bajo;3;2002;Generacion Z;18017;Guipiºzcoa;2,306;30;0;377;3
CLI8657;M;No;45;Si;Ejecutivo;+20annos;Bajo;3;1979;Generacion X;30385;Badajoz;1,79;30;0;418;1
CLI8658;M;No;33;Si;Artista;10-20annos;Bajo;1;1991;Millennials;18914;Ciudad Real;2,043;30;0;314;0,5
CLI8659;F;Si;98;Si;Servicios;+20annos;Alto;3;1926;Generacion Silenciosa;86922;Segovia;0,798;80;0;368;3
CLI8660;M;Si;91;No;Servicios;+20annos;Alto;3;1933;Generacion Silenciosa;129593;Salamanca;15,215;200;0;165;
CLI8661;M;Si;58;Si;Artista;+20annos;Medio;3;1966;Generacion X;36756;Murcia;0,564;30;0;323;0,5
CLI8662;M;No;34;No;Medico;10-20annos;Bajo;5;1990;Millennials;29397;ilava;1,928;30;1;232;
CLI8663;M;Si;53;Si;Artista;+20annos;Medio;4;1971;Generacion X;110427;Ceuta;1,072;80;1;397;3
CLI8664;F;No;32;No;Medico;10-20annos;Bajo;2;1992;Millennials;18612;Cuenca;1,054;30;0;253;
CLI8665;M;Si;96;Si;Servicios;+20annos;Bajo;1;1928;Generacion Silenciosa;46207;Pontevedra;1,209;50;1;293;
CLI8666;M;No;21;No;Ingeniero;<10annos;Bajo;7;2003;Generacion Z;12126;Salamanca;1,788;30;1;370;3
CLI8667;M;Si;66;No;Otros;+20annos;Bajo;2;1958;Generacion X;91956;Santa Cruz de Tenerife;1,306;120;0;419;3
CLI8668;M;No;25;No;Funcionario;<10annos;Bajo;2;1999;Generacion Z;22041;Baleares;1,857;30;0;595;4
CLI8669;M;Si;67;Si;Ejecutivo;+20annos;Alto;4;1957;Generacion X;128889;Orense;1,424;80;0;497;1
CLI8670;F;No;30;Si;Artista;<10annos;Bajo;3;1994;Millennials;19535;Ceuta;0,962;30;1;130;
CLI8671;M;Si;35;No;Medico;10-20annos;Medio;2;1989;Millennials;20089;Zamora;1,238;30;0;544;4
CLI8672;M;Si;87;;Servicios;+20annos;Alto;2;1937;Generacion Silenciosa;96549;Albacete;1,287;120;0;173;
CLI8673;M;No;21;No;Funcionario;<10annos;Bajo;4;2003;Generacion Z;13725;Gerona;12,705;30;1;391;3
CLI8674;M;Si;46;Si;Ejecutivo;+20annos;Alto;3;1978;Generacion X;83915;Badajoz;0,681;80;0;34;
CLI8675;M;Si;84;No;Servicios;+20annos;Bajo;1;1940;Generacion Silenciosa;81606;Cadiz;0,974;120;0;175;
CLI8676;F;Si;45;No;Negocios/empresa;+20annos;Medio;2;1979;Generacion X;65968;Las Palmas;0,709;30;0;383;3
CLI8677;M;Si;42;Si;Otros;+20annos;Medio;4;1982;Millennials;118593;Teruel;0,962;30;0;386;3
CLI8678;M;Si;47;Si;Otros;+20annos;Medio;3;1977;Generacion X;106284;Guadalajara;1,424;80;1;115;
CLI8679;M;No;21;No;Funcionario;<10annos;Bajo;3;2003;Generacion Z;21788;La Corui±a;1,305;30;0;243;
CLI8680;F;No;31;Si;Funcionario;<10annos;Bajo;3;1993;Millennials;23671;Albacete;1,169;30;0;540;4
CLI8681;M;Si;62;Si;Artista;+20annos;Medio;4;1962;Generacion X;99145;Orense;1,267;80;0;208;
CLI8682;M;No;31;Si;Ingeniero;<10annos;Bajo;3;1993;Millennials;24237;Barcelona;1,123;30;1;177;
CLI8683;M;Si;66;No;Negocios/empresa;+20annos;Alto;2;1958;Generacion X;54959;Badajoz;0,818;30;0;549;4
CLI8684;F;No;61;Si;Artista;+20annos;Bajo;1;1963;Generacion X;95136;Guadalajara;1,013;50;0;146;
CLI8685;M;Si;39;Si;Otros;10-20annos;Medio;2;1985;Millennials;31346;Gerona;0,778;30;1;354;0,5
CLI8686;M;No;28;No;Funcionario;<10annos;Bajo;5;1996;Millennials;21172;Leon;2,375;30;1;202;
CLI8687;M;Si;78;Si;Artista;+20annos;Bajo;1;1946;Generacion X;87502;Huelva;1,111;50;0;537;4
CLI8688;M;Si;72;No;Servicios;+20annos;Alto;2;1952;Generacion X;69922;Malaga;1,365;30;1;373;3
CLI8689;M;Si;81;Si;Servicios;+20annos;Bajo;1;1943;Generacion Silenciosa;50990;Badajoz;0,681;50;0;377;3
CLI8690;F;No;22;No;Funcionario;<10annos;Bajo;4;2002;Generacion Z;18355;Leon;2,961;30;0;401;3
CLI8691;M;Si;47;No;Otros;+20annos;Bajo;2;1977;Generacion X;39249;Valencia;0,7;30;0;160;
CLI8692;F;No;22;No;Negocios/empresa;<10annos;Bajo;6;2002;Generacion Z;17831;Castellon;13,395;30;1;364;0,5
CLI8693;M;Si;44;Si;Funcionario;+20annos;Alto;5;1980;Generacion X;90330;Barcelona;1,491;30;0;585;1
CLI8694;F;Si;51;Si;Ingeniero;+20annos;Alto;5;1973;Generacion X;92558;Santa Cruz de Tenerife;0,876;30;1;223;
CLI8695;F;Si;72;No;Servicios;+20annos;Alto;7;1952;Generacion X;72240;Malaga;1,15;30;0;515;4
CLI8696;M;No;23;No;Funcionario;<10annos;Bajo;1;2001;Generacion Z;22440;Alicante;2,133;30;0;414;3
CLI8697;M;Si;55;No;Funcionario;+20annos;Bajo;7;1969;Generacion X;54154;Albacete;0,974;30;1;283;
CLI8698;M;No;20;No;Funcionario;<10annos;Bajo;5;2004;Generacion Z;18614;Sevilla;1,961;30;0;155;
CLI8699;F;Si;67;Si;Medico;+20annos;Bajo;7;1957;Generacion X;122083;Zaragoza;1,15;200;1;115;
CLI8700;M;Si;54;Si;Servicios;+20annos;Alto;3;1970;Generacion X;27394;Teruel;0,915;30;0;382;3
CLI8701;M;Si;43;No;Ejecutivo;+20annos;Alto;4;1981;Millennials;104860;Leon;1,859;30;0;335;0,5
CLI8702;F;Si;57;No;Servicios;+20annos;Alto;2;1967;Generacion X;99790;Navarra;1,463;120;0;94;
CLI8703;M;Si;62;Si;Ejecutivo;+20annos;Alto;5;1962;Generacion X;46938;Teruel;0,974;30;0;44;
CLI8704;M;Si;61;Si;Ejecutivo;+20annos;Bajo;6;1963;Generacion X;36378;La Rioja;1,639;30;0;562;1
CLI8705;M;Si;46;No;Ingeniero;+20annos;Medio;5;1978;Generacion X;88650;Pontevedra;1,306;30;0;146;
CLI8706;F;No;36;No;Construccion;10-20annos;Bajo;6;1988;Millennials;24522;Leon;1,031;30;0;65;
CLI8707;M;No;21;No;Funcionario;<10annos;Bajo;4;2003;Generacion Z;16575;ilava;2,271;30;1;331;0,5
CLI8708;F;No;30;No;Ingeniero;<10annos;Bajo;1;1994;Millennials;26850;Burgos;1,744;30;1;396;3
CLI8709;F;Si;42;Si;Artista;+20annos;Medio;4;1982;Millennials;65505;Lugo;0,893;30;1;144;
CLI8710;F;No;42;No;Artista;+20annos;Bajo;4;1982;Millennials;46318;Salamanca;1,445;30;1;306;0,5
CLI8711;F;Si;47;Si;Medico;+20annos;Bajo;1;1977;Generacion X;79588;Guipiºzcoa;0,896;50;1;106;
CLI8712;M;Si;58;Si;Artista;+20annos;Medio;4;1966;Generacion X;72601;Navarra;0,974;80;0;578;4
CLI8713;M;Si;36;No;Ejecutivo;10-20annos;Alto;4;1988;Millennials;27675;Orense;2,02;30;0;378;3
CLI8714;F;No;33;Si;Funcionario;10-20annos;Bajo;1;1991;Millennials;21117;Teruel;0,732;30;0;251;
CLI8715;F;No;24;No;Funcionario;<10annos;Bajo;3;2000;Generacion Z;16496;Las Palmas;2,375;30;1;279;
CLI8716;M;No;36;No;Medico;10-20annos;Bajo;4;1988;Millennials;26078;Sevilla;1,606;30;0;54;
CLI8717;M;No;23;No;Funcionario;<10annos;Bajo;8;2001;Generacion Z;17796;Pontevedra;2,133;30;1;263;
CLI8718;M;No;22;No;Funcionario;<10annos;Bajo;5;2002;Generacion Z;20519;Santa Cruz de Tenerife;2,513;30;0;63;
CLI8719;M;No;21;No;Funcionario;<10annos;Bajo;3;2003;Generacion Z;19903;Malaga;2,892;30;0;324;0,5
CLI8720;F;Si;64;Si;Otros;+20annos;Medio;4;1960;Generacion X;26962;Tarragona;0,994;30;0;150;
CLI8721;M;Si;74;Si;Artista;+20annos;Alto;1;1950;Generacion X;43112;Zamora;0,642;50;0;100;
CLI8722;F;Si;40;Si;Otros;10-20annos;Bajo;2;1984;Millennials;80370;Lugo;1,836;50;1;337;0,5
CLI8723;F;No;33;No;Construccion;10-20annos;Bajo;1;1991;Millennials;18609;ilava;1,422;30;1;112;
CLI8724;M;No;25;No;Construccion;<10annos;Bajo;4;1999;Generacion Z;21974;Guipiºzcoa;2,409;30;0;251;
CLI8725;F;No;46;Si;Otros;+20annos;Bajo;1;1978;Generacion X;81930;Vizcaya;1,189;50;0;67;
CLI8726;F;No;41;No;Negocios/empresa;10-20annos;Bajo;3;1983;Millennials;104773;Burgos;0,755;30;0;373;3
CLI8727;F;Si;64;No;Otros;+20annos;Bajo;4;1960;Generacion X;118573;Jaen;1,306;30;0;351;0,5
CLI8728;F;Si;29;No;Ingeniero;<10annos;Medio;2;1995;Millennials;22913;Ciudad Real;1,685;30;1;348;0,5
CLI8729;M;No;43;Si;Otros;+20annos;Bajo;2;1981;Millennials;122393;Gerona;1,238;50;1;207;
CLI8730;F;No;25;No;Negocios/empresa;<10annos;Bajo;4;1999;Generacion Z;23168;Santa Cruz de Tenerife;1,857;30;0;532;4
CLI8731;M;Si;45;No;Ejecutivo;+20annos;Medio;4;1979;Generacion X;91886;Segovia;1,744;30;1;309;0,5
CLI8732;M;Si;29;No;Otros;<10annos;Bajo;3;1995;Millennials;19486;Cordoba;3,099;30;0;370;3
CLI8733;F;Si;28;No;Ingeniero;<10annos;Bajo;3;1996;Millennials;26245;Badajoz;2,754;30;0;341;0,5
CLI8734;M;No;21;No;Funcionario;<10annos;Bajo;4;2003;Generacion Z;16596;Cadiz;1,685;30;0;571;4
CLI8735;M;No;40;No;Ejecutivo;10-20annos;Bajo;5;1984;Millennials;28929;Castellon;0,663;30;0;465;3
CLI8736;M;No;32;No;Funcionario;10-20annos;Bajo;4;1992;Millennials;30237;Tarragona;1,468;30;0;287;
CLI8737;M;No;29;No;Negocios/empresa;<10annos;Bajo;1;1995;Millennials;29233;Santa Cruz de Tenerife;2,72;30;0;386;3
CLI8738;F;No;86;Si;Servicios;+20annos;Bajo;1;1938;Generacion Silenciosa;93616;Teruel;1,052;50;0;43;
CLI8739;F;No;61;Si;Artista;+20annos;Bajo;1;1963;Generacion X;45904;Tarragona;0,564;50;0;256;
CLI8740;M;No;29;Si;Funcionario;<10annos;Bajo;3;1995;Millennials;21175;Cordoba;1,685;30;0;219;
CLI8741;F;No;51;Si;Otros;+20annos;Bajo;1;1973;Generacion X;35478;Huesca;0,818;50;1;123;
CLI8742;M;No;32;No;Funcionario;10-20annos;Bajo;4;1992;Millennials;25798;Badajoz;1,422;30;0;144;
CLI8743;F;No;40;Si;Artista;10-20annos;Bajo;1;1984;Millennials;97169;Albacete;1,376;50;0;70;
CLI8744;M;Si;30;No;Ejecutivo;<10annos;Bajo;6;1994;Millennials;31851;Albacete;1,261;30;0;532;4
CLI8745;F;No;32;No;Ejecutivo;10-20annos;Bajo;3;1992;Millennials;24557;Melilla;0,985;30;0;556;4
CLI8746;F;No;28;No;Negocios/empresa;<10annos;Bajo;4;1996;Millennials;20463;LLeida;1,305;30;1;245;
CLI8747;F;No;33;No;Negocios/empresa;10-20annos;Bajo;6;1991;Millennials;30618;Baleares;1,399;30;1;380;3
CLI8748;M;Si;50;Si;Servicios;+20annos;Bajo;2;1974;Generacion X;67705;Navarra;1,189;50;0;321;0,5
CLI8749;F;No;23;No;Ejecutivo;<10annos;Bajo;1;2001;Generacion Z;12925;Salamanca;2,478;30;0;477;3
CLI8750;F;Si;45;Si;Ejecutivo;+20annos;Alto;1;1979;Generacion X;58384;Jaen;0,893;50;0;107;
CLI8751;M;Si;42;Si;Otros;+20annos;Bajo;1;1982;Millennials;24701;ilava;1,008;30;0;256;
CLI8752;F;No;31;Si;Funcionario;<10annos;Bajo;1;1993;Millennials;21903;Gerona;2,066;30;0;138;
CLI8753;M;No;36;Si;Medico;10-20annos;Bajo;5;1988;Millennials;25605;Zaragoza;0,709;30;1;328;0,5
CLI8754;M;Si;34;Si;Funcionario;10-20annos;Bajo;2;1990;Millennials;23996;Jaen;0,778;30;0;575;4
CLI8755;M;Si;50;Si;Funcionario;+20annos;Bajo;2;1974;Generacion X;41856;Navarra;1,365;50;1;131;
CLI8756;M;Si;52;Si;Negocios/empresa;+20annos;Bajo;5;1972;Generacion X;52931;Melilla;1,443;30;0;249;
CLI8757;F;No;43;No;Funcionario;+20annos;Bajo;1;1981;Millennials;73023;Albacete;1,399;30;0;447;3
CLI8758;F;No;52;Si;Negocios/empresa;+20annos;Bajo;1;1972;Generacion X;25579;Teruel;0,681;30;0;210;
CLI8759;F;Si;58;Si;Medico;+20annos;Bajo;1;1966;Generacion X;52179;Almeri­a;1,111;50;1;262;
CLI8760;M;No;30;No;Medico;<10annos;Bajo;4;1994;Millennials;30171;Vizcaya;0,709;30;1;262;
CLI8761;M;Si;41;Si;Ingeniero;10-20annos;Medio;2;1983;Millennials;57476;Cuenca;1,882;50;1;252;
CLI8762;F;Si;68;Si;Artista;+20annos;Medio;3;1956;Generacion X;66153;Soria;1,346;80;1;178;
CLI8763;F;No;32;No;Ingeniero;10-20annos;Bajo;7;1992;Millennials;24085;Zaragoza;0,732;30;0;359;0,5
CLI8764;F;Si;56;Si;Artista;+20annos;Bajo;1;1968;Generacion X;129258;Alicante;0,681;50;0;479;3
CLI8765;M;No;33;No;Negocios/empresa;10-20annos;Bajo;6;1991;Millennials;23141;Ciudad Real;1,169;30;0;213;
CLI8766;M;No;20;No;Otros;<10annos;Bajo;4;2004;Generacion Z;16031;Madrid;14,775;30;0;195;
CLI8767;F;Si;96;Si;Servicios;+20annos;Alto;2;1928;Generacion Silenciosa;129958;Zaragoza;0,994;50;1;376;3
CLI8768;M;Si;75;Si;Negocios/empresa;+20annos;Bajo;2;1949;Generacion X;65330;Tarragona;0,955;50;0;592;4
CLI8769;M;Si;92;Si;Servicios;+20annos;Bajo;1;1932;Generacion Silenciosa;66162;Valencia;0,583;50;1;208;
CLI8770;M;No;24;No;Funcionario;<10annos;Bajo;9;2000;Generacion Z;18589;Leon;1,098;30;0;560;4
CLI8771;F;No;24;No;Medico;<10annos;Bajo;4;2000;Generacion Z;16458;Guipiºzcoa;10,635;30;0;582;4
CLI8772;M;No;23;No;Funcionario;<10annos;Bajo;3;2001;Generacion Z;14187;Teruel;1,892;30;0;534;4
CLI8773;F;Si;98;No;Servicios;+20annos;Alto;2;1926;Generacion Silenciosa;114025;Cadiz;0,622;120;0;297;
CLI8774;M;Si;80;No;Servicios;+20annos;Alto;2;1944;Generacion Silenciosa;116046;Granada;0,779;120;0;405;3
CLI8775;F;Si;83;Si;Servicios;+20annos;Alto;2;1941;Generacion Silenciosa;71625;Vizcaya;1,052;50;1;326;0,5
CLI8776;F;No;22;No;Medico;<10annos;Bajo;4;2002;Generacion Z;16617;La Corui±a;2,064;30;1;282;
CLI8777;M;No;24;No;Funcionario;<10annos;Bajo;2;2000;Generacion Z;18393;Leon;1,236;30;1;285;
CLI8778;F;No;24;No;Funcionario;<10annos;Bajo;4;2000;Generacion Z;20350;Murcia;12,705;30;0;159;
CLI8779;M;Si;69;Si;Artista;+20annos;Medio;1;1955;Generacion X;118464;Zamora;1,619;50;1;155;
CLI8780;M;Si;51;Si;Artista;+20annos;Medio;3;1973;Generacion X;127150;Valencia;1,541;80;1;131;
CLI8781;M;Si;64;No;Artista;+20annos;Medio;2;1960;Generacion X;51238;Zaragoza;1,697;30;0;153;
CLI8782;F;No;45;Si;Artista;+20annos;Bajo;3;1979;Generacion X;68089;Sevilla;1,974;30;0;495;1
CLI8783;M;Si;46;Si;Artista;+20annos;Medio;2;1978;Generacion X;92207;Toledo;1,111;50;0;220;
CLI8784;F;Si;47;Si;Funcionario;+20annos;Medio;2;1977;Generacion X;58498;Badajoz;0,661;50;1;160;
CLI8785;F;No;54;Si;Artista;+20annos;Bajo;1;1970;Generacion X;126488;LLeida;1,639;50;1;329;0,5
CLI8786;F;No;44;Si;Artista;+20annos;Bajo;1;1980;Generacion X;43943;Alicante;2,02;50;0;433;1
CLI8787;M;Si;58;No;Ejecutivo;+20annos;Alto;2;1966;Generacion X;81000;Santa Cruz de Tenerife;1,443;120;0;441;3
CLI8788;M;Si;40;Si;Artista;10-20annos;Medio;2;1984;Millennials;129108;Ciudad Real;1,813;50;0;368;3
CLI8789;M;Si;55;Si;Artista;+20annos;Bajo;2;1969;Generacion X;53185;Cordoba;1,033;50;1;182;
CLI8790;M;Si;46;Si;Funcionario;+20annos;Bajo;1;1978;Generacion X;29425;ilava;1,306;30;1;208;
CLI8791;M;No;33;No;Funcionario;10-20annos;Bajo;4;1991;Millennials;20091;Jaen;1,491;30;1;162;
CLI8792;M;No;32;No;Funcionario;10-20annos;Bajo;5;1992;Millennials;31827;Guipiºzcoa;1,606;30;0;273;
CLI8793;M;No;31;Si;Otros;<10annos;Bajo;2;1993;Millennials;22339;Caceres;1,905;30;0;502;4
CLI8794;M;No;30;Si;Funcionario;<10annos;Bajo;4;1994;Millennials;27898;Guadalajara;1,376;30;0;149;
CLI8795;M;No;54;Si;Artista;+20annos;Bajo;1;1970;Generacion X;49100;Malaga;1,639;50;0;562;1
CLI8796;M;No;35;Si;Funcionario;10-20annos;Bajo;1;1989;Millennials;24983;Almeri­a;0,962;30;1;375;3
CLI8797;M;No;28;Si;Medico;<10annos;Bajo;3;1996;Millennials;29064;Gerona;1,961;30;1;356;0,5
CLI8798;F;Si;69;Si;Artista;+20annos;Bajo;1;1955;Generacion X;60521;LLeida;1,502;50;0;476;1
CLI8799;F;No;46;Si;Artista;+20annos;Bajo;1;1978;Generacion X;54169;Las Palmas;1,561;50;0;556;1
CLI8800;M;No;34;Si;Funcionario;10-20annos;Bajo;1;1990;Millennials;25980;ivila;1,376;30;1;351;0,5
CLI8801;M;Si;78;Si;Artista;+20annos;Alto;2;1946;Generacion X;28587;Toledo;0,857;30;0;532;4
CLI8802;M;No;22;No;Funcionario;<10annos;Bajo;5;2002;Generacion Z;19736;Badajoz;3,065;30;0;325;0,5
CLI8803;M;No;24;No;Funcionario;<10annos;Bajo;4;2000;Generacion Z;17547;Teruel;3,03;30;0;79;
CLI8804;F;No;32;Si;Otros;10-20annos;Bajo;5;1992;Millennials;22467;Teruel;1,491;30;0;479;3
CLI8805;M;Si;52;Si;Negocios/empresa;+20annos;Bajo;3;1972;Generacion X;94880;Valladolid;1,541;80;0;281;
CLI8806;M;Si;47;Si;Artista;+20annos;Medio;3;1977;Generacion X;114510;Burgos;0,837;80;1;175;
CLI8807;M;No;35;Si;Artista;10-20annos;Bajo;3;1989;Millennials;28262;Tarragona;0,755;30;0;145;
CLI8808;M;Si;52;Si;Artista;+20annos;Medio;2;1972;Generacion X;56092;LLeida;1,052;50;0;270;
CLI8809;M;No;51;Si;Artista;+20annos;Bajo;1;1973;Generacion X;82655;Valencia;1,6;50;0;187;
CLI8810;F;Si;45;Si;Artista;+20annos;Medio;2;1979;Generacion X;89910;Granada;1,56;50;0;367;3
CLI8811;M;Si;41;Si;Otros;10-20annos;Medio;2;1983;Millennials;53819;Ceuta;1,376;50;0;509;4
CLI8812;M;Si;44;Si;Artista;+20annos;Medio;2;1980;Generacion X;120610;Orense;1,813;50;1;373;3
CLI8813;M;Si;66;Si;Artista;+20annos;Medio;4;1958;Generacion X;94872;Valencia;0,661;80;0;323;0,5
CLI8814;M;Si;51;Si;Artista;+20annos;Medio;6;1973;Generacion X;77473;Granada;0,74;30;0;109;
CLI8815;F;Si;40;Si;Artista;10-20annos;Alto;4;1984;Millennials;128140;Malaga;1,537;200;0;110;
CLI8816;F;No;42;No;Negocios/empresa;+20annos;Bajo;1;1982;Millennials;56941;Melilla;1,031;30;0;449;3
CLI8817;F;Si;35;No;Medico;10-20annos;Bajo;5;1989;Millennials;23073;Huelva;1,353;30;0;263;
CLI8818;F;No;45;Si;Artista;+20annos;Bajo;1;1979;Generacion X;46186;Jaen;1,307;50;0;390;1
CLI8819;M;Si;62;Si;Negocios/empresa;+20annos;Bajo;3;1962;Generacion X;30361;Sevilla;1,502;30;0;438;1
CLI8820;M;Si;34;Si;Artista;10-20annos;Medio;2;1990;Millennials;31273;Valladolid;1,721;30;1;257;
CLI8821;M;Si;50;No;Artista;+20annos;Bajo;2;1974;Generacion X;103018;Huesca;0,681;120;0;315;0,5
CLI8822;M;Si;76;Si;Otros;+20annos;Medio;3;1948;Generacion X;42869;Alicante;1,189;30;1;313;0,5
CLI8823;M;Si;41;Si;Artista;10-20annos;Bajo;2;1983;Millennials;44928;Murcia;0,916;50;0;195;
CLI8824;M;Si;52;Si;Artista;+20annos;Medio;4;1972;Generacion X;98273;Lugo;0,72;80;1;217;
CLI8825;F;Si;57;Si;Artista;+20annos;Medio;3;1967;Generacion X;90863;Ceuta;1,463;80;1;386;3
CLI8826;F;Si;63;Si;Artista;+20annos;Alto;3;1961;Generacion X;34258;Salamanca;1,482;30;1;140;
CLI8827;F;No;55;Si;Artista;+20annos;Bajo;1;1969;Generacion X;117832;Zaragoza;1,404;50;0;469;1
CLI8828;M;Si;30;No;Ingeniero;<10annos;Medio;2;1994;Millennials;30297;Ciudad Real;1,79;30;0;466;3
CLI8829;F;Si;50;Si;Ingeniero;+20annos;Alto;3;1974;Generacion X;91322;Pontevedra;1,267;80;0;300;
CLI8830;F;No;33;Si;Artista;10-20annos;Bajo;2;1991;Millennials;23397;Zamora;0,939;30;0;582;4
CLI8831;M;Si;50;Si;Artista;+20annos;Bajo;2;1974;Generacion X;96707;Navarra;0,818;50;0;144;
CLI8832;M;No;33;No;Funcionario;10-20annos;Bajo;4;1991;Millennials;31967;Gerona;1,698;30;0;285;
CLI8833;M;Si;34;Si;Otros;10-20annos;Medio;3;1990;Millennials;18732;ivila;1,79;30;1;205;
CLI8834;F;Si;50;Si;Artista;+20annos;Medio;4;1974;Generacion X;37038;Huelva;1,15;30;1;241;
CLI8835;M;Si;74;Si;Artista;+20annos;Alto;2;1950;Generacion X;83969;Lugo;1,58;50;0;120;
CLI8836;M;Si;84;No;Ejecutivo;+20annos;Alto;2;1940;Generacion Silenciosa;24057;Santa Cruz de Tenerife;1,248;30;0;335;0,5
CLI8837;M;Si;76;Si;Otros;+20annos;Bajo;2;1948;Generacion X;92418;Pontevedra;1,033;50;0;413;3
CLI8838;M;Si;91;No;Otros;+20annos;Bajo;2;1933;Generacion Silenciosa;35129;Santa Cruz de Tenerife;0,818;30;0;376;3
CLI8839;M;Si;42;Si;Ingeniero;+20annos;Bajo;2;1982;Millennials;69324;LLeida;1,261;50;0;129;
CLI8840;M;Si;40;Si;Artista;10-20annos;Bajo;1;1984;Millennials;61829;Soria;1,606;50;0;402;1
CLI8841;M;No;45;Si;Servicios;+20annos;Bajo;2;1979;Generacion X;48405;Castellon;1,997;50;0;589;1
CLI8842;F;Si;76;No;Servicios;+20annos;Bajo;3;1948;Generacion X;82522;Zamora;0,994;30;0;41;
CLI8843;F;No;36;Si;Ingeniero;10-20annos;Bajo;3;1988;Millennials;18111;Almeri­a;1,376;30;1;283;
CLI8844;M;No;42;Si;Artista;+20annos;Bajo;3;1982;Millennials;129350;Sevilla;1,974;200;0;479;1
CLI8845;F;Si;53;Si;Ingeniero;+20annos;Medio;2;1971;Generacion X;116264;Cadiz;1,404;50;1;179;
CLI8846;M;Si;56;Si;Ingeniero;+20annos;Medio;2;1968;Generacion X;101691;Malaga;0,994;50;0;412;3
CLI8847;M;Si;62;Si;Ejecutivo;+20annos;Alto;2;1962;Generacion X;103138;Tarragona;1,365;50;1;344;0,5
CLI8848;M;Si;63;Si;Artista;+20annos;Medio;3;1961;Generacion X;36460;Cuenca;0,994;30;0;460;3
CLI8849;F;Si;54;Si;Artista;+20annos;Medio;3;1970;Generacion X;35804;La Rioja;1,619;30;0;460;3
CLI8850;M;No;33;Si;Funcionario;10-20annos;Bajo;3;1991;Millennials;29110;La Rioja;2,066;30;1;146;
CLI8851;F;Si;44;Si;Medico;+20annos;Medio;2;1980;Generacion X;82870;Alicante;0,87;50;0;363;0,5
CLI8852;F;No;33;Si;Artista;10-20annos;Bajo;1;1991;Millennials;25454;Lugo;1,33;30;1;323;0,5
CLI8853;M;Si;42;No;Otros;+20annos;Medio;2;1982;Millennials;109561;Vizcaya;1,491;120;1;390;3
CLI8854;F;No;34;Si;Funcionario;10-20annos;Bajo;5;1990;Millennials;20084;Palencia;1,721;30;0;344;0,5
CLI8855;M;No;36;Si;Medico;10-20annos;Bajo;2;1988;Millennials;26515;Tarragona;1,79;30;0;66;
CLI8856;M;No;55;Si;Artista;+20annos;Bajo;2;1969;Generacion X;51869;La Rioja;1,209;50;0;138;
CLI8857;M;Si;57;Si;Ejecutivo;+20annos;Alto;3;1967;Generacion X;57169;Murcia;1,737;80;0;424;1
CLI8858;F;Si;43;Si;Artista;+20annos;Medio;1;1981;Millennials;84900;Ceuta;1,33;50;0;432;3
CLI8859;M;Si;80;Si;Ejecutivo;+20annos;Alto;2;1944;Generacion Silenciosa;46908;Toledo;1,619;50;0;138;
CLI8860;M;Si;51;Si;Artista;+20annos;Medio;3;1973;Generacion X;24584;Las Palmas;0,603;30;0;432;3
CLI8861;M;Si;55;Si;Artista;+20annos;Bajo;2;1969;Generacion X;97120;Vizcaya;1,15;50;0;430;3
CLI8862;M;No;33;No;Funcionario;10-20annos;Bajo;6;1991;Millennials;26704;Vizcaya;1,928;30;0;61;
CLI8863;F;Si;66;Si;Medico;+20annos;Medio;2;1958;Generacion X;80196;Cordoba;1,189;50;1;214;
CLI8864;F;Si;43;Si;Construccion;+20annos;Medio;2;1981;Millennials;60525;Granada;1,238;50;0;528;4
CLI8865;F;Si;65;Si;Artista;+20annos;Medio;2;1959;Generacion X;99235;Cadiz;1,6;50;0;568;4
CLI8866;F;Si;56;Si;Artista;+20annos;Medio;2;1968;Generacion X;58978;Sevilla;0,818;50;0;600;4
CLI8867;F;Si;44;Si;Artista;+20annos;Medio;2;1980;Generacion X;129656;ivila;1,169;50;0;319;0,5
CLI8868;M;No;25;No;Funcionario;<10annos;Bajo;3;1999;Generacion Z;19041;Ciudad Real;2,202;30;1;329;0,5
CLI8869;M;Si;58;Si;Artista;+20annos;Medio;4;1966;Generacion X;49516;Ciudad Real;1,365;30;0;69;
CLI8870;M;No;35;No;Funcionario;10-20annos;Bajo;5;1989;Millennials;29241;Teruel;1,583;30;0;239;
CLI8871;M;Si;57;Si;Ejecutivo;+20annos;Alto;4;1967;Generacion X;25222;Tarragona;1,287;30;1;380;3
CLI8872;F;No;34;Si;Ingeniero;10-20annos;Bajo;1;1990;Millennials;27672;Murcia;0,985;30;0;234;
CLI8873;M;No;33;Si;Funcionario;10-20annos;Bajo;4;1991;Millennials;20343;Navarra;1,56;30;0;436;3
CLI8874;M;No;28;Si;Funcionario;<10annos;Bajo;3;1996;Millennials;29929;Orense;1,581;30;0;341;0,5
CLI8875;M;Si;44;Si;Ejecutivo;+20annos;Alto;4;1980;Generacion X;53450;Orense;1,238;30;0;184;
CLI8876;F;No;30;Si;Funcionario;<10annos;Bajo;4;1994;Millennials;31722;Castellon;0,893;30;0;535;4
CLI8877;M;Si;67;Si;Artista;+20annos;Bajo;2;1957;Generacion X;128676;Navarra;0,994;50;1;125;
CLI8878;F;No;36;Si;Ingeniero;10-20annos;Bajo;1;1988;Millennials;28907;Teruel;1,514;30;0;274;
CLI8879;M;No;31;Si;Medico;<10annos;Bajo;4;1993;Millennials;20323;Santa Cruz de Tenerife;1,951;30;1;107;
CLI8880;F;Si;53;Si;Artista;+20annos;Medio;2;1971;Generacion X;39678;Burgos;1,737;50;1;390;3
CLI8881;F;Si;80;Si;Artista;+20annos;Alto;2;1944;Generacion Silenciosa;34960;Segovia;0,564;30;1;259;
CLI8882;M;Si;40;No;Artista;10-20annos;Medio;2;1984;Millennials;104841;Soria;1,491;120;0;179;
CLI8883;F;No;35;No;Funcionario;10-20annos;Bajo;4;1989;Millennials;18200;Guadalajara;1,859;30;0;471;3
CLI8884;M;Si;90;No;Servicios;+20annos;Alto;2;1934;Generacion Silenciosa;123896;Zamora;1,326;120;1;362;0,5
CLI8885;M;No;31;Si;Artista;<10annos;Bajo;3;1993;Millennials;18308;Melilla;1,008;30;1;133;
CLI8886;F;No;46;Si;Artista;+20annos;Bajo;3;1978;Generacion X;91890;Jaen;1,287;80;0;567;1
CLI8887;F;Si;66;Si;Servicios;+20annos;Alto;9;1958;Generacion X;22461;Castellon;1,267;30;1;274;
CLI8888;F;No;51;Si;Artista;+20annos;Bajo;1;1973;Generacion X;111650;Navarra;1,17;50;0;380;3
CLI8889;M;No;34;No;Medico;10-20annos;Bajo;3;1990;Millennials;21177;Albacete;1,054;30;0;504;4
CLI8890;F;Si;55;Si;Artista;+20annos;Bajo;1;1969;Generacion X;114959;La Corui±a;1,326;50;0;263;
CLI8891;F;No;33;Si;Ingeniero;10-20annos;Bajo;1;1991;Millennials;23776;Guipiºzcoa;1,974;30;0;113;
CLI8892;F;No;54;Si;Artista;+20annos;Bajo;3;1970;Generacion X;116572;Leon;0,974;80;0;55;
CLI8893;F;Si;56;Si;Medico;+20annos;Medio;6;1968;Generacion X;59567;Teruel;1,072;30;0;564;4
CLI8894;F;Si;51;Si;Servicios;+20annos;Medio;3;1973;Generacion X;33471;Palencia;1,561;30;0;232;
CLI8895;M;Si;58;Si;Artista;+20annos;Medio;4;1966;Generacion X;112774;Melilla;0,661;80;0;362;0,5
CLI8896;M;Si;72;Si;Artista;+20annos;Alto;2;1952;Generacion X;96876;Valladolid;0,779;50;0;362;0,5
CLI8897;F;No;24;No;Funcionario;<10annos;Bajo;5;2000;Generacion Z;15846;Soria;1,581;30;0;200;
CLI8898;M;Si;72;Si;Medico;+20annos;Medio;3;1952;Generacion X;64099;Madrid;0,798;80;0;508;4
CLI8899;F;Si;43;Si;Ingeniero;+20annos;Medio;2;1981;Millennials;35014;Cuenca;0,709;50;0;150;
CLI8900;M;Si;92;Si;Artista;+20annos;Alto;2;1932;Generacion Silenciosa;40752;Almeri­a;0,876;50;0;138;
CLI8901;M;No;41;Si;Artista;10-20annos;Bajo;1;1983;Millennials;102459;Madrid;1,859;50;0;116;
CLI8902;M;Si;31;Si;Medico;<10annos;Medio;2;1993;Millennials;28072;Ceuta;0,985;30;0;526;4
CLI8903;F;Si;90;No;Servicios;+20annos;Alto;2;1934;Generacion Silenciosa;125735;Granada;0,622;120;0;552;4
CLI8904;F;Si;96;Si;Servicios;+20annos;Alto;2;1928;Generacion Silenciosa;36195;Caceres;1,248;50;1;196;
CLI8905;F;No;76;Si;Servicios;+20annos;Bajo;5;1948;Generacion X;61551;Almeri­a;0,837;30;0;211;
CLI8906;F;Si;56;Si;Artista;+20annos;Alto;5;1968;Generacion X;48668;Alicante;0,818;30;0;294;
CLI8907;F;Si;81;Si;Servicios;+20annos;Bajo;1;1943;Generacion Silenciosa;80040;Jaen;0,935;50;1;323;0,5
CLI8908;F;Si;87;Si;Servicios;+20annos;Alto;2;1937;Generacion Silenciosa;59226;Cordoba;0,72;50;0;555;4
CLI8909;F;No;23;No;Servicios;<10annos;Bajo;1;2001;Generacion Z;21871;Baleares;14,085;30;1;309;0,5
CLI8910;F;No;22;No;Funcionario;<10annos;Bajo;5;2002;Generacion Z;15814;Orense;2,72;30;1;265;
CLI8911;F;No;47;Si;Medico;+20annos;Bajo;1;1977;Generacion X;85622;Cuenca;0,798;50;0;197;
CLI8912;F;No;28;No;Funcionario;<10annos;Bajo;3;1996;Millennials;31946;Burgos;1,685;30;0;200;
CLI8913;M;No;47;Si;Artista;+20annos;Bajo;4;1977;Generacion X;58273;Cordoba;1,033;80;1;131;
CLI8914;F;No;46;Si;Artista;+20annos;Bajo;1;1978;Generacion X;116893;Cadiz;0,72;50;0;279;
CLI8915;M;No;28;Si;Medico;<10annos;Bajo;4;1996;Millennials;22728;Burgos;2,444;30;0;44;
CLI8916;M;Si;65;Si;Artista;+20annos;Bajo;1;1959;Generacion X;56993;Segovia;0,974;50;0;597;4
CLI8917;F;No;54;Si;Negocios/empresa;+20annos;Bajo;5;1970;Generacion X;76897;Granada;0,759;30;1;113;
CLI8918;F;No;35;No;Medico;10-20annos;Bajo;4;1989;Millennials;31554;Baleares;1,192;30;0;425;3
CLI8919;M;Si;40;Si;Artista;10-20annos;Alto;2;1984;Millennials;75255;Toledo;1,537;50;0;382;1
CLI8920;M;Si;50;Si;Negocios/empresa;+20annos;Bajo;3;1974;Generacion X;51154;Alicante;1,541;30;1;198;
CLI8921;M;No;32;Si;Funcionario;10-20annos;Bajo;3;1992;Millennials;18177;Teruel;0,663;30;0;314;0,5
CLI8922;M;Si;41;Si;Artista;10-20annos;Bajo;2;1983;Millennials;54459;Cadiz;1,422;50;0;112;
CLI8923;F;Si;53;Si;Medico;+20annos;Medio;4;1971;Generacion X;72512;ivila;1,052;80;0;229;
CLI8924;F;No;72;Si;Artista;+20annos;Bajo;2;1952;Generacion X;106622;Segovia;1,502;50;0;334;0,5
CLI8925;M;No;43;No;Negocios/empresa;+20annos;Bajo;2;1981;Millennials;76607;Toledo;0,686;120;0;54;
CLI8926;M;No;28;No;Otros;<10annos;Bajo;7;1996;Millennials;25312;Gerona;1,995;30;0;281;
CLI8927;F;Si;54;No;Artista;+20annos;Bajo;5;1970;Generacion X;46573;Gerona;1,404;30;0;155;
CLI8928;F;Si;85;Si;Servicios;+20annos;Alto;2;1939;Generacion Silenciosa;77740;Jaen;0,564;50;0;520;4
CLI8929;F;No;42;Si;Artista;+20annos;Bajo;1;1982;Millennials;41239;Segovia;0,778;50;0;575;4
CLI8930;M;No;21;Si;Negocios/empresa;<10annos;Bajo;6;2003;Generacion Z;14855;Cuenca;1,926;30;0;42;
CLI8931;F;Si;84;Si;Servicios;+20annos;Alto;2;1940;Generacion Silenciosa;54785;Burgos;1,443;50;0;563;1
CLI8932;M;No;31;Si;Medico;<10annos;Bajo;4;1993;Millennials;31168;Valladolid;0,801;30;0;83;
CLI8933;M;Si;56;Si;Medico;+20annos;Medio;3;1968;Generacion X;93076;La Rioja;0,564;80;1;102;
CLI8934;F;No;31;Si;Medico;<10annos;Bajo;5;1993;Millennials;29609;Baleares;0,847;30;0;275;
CLI8935;F;No;46;Si;Funcionario;+20annos;Bajo;1;1978;Generacion X;44823;Barcelona;0,974;50;1;105;
CLI8936;M;Si;50;Si;Artista;+20annos;Bajo;1;1974;Generacion X;95078;La Rioja;1,404;50;1;151;
CLI8937;M;Si;69;Si;Ejecutivo;+20annos;Alto;3;1955;Generacion X;60097;Segovia;0,915;80;0;134;
CLI8938;F;No;20;No;Medico;<10annos;Bajo;6;2004;Generacion Z;14537;Soria;2,168;30;0;397;3
CLI8939;M;No;29;Si;Artista;<10annos;Bajo;4;1995;Millennials;21437;Zamora;2,099;30;0;164;
CLI8940;M;Si;34;Si;Artista;10-20annos;Medio;2;1990;Millennials;27545;Cuenca;1,836;30;0;375;3
CLI8941;M;No;47;Si;Otros;+20annos;Bajo;4;1977;Generacion X;24465;Navarra;1,424;30;0;296;
CLI8942;F;Si;66;Si;Artista;+20annos;Bajo;1;1958;Generacion X;61484;Gerona;1,326;50;0;446;1
CLI8943;F;No;40;Si;Artista;10-20annos;Bajo;1;1984;Millennials;62320;Burgos;1,882;50;1;311;0,5
CLI8944;M;No;35;No;Funcionario;10-20annos;Bajo;4;1989;Millennials;28712;Granada;1,721;30;0;407;3
CLI8945;M;Si;75;Si;Servicios;+20annos;Bajo;1;1949;Generacion X;58584;La Rioja;0,974;50;0;562;4
CLI8946;M;Si;66;Si;Otros;+20annos;Bajo;1;1958;Generacion X;123927;Granada;0,681;50;0;533;4
CLI8947;F;No;46;Si;Artista;+20annos;Bajo;1;1978;Generacion X;97677;Ciudad Real;0,74;50;1;177;
CLI8948;F;No;20;No;Funcionario;<10annos;Bajo;5;2004;Generacion Z;12015;Badajoz;2,582;30;0;152;
CLI8949;M;Si;76;No;Servicios;+20annos;Alto;2;1948;Generacion X;53281;Castellon;0,798;30;1;224;
CLI8950;F;No;46;Si;Medico;+20annos;Bajo;1;1978;Generacion X;25510;Teruel;1,228;30;0;214;
CLI8951;F;Si;77;Si;Artista;+20annos;Bajo;1;1947;Generacion X;75281;Murcia;0,994;50;0;302;0,5
CLI8952;M;No;28;Si;Funcionario;<10annos;Bajo;3;1996;Millennials;31979;Salamanca;2,616;30;1;136;
CLI8953;M;Si;62;Si;Otros;+20annos;Medio;3;1962;Generacion X;108094;Navarra;1,326;80;0;235;
CLI8954;F;No;44;Si;Artista;+20annos;Bajo;1;1980;Generacion X;115864;Huesca;0,847;50;0;212;
CLI8955;M;No;25;No;Funcionario;<10annos;Bajo;6;1999;Generacion Z;26772;Salamanca;1,547;30;0;257;
CLI8956;F;No;22;No;Negocios/empresa;<10annos;Bajo;4;2002;Generacion Z;16821;Teruel;1,547;30;1;364;0,5
CLI8957;F;No;43;Si;Otros;+20annos;Bajo;1;1981;Millennials;24579;Huelva;0,985;30;1;226;
CLI8958;F;No;21;No;Funcionario;<10annos;Bajo;4;2003;Generacion Z;14491;Ceuta;1,788;30;1;211;
CLI8959;M;No;31;Si;Otros;<10annos;Bajo;1;1993;Millennials;19936;Leon;1,445;30;0;566;4
CLI8960;M;Si;44;No;Ingeniero;+20annos;Medio;2;1980;Generacion X;61676;Burgos;2,066;30;0;116;
CLI8961;F;;66;Si;Ingeniero;+20annos;Medio;4;1958;Generacion X;93298;Navarra;1,189;80;0;578;4
CLI8962;M;No;36;No;Funcionario;10-20annos;Bajo;4;1988;Millennials;29443;Sevilla;1,951;30;0;316;0,5
CLI8963;M;Si;22;No;Medico;<10annos;Bajo;2;2002;Generacion Z;18310;Navarra;1,443;30;0;382;3
CLI8964;F;No;39;No;Artista;10-20annos;Bajo;4;1985;Millennials;20070;Burgos;0,755;30;1;188;
CLI8965;M;No;30;Si;Medico;<10annos;Bajo;5;1994;Millennials;28230;Huesca;1,997;30;1;365;
CLI8966;F;Si;46;Si;Artista;+20annos;Medio;2;1978;Generacion X;78061;Toledo;1,482;50;1;192;
CLI8967;M;Si;33;No;Negocios/empresa;10-20annos;Bajo;4;1991;Millennials;24796;Cuenca;1,997;30;0;554;4
CLI8968;F;Si;62;Si;Ejecutivo;+20annos;Medio;2;1962;Generacion X;25988;Murcia;1,619;30;0;512;4
CLI8969;M;Si;31;Si;Otros;<10annos;Medio;2;1993;Millennials;27836;Barcelona;1,215;30;1;376;3
CLI8970;F;Si;42;Si;Artista;+20annos;Medio;2;1982;Millennials;48030;Madrid;1,951;50;1;379;3
CLI8971;M;No;29;Si;Otros;<10annos;Bajo;1;1995;Millennials;21467;Soria;0,995;30;1;229;
CLI8972;M;No;40;No;Ingeniero;10-20annos;Bajo;1;1984;Millennials;55895;Zaragoza;1,744;30;0;530;4
CLI8973;M;No;62;No;Otros;+20annos;Bajo;1;1962;Generacion X;76185;Barcelona;0,681;120;0;519;4
CLI8974;M;No;29;Si;Otros;<10annos;Bajo;1;1995;Millennials;29316;Ceuta;2,996;30;1;243;
CLI8975;M;No;31;Si;Artista;<10annos;Bajo;4;1993;Millennials;26935;Badajoz;2,02;30;0;395;3
CLI8976;M;No;35;No;Funcionario;10-20annos;Bajo;5;1989;Millennials;21324;Huelva;1,077;30;1;112;
CLI8977;F;No;57;Si;Artista;+20annos;Bajo;1;1967;Generacion X;123286;Soria;1,678;50;0;330;0,5
CLI8978;F;No;25;No;Funcionario;<10annos;Bajo;4;1999;Generacion Z;29243;Guadalajara;3,065;30;0;82;
CLI8979;M;No;25;No;Funcionario;<10annos;Bajo;5;1999;Generacion Z;23638;Leon;1,65;30;0;83;
CLI8980;M;Si;55;Si;Artista;+20annos;Bajo;2;1969;Generacion X;86731;Guipiºzcoa;1,619;50;0;194;
CLI8981;M;Si;29;Si;Artista;<10annos;Bajo;2;1995;Millennials;28315;Tarragona;2,133;30;0;541;4
CLI8982;M;Si;44;Si;Otros;+20annos;Bajo;2;1980;Generacion X;109957;Granada;0,893;50;0;529;4
CLI8983;F;Si;58;Si;Artista;+20annos;Medio;2;1966;Generacion X;75426;Valladolid;1,697;50;0;347;0,5
CLI8984;M;Si;69;Si;Artista;+20annos;Medio;3;1955;Generacion X;60104;Valencia;1,658;80;0;490;3
CLI8985;M;Si;68;Si;Ejecutivo;+20annos;Alto;3;1956;Generacion X;53399;Huelva;0,798;30;0;475;3
CLI8986;F;No;42;Si;Artista;+20annos;Bajo;1;1982;Millennials;56198;Almeri­a;0,778;50;1;222;
CLI8987;F;Si;63;No;Artista;+20annos;Medio;2;1961;Generacion X;76472;Gerona;1,385;120;0;590;4
CLI8988;F;No;47;Si;Artista;+20annos;Bajo;1;1977;Generacion X;74030;Baleares;1,639;50;1;359;0,5
CLI8989;M;No;23;No;Negocios/empresa;<10annos;Bajo;3;2001;Generacion Z;22777;Melilla;13,395;30;0;38;
CLI8990;M;No;24;No;Funcionario;<10annos;Bajo;5;2000;Generacion Z;23982;Pontevedra;2,996;30;0;291;
CLI8991;M;Si;75;Si;Artista;+20annos;Bajo;1;1949;Generacion X;24549;ilava;1,15;30;1;188;
CLI8992;F;No;31;Si;Funcionario;<10annos;Bajo;1;1993;Millennials;30036;Huesca;1,721;30;1;126;
CLI8993;M;Si;36;Si;Artista;10-20annos;Medio;2;1988;Millennials;18298;Las Palmas;1,652;30;1;317;0,5
CLI8994;F;No;42;Si;Artista;+20annos;Bajo;1;1982;Millennials;126093;Santa Cruz de Tenerife;1,192;50;0;350;0,5
CLI8995;M;No;25;No;Funcionario;<10annos;Bajo;5;1999;Generacion Z;27960;Palencia;2,996;30;0;30;
CLI8996;F;No;45;Si;Funcionario;+20annos;Bajo;1;1979;Generacion X;42446;Cordoba;1,031;50;1;318;0,5
CLI8997;F;No;45;Si;Construccion;+20annos;Bajo;1;1979;Generacion X;25108;Burgos;1,836;30;0;221;
CLI8998;F;No;43;Si;Medico;+20annos;Bajo;1;1981;Millennials;54381;LLeida;1,813;50;1;202;
CLI8999;F;Si;54;No;Otros;+20annos;Alto;2;1970;Generacion X;44498;Navarra;1,287;30;0;185;
CLI9000;F;Si;36;Si;Construccion;10-20annos;Medio;2;1988;Millennials;22871;Baleares;0,985;30;0;528;4
CLI9001;M;Si;87;No;Servicios;+20annos;Bajo;1;1937;Generacion Silenciosa;36413;Almeri­a;1,443;30;0;578;4
CLI9002;M;Si;42;Si;Artista;+20annos;Medio;4;1982;Millennials;33531;Cuenca;1,077;30;0;62;
CLI9003;M;No;23;No;Funcionario;<10annos;Bajo;4;2001;Generacion Z;14578;Barcelona;2,099;30;1;272;
CLI9004;F;Si;75;Si;Medico;+20annos;Medio;2;1949;Generacion X;27297;Almeri­a;0,915;30;0;193;
CLI9005;M;No;34;Si;Artista;10-20annos;Bajo;3;1990;Millennials;20235;Granada;1,008;30;1;224;
CLI9006;M;Si;51;No;Artista;+20annos;Bajo;3;1973;Generacion X;73408;Ceuta;0,896;30;0;364;0,5
CLI9007;M;Si;39;Si;Artista;10-20annos;Medio;2;1985;Millennials;26587;Burgos;1,445;30;1;127;
CLI9008;F;No;46;Si;Artista;+20annos;Bajo;3;1978;Generacion X;51260;Ciudad Real;0,818;30;0;149;
CLI9009;M;Si;96;No;Servicios;+20annos;Bajo;1;1928;Generacion Silenciosa;26361;Sevilla;0,603;30;1;332;0,5
CLI9010;F;No;42;Si;Artista;+20annos;Bajo;1;1982;Millennials;111226;Navarra;0,985;50;1;259;
CLI9011;F;Si;97;No;Servicios;+20annos;Alto;1;1927;Generacion Silenciosa;124834;LLeida;0,974;120;1;222;
CLI9012;F;No;46;Si;Artista;+20annos;Bajo;1;1978;Generacion X;91464;Granada;0,896;50;0;209;
CLI9013;F;Si;29;Si;Artista;<10annos;Medio;2;1995;Millennials;24373;Madrid;1,685;30;0;122;
CLI9014;M;Si;39;Si;Ejecutivo;10-20annos;Alto;3;1985;Millennials;26939;Soria;1,284;30;0;483;1
CLI9015;F;Si;45;No;Ingeniero;+20annos;Alto;2;1979;Generacion X;47729;Gerona;0,778;30;1;211;
CLI9016;M;Si;41;Si;Medico;10-20annos;Medio;2;1983;Millennials;97468;La Corui±a;1,56;50;0;189;
CLI9017;F;Si;45;Si;Ingeniero;+20annos;Medio;4;1979;Generacion X;128614;ivila;1,468;200;0;95;
CLI9018;M;No;39;;Artista;10-20annos;Bajo;5;1985;Millennials;20106;Soria;0,732;30;0;236;
CLI9019;F;No;36;Si;Negocios/empresa;10-20annos;Bajo;9;1988;Millennials;21566;Jaen;0,709;30;0;220;
CLI9020;F;Si;67;Si;Ingeniero;+20annos;Medio;4;1957;Generacion X;77939;Caceres;0,955;80;1;232;
CLI9021;F;No;21;No;Medico;<10annos;Bajo;3;2003;Generacion Z;12889;ivila;1,754;30;0;428;3
CLI9022;F;No;55;Si;Artista;+20annos;Bajo;1;1969;Generacion X;59452;Madrid;15,215;50;1;196;
CLI9023;F;Si;53;No;Ingeniero;+20annos;Medio;4;1971;Generacion X;63556;Malaga;1,717;30;0;504;4
CLI9024;M;Si;63;No;Negocios/empresa;+20annos;Medio;3;1961;Generacion X;114177;Gerona;1,189;30;0;552;4
CLI9025;F;Si;79;No;Ingeniero;+20annos;Medio;3;1945;Generacion Silenciosa;92037;Lugo;0,896;30;0;596;4
CLI9026;F;No;43;No;Ingeniero;+20annos;Bajo;1;1981;Millennials;126731;Teruel;1,56;120;0;484;3
CLI9027;F;Si;54;Si;Medico;+20annos;Bajo;3;1970;Generacion X;31840;Murcia;1,15;30;1;187;
CLI9028;F;No;45;Si;Otros;+20annos;Bajo;4;1979;Generacion X;101607;Valladolid;0,985;30;1;382;3
CLI9029;M;Si;72;No;Ejecutivo;+20annos;Alto;7;1952;Generacion X;102894;Segovia;0,915;30;0;249;
CLI9030;F;No;24;No;Negocios/empresa;<10annos;Bajo;3;2000;Generacion Z;20030;LLeida;2,651;30;0;141;
CLI9031;F;No;25;No;Funcionario;<10annos;Bajo;4;1999;Generacion Z;26113;Baleares;2,996;30;0;120;
CLI9032;F;Si;45;No;Artista;+20annos;Bajo;1;1979;Generacion X;33985;Malaga;1,514;30;0;509;4
CLI9033;F;Si;46;Si;Ingeniero;+20annos;Bajo;3;1978;Generacion X;26829;Albacete;1,326;30;0;54;
CLI9034;M;No;20;No;Funcionario;<10annos;Bajo;3;2004;Generacion Z;22968;LLeida;2,547;30;0;129;
CLI9035;M;Si;54;No;Medico;+20annos;Bajo;2;1970;Generacion X;40675;Huelva;1,697;30;0;312;0,5
CLI9036;F;Si;44;No;Medico;+20annos;Bajo;2;1980;Generacion X;56380;Sevilla;1,997;30;1;142;
CLI9037;M;Si;55;No;Ejecutivo;+20annos;Medio;5;1969;Generacion X;98840;Salamanca;1,033;30;0;257;
CLI9038;F;No;21;No;Funcionario;<10annos;Bajo;3;2003;Generacion Z;17200;Caceres;2,547;30;0;210;
CLI9039;M;No;24;No;Funcionario;<10annos;Bajo;6;2000;Generacion Z;15953;Castellon;2,754;30;0;101;
CLI9040;M;No;25;No;Servicios;<10annos;Bajo;8;1999;Generacion Z;31787;Guadalajara;2,961;30;0;543;4
CLI9041;M;No;30;Si;Artista;<10annos;Bajo;6;1994;Millennials;23551;Sevilla;1,675;30;0;187;
CLI9042;M;Si;61;No;Ejecutivo;+20annos;Alto;8;1963;Generacion X;115274;Baleares;0,72;30;0;221;
CLI9043;M;Si;35;No;Servicios;10-20annos;Medio;6;1989;Millennials;31769;Cuenca;1,468;30;1;136;
CLI9044;M;Si;63;No;Otros;+20annos;Bajo;2;1961;Generacion X;75995;Badajoz;0,583;120;1;358;0,5
CLI9045;M;Si;88;No;Servicios;+20annos;Alto;2;1936;Generacion Silenciosa;59186;Ceuta;1,17;30;1;329;0,5
CLI9046;M;Si;47;No;Ejecutivo;+20annos;Bajo;4;1977;Generacion X;122904;Almeri­a;1,17;200;1;116;
CLI9047;F;Si;87;No;Servicios;+20annos;Alto;2;1937;Generacion Silenciosa;118457;Gerona;1,306;120;0;426;3
CLI9048;M;No;28;No;Otros;<10annos;Bajo;3;1996;Millennials;20148;Vizcaya;1,547;30;1;260;
CLI9049;F;Si;64;Si;Construccion;+20annos;Medio;4;1960;Generacion X;95084;ivila;0,72;80;0;308;0,5
CLI9050;F;Si;86;Si;Servicios;+20annos;Alto;2;1938;Generacion Silenciosa;119808;Huelva;1,561;50;0;50;
CLI9051;M;Si;84;Si;Servicios;+20annos;Bajo;2;1940;Generacion Silenciosa;68218;Zaragoza;0,994;50;0;537;4
CLI9052;M;No;30;No;Funcionario;<10annos;Bajo;3;1994;Millennials;25709;Leon;0,824;30;0;258;
CLI9053;M;Si;52;Si;Artista;+20annos;Medio;3;1972;Generacion X;114021;Tarragona;1,561;80;1;234;
CLI9054;M;Si;47;Si;Artista;+20annos;Medio;2;1977;Generacion X;25351;Lugo;1,678;30;1;119;
CLI9055;M;No;34;Si;Funcionario;10-20annos;Bajo;4;1990;Millennials;23290;Ciudad Real;1,79;30;0;462;3
CLI9056;M;No;30;No;Funcionario;<10annos;Bajo;7;1994;Millennials;19863;Murcia;1,836;30;0;141;
CLI9057;M;No;34;Si;Funcionario;10-20annos;Bajo;4;1990;Millennials;22010;Cuenca;0,801;30;0;170;
CLI9058;M;Si;51;Si;Artista;+20annos;Bajo;2;1973;Generacion X;40247;Melilla;1,58;50;0;541;1
CLI9059;M;Si;53;Si;Ejecutivo;+20annos;Medio;4;1971;Generacion X;69290;Zaragoza;1,737;80;0;113;
CLI9060;M;Si;56;Si;Medico;+20annos;Bajo;2;1968;Generacion X;103696;Salamanca;1,443;50;0;288;
CLI9061;M;Si;63;No;Medico;+20annos;Medio;2;1961;Generacion X;51671;Guadalajara;1,15;30;0;447;3
CLI9062;F;No;33;Si;Medico;10-20annos;Bajo;1;1991;Millennials;27244;Valencia;1,905;30;0;485;3
CLI9063;F;No;41;Si;Negocios/empresa;10-20annos;Bajo;3;1983;Millennials;65198;Albacete;1,491;30;1;320;0,5
CLI9064;F;No;34;Si;Artista;10-20annos;Bajo;2;1990;Millennials;22835;Murcia;1,583;30;1;179;
CLI9065;M;Si;54;Si;Artista;+20annos;Medio;3;1970;Generacion X;94275;Orense;0,72;80;1;197;
CLI9066;M;Si;62;Si;Artista;+20annos;Bajo;4;1962;Generacion X;40231;Almeri­a;1,737;30;0;289;
CLI9067;M;Si;91;No;Servicios;+20annos;Alto;2;1933;Generacion Silenciosa;67352;Leon;0,564;30;0;527;4
CLI9068;M;No;35;Si;Funcionario;10-20annos;Bajo;1;1989;Millennials;26321;Melilla;1,905;30;0;326;0,5
CLI9069;M;Si;69;Si;Artista;+20annos;Medio;4;1955;Generacion X;83611;Soria;1,072;80;0;138;
CLI9070;F;Si;78;Si;Medico;+20annos;Medio;2;1946;Generacion X;88049;Soria;0,876;50;1;332;0,5
CLI9071;M;Si;55;No;Artista;+20annos;Bajo;4;1969;Generacion X;129023;Cuenca;0,896;200;1;232;
CLI9072;M;No;34;Si;Artista;10-20annos;Bajo;5;1990;Millennials;31516;Vizcaya;0,893;30;0;418;3
CLI9073;M;Si;66;No;Otros;+20annos;Medio;6;1958;Generacion X;97715;Guipiºzcoa;0,681;30;0;254;
CLI9074;F;Si;78;Si;Servicios;+20annos;Alto;2;1946;Generacion X;81841;Baleares;1,619;50;0;175;
CLI9075;M;Si;54;Si;Medico;+20annos;Medio;6;1970;Generacion X;23492;Alicante;1,443;30;0;456;3
CLI9076;M;Si;81;Si;Servicios;+20annos;Bajo;1;1943;Generacion Silenciosa;105445;Soria;1,228;50;0;220;
CLI9077;M;Si;56;Si;Artista;+20annos;Medio;6;1968;Generacion X;107580;Barcelona;1,482;30;0;343;0,5
CLI9078;M;Si;67;No;Otros;+20annos;Bajo;1;1957;Generacion X;27064;Albacete;1,072;30;0;196;
CLI9079;M;No;51;Si;Ingeniero;+20annos;Bajo;3;1973;Generacion X;27371;Madrid;1,267;30;0;48;
CLI9080;M;Si;43;No;Medico;+20annos;Medio;2;1981;Millennials;38455;Tarragona;1,767;30;1;208;
CLI9081;M;Si;94;Si;Servicios;+20annos;Alto;2;1930;Generacion Silenciosa;113827;Cadiz;1,639;50;1;214;
CLI9082;F;Si;34;Si;Artista;10-20annos;Medio;2;1990;Millennials;28921;Toledo;0,778;30;0;121;
CLI9083;M;Si;43;Si;Ejecutivo;+20annos;Alto;3;1981;Millennials;46863;Castellon;0,755;30;0;373;3
CLI9084;F;Si;53;No;Medico;+20annos;Alto;2;1971;Generacion X;39079;Leon;0,7;30;0;140;
CLI9085;M;Si;78;Si;Servicios;+20annos;Alto;2;1946;Generacion X;118341;Ceuta;0,642;50;1;285;
CLI9086;F;No;34;Si;Funcionario;10-20annos;Bajo;1;1990;Millennials;23592;Malaga;1,928;30;0;40;
CLI9087;F;No;35;Si;Funcionario;10-20annos;Bajo;5;1989;Millennials;22392;Alicante;1,537;30;1;226;
CLI9088;F;Si;61;No;Ingeniero;+20annos;Bajo;1;1963;Generacion X;108015;Caceres;11,305;120;0;374;3
CLI9089;M;Si;51;Si;Artista;+20annos;Alto;2;1973;Generacion X;127807;Las Palmas;1,033;50;0;415;3
CLI9090;M;Si;58;Si;Medico;+20annos;Medio;2;1966;Generacion X;108921;Malaga;1,033;50;0;39;
CLI9091;M;Si;55;Si;Artista;+20annos;Medio;4;1969;Generacion X;24676;Las Palmas;1,17;30;0;148;
CLI9092;M;No;50;Si;Artista;+20annos;Bajo;1;1974;Generacion X;87306;Navarra;0,74;50;0;556;4
CLI9093;M;Si;36;No;Ejecutivo;10-20annos;Medio;2;1988;Millennials;23780;Baleares;1,675;30;1;272;
CLI9094;F;Si;32;No;Ingeniero;10-20annos;Bajo;2;1992;Millennials;21929;Orense;1,698;30;0;341;0,5
CLI9095;M;No;39;Si;Artista;10-20annos;Bajo;1;1985;Millennials;21782;Baleares;1,215;30;1;238;
CLI9096;M;No;28;No;Medico;<10annos;Bajo;1;1996;Millennials;25216;Zamora;1,512;30;0;506;4
CLI9097;M;No;29;Si;Funcionario;<10annos;Bajo;3;1995;Millennials;20504;Alicante;1,788;30;1;252;
CLI9098;M;No;53;Si;Artista;+20annos;Bajo;2;1971;Generacion X;65142;Barcelona;1,541;50;0;451;1
CLI9099;M;Si;73;No;Servicios;+20annos;Alto;3;1951;Generacion X;56829;Huesca;1,541;30;1;182;
CLI9100;F;Si;42;No;Artista;+20annos;Bajo;3;1982;Millennials;42749;Baleares;0,87;30;0;137;
CLI9101;M;Si;72;Si;Otros;+20annos;Medio;3;1952;Generacion X;106395;Alicante;1,619;80;0;276;
CLI9102;M;Si;96;No;Servicios;+20annos;Bajo;1;1928;Generacion Silenciosa;31280;La Rioja;1,639;30;0;45;
CLI9103;M;No;22;No;Funcionario;<10annos;Bajo;3;2002;Generacion Z;15389;Cuenca;10,635;30;0;407;3
CLI9104;M;No;21;No;Funcionario;<10annos;Bajo;4;2003;Generacion Z;23753;Granada;2,133;30;0;97;
CLI9105;M;No;24;No;Funcionario;<10annos;Bajo;4;2000;Generacion Z;16157;Segovia;1,098;30;0;137;
CLI9106;M;No;20;No;Funcionario;<10annos;Bajo;1;2004;Generacion Z;19590;Jaen;1,305;30;0;103;
CLI9107;M;No;20;No;Negocios/empresa;<10annos;Bajo;9;2004;Generacion Z;22243;Jaen;2,823;30;0;266;
CLI9108;M;No;21;No;Funcionario;<10annos;Bajo;1;2003;Generacion Z;14754;Teruel;2,375;30;1;201;
CLI9109;M;No;21;No;Funcionario;<10annos;Bajo;3;2003;Generacion Z;22198;Albacete;1,857;30;0;252;
CLI9110;M;No;24;No;Funcionario;<10annos;Bajo;8;2000;Generacion Z;23683;Salamanca;1,961;30;0;515;4
CLI9111;M;No;34;No;Funcionario;10-20annos;Bajo;4;1990;Millennials;20981;Santa Cruz de Tenerife;0,985;30;0;525;4
CLI9112;M;Si;69;No;Artista;+20annos;Medio;2;1955;Generacion X;51932;Toledo;1,15;30;0;233;
CLI9113;M;No;47;Si;Artista;+20annos;Bajo;1;1977;Generacion X;68684;Leon;1,033;50;1;392;3
CLI9114;M;No;80;No;Ingeniero;+20annos;Bajo;1;1944;Generacion Silenciosa;77914;Pontevedra;0,818;120;0;110;
CLI9115;F;Si;43;No;Ingeniero;+20annos;Bajo;2;1981;Millennials;120116;LLeida;1,537;120;1;240;
CLI9116;M;No;34;Si;Funcionario;10-20annos;Bajo;5;1990;Millennials;22920;Guadalajara;0,824;30;0;383;3
CLI9117;M;No;34;Si;Artista;10-20annos;Bajo;5;1990;Millennials;28069;Burgos;0,962;30;0;305;0,5
CLI9118;M;Si;47;No;Artista;+20annos;Medio;4;1977;Generacion X;97040;Palencia;0,72;30;1;299;
CLI9119;M;Si;57;No;Artista;+20annos;Medio;3;1967;Generacion X;67959;Las Palmas;0,642;30;1;350;0,5
CLI9120;F;Si;69;Si;Medico;+20annos;Medio;3;1955;Generacion X;66517;Valencia;1,658;80;0;403;3
CLI9121;M;Si;56;Si;Ejecutivo;+20annos;Alto;4;1968;Generacion X;57525;Madrid;1,189;80;0;247;
CLI9122;M;Si;39;Si;Funcionario;10-20annos;Bajo;7;1985;Millennials;24482;Guipiºzcoa;1,054;30;0;119;
CLI9123;F;Si;35;No;Otros;10-20annos;Medio;2;1989;Millennials;23370;Almeri­a;0,824;30;1;387;3
CLI9124;F;Si;43;Si;Construccion;+20annos;Alto;4;1981;Millennials;56972;Zamora;1,491;30;1;332;0,5
CLI9125;F;No;28;No;Funcionario;<10annos;Bajo;6;1996;Millennials;19378;Teruel;1,719;30;0;538;4
CLI9126;M;No;22;No;Funcionario;<10annos;Bajo;5;2002;Generacion Z;18695;Melilla;12,705;30;0;246;
CLI9127;F;No;36;No;Construccion;10-20annos;Bajo;1;1988;Millennials;24775;Granada;0,985;30;1;247;
CLI9128;M;Si;40;No;Ejecutivo;10-20annos;Medio;5;1984;Millennials;25691;Murcia;1,1;30;1;395;3
CLI9129;F;Si;39;Si;Medico;10-20annos;Bajo;2;1985;Millennials;31296;Albacete;1,031;30;0;457;3
CLI9130;F;Si;46;Si;Artista;+20annos;Medio;2;1978;Generacion X;32604;Huelva;0,857;30;1;199;
CLI9131;F;Si;57;Si;Artista;+20annos;Medio;5;1967;Generacion X;97339;Jaen;0,564;30;0;600;4
CLI9132;F;Si;46;Si;Ingeniero;+20annos;Bajo;2;1978;Generacion X;45778;Vizcaya;0,661;50;0;301;0,5
CLI9133;F;Si;63;No;Construccion;+20annos;Alto;2;1961;Generacion X;89566;Guipiºzcoa;1,541;120;0;93;
CLI9134;F;No;33;Si;Otros;10-20annos;Bajo;3;1991;Millennials;18900;Burgos;1,974;30;0;313;0,5
CLI9135;F;Si;80;Si;Servicios;+20annos;Alto;2;1944;Generacion Silenciosa;34620;La Rioja;0,7;30;1;241;
CLI9136;M;Si;73;Si;Ingeniero;+20annos;Alto;2;1951;Generacion X;104550;Melilla;1,248;50;1;324;0,5
CLI9137;F;Si;68;Si;Artista;+20annos;Medio;5;1956;Generacion X;126797;Vizcaya;0,759;200;0;441;3
CLI9138;F;Si;40;Si;Artista;10-20annos;Bajo;1;1984;Millennials;38084;Huelva;1,33;50;0;533;1
CLI9139;M;No;36;No;Ingeniero;10-20annos;Bajo;3;1988;Millennials;29644;Melilla;1,698;30;0;325;0,5
CLI9140;M;No;31;No;Funcionario;<10annos;Bajo;8;1993;Millennials;27292;Malaga;0,939;30;0;184;
CLI9141;F;Si;53;Si;Artista;+20annos;Medio;2;1971;Generacion X;60362;Lugo;1,678;50;1;163;
CLI9142;F;Si;58;Si;Artista;+20annos;Medio;2;1966;Generacion X;116863;ivila;1,267;50;0;267;
CLI9143;F;Si;30;No;Medico;<10annos;Bajo;1;1994;Millennials;23682;Alicante;0,801;30;0;306;0,5
CLI9144;F;Si;78;No;Negocios/empresa;+20annos;Alto;2;1946;Generacion X;84798;La Corui±a;1,697;120;1;195;
CLI9145;M;Si;39;Si;Artista;10-20annos;Medio;2;1985;Millennials;20971;Vizcaya;1,307;30;1;190;
CLI9146;F;No;45;Si;Artista;+20annos;Bajo;1;1979;Generacion X;57177;Toledo;0,755;50;0;330;0,5
CLI9147;F;Si;43;No;Otros;+20annos;Bajo;4;1981;Millennials;106701;Madrid;1,675;30;0;324;0,5
CLI9148;F;Si;87;No;Servicios;+20annos;Alto;2;1937;Generacion Silenciosa;53634;Tarragona;0,74;30;0;375;3
CLI9149;F;No;32;No;Ingeniero;10-20annos;Bajo;8;1992;Millennials;20033;Caceres;1,399;30;0;238;
CLI9150;F;No;36;Si;Artista;10-20annos;Bajo;7;1988;Millennials;21632;Santa Cruz de Tenerife;1,422;30;0;378;1
CLI9151;F;No;34;No;Funcionario;10-20annos;Bajo;1;1990;Millennials;30509;Orense;1,56;30;0;61;
CLI9152;M;Si;28;No;Ingeniero;<10annos;Medio;3;1996;Millennials;22296;Navarra;2,34;30;0;102;
CLI9153;F;;47;No;Ingeniero;+20annos;Medio;3;1977;Generacion X;35634;Baleares;1,306;30;0;102;
CLI9154;F;Si;57;No;Medico;+20annos;Bajo;1;1967;Generacion X;29586;Navarra;1,189;30;0;151;
CLI9155;M;Si;45;No;Ejecutivo;+20annos;Alto;7;1979;Generacion X;30404;Castellon;1,146;30;0;565;4
CLI9156;F;Si;30;No;Medico;<10annos;Alto;6;1994;Millennials;28891;Cuenca;1,422;30;0;324;0,5
CLI9157;F;Si;43;No;Ingeniero;+20annos;Medio;5;1981;Millennials;21743;Ceuta;0,663;30;1;298;
CLI9158;M;No;35;No;Medico;10-20annos;Bajo;7;1989;Millennials;20287;Almeri­a;0,686;30;1;233;
CLI9159;M;No;21;No;Funcionario;<10annos;Bajo;5;2003;Generacion Z;20024;Alicante;2,478;30;1;260;
CLI9160;M;;64;No;Servicios;+20annos;Alto;1;1960;Generacion X;117530;ivila;0,661;120;0;501;4
CLI9161;M;No;33;Si;Artista;10-20annos;Bajo;3;1991;Millennials;19331;Leon;1,905;30;0;534;4
CLI9162;F;No;34;Si;Ingeniero;10-20annos;Bajo;6;1990;Millennials;24775;La Corui±a;1,882;30;0;308;0,5
CLI9163;F;Si;47;No;Ingeniero;+20annos;Medio;4;1977;Generacion X;88490;Zaragoza;0,622;30;0;585;4
CLI9164;F;Si;69;No;Negocios/empresa;+20annos;Medio;6;1955;Generacion X;47005;Alicante;1,365;30;0;403;3
CLI9165;F;Si;41;Si;Ingeniero;10-20annos;Medio;3;1983;Millennials;111725;Vizcaya;0,939;30;0;136;
CLI9166;M;Si;41;No;Artista;10-20annos;Medio;6;1983;Millennials;50973;Cadiz;1,031;30;0;256;
CLI9167;F;Si;34;Si;Construccion;10-20annos;Medio;2;1990;Millennials;29155;Vizcaya;0,801;30;0;227;
CLI9168;F;No;42;Si;Artista;+20annos;Bajo;1;1982;Millennials;26712;Salamanca;0,686;30;1;320;0,5
CLI9169;F;Si;45;Si;Otros;+20annos;Alto;6;1979;Generacion X;79828;Gerona;1,1;30;0;34;
CLI9170;F;Si;50;Si;Artista;+20annos;Medio;3;1974;Generacion X;122162;Gerona;1,658;80;0;314;0,5
CLI9171;M;Si;39;Si;Medico;10-20annos;Medio;4;1985;Millennials;26986;Las Palmas;1,744;30;0;597;4
CLI9172;F;Si;47;No;Ingeniero;+20annos;Bajo;5;1977;Generacion X;126859;Malaga;1,209;200;0;477;3
CLI9173;F;No;36;No;Funcionario;10-20annos;Bajo;3;1988;Millennials;26888;Leon;1,491;30;0;268;
CLI9174;M;No;29;No;Construccion;<10annos;Bajo;3;1995;Millennials;24011;La Rioja;2,306;30;1;357;0,5
CLI9175;F;Si;43;No;Artista;+20annos;Medio;2;1981;Millennials;95621;Ceuta;1,836;120;0;330;0,5
CLI9176;M;Si;54;No;Artista;+20annos;Alto;2;1970;Generacion X;125271;Baleares;0,642;120;0;583;4
CLI9177;M;;52;No;Servicios;+20annos;Medio;2;1972;Generacion X;71331;Toledo;1,052;30;0;531;4
CLI9178;M;Si;58;No;Otros;+20annos;Medio;4;1966;Generacion X;70567;Palencia;1,267;30;1;182;
CLI9179;M;Si;57;Si;Ejecutivo;+20annos;Alto;5;1967;Generacion X;32940;Almeri­a;1,482;30;0;338;0,5
CLI9180;F;Si;73;No;Servicios;+20annos;Medio;2;1951;Generacion X;74780;Cuenca;1,443;30;1;261;
CLI9181;M;No;29;No;Otros;<10annos;Bajo;2;1995;Millennials;25383;Caceres;10,635;30;1;281;
CLI9182;M;Si;42;Si;Negocios/empresa;+20annos;Bajo;5;1982;Millennials;51014;Cuenca;1,192;30;0;555;4
CLI9183;F;No;28;No;Construccion;<10annos;Bajo;4;1996;Millennials;26760;Guadalajara;1,961;30;0;193;
CLI9184;F;Si;58;No;Artista;+20annos;Medio;2;1966;Generacion X;27127;Navarra;1,678;30;0;505;4
CLI9185;F;Si;96;No;Servicios;+20annos;Alto;2;1928;Generacion Silenciosa;127973;Granada;1,639;120;1;279;
CLI9186;M;No;31;No;Funcionario;<10annos;Bajo;2;1993;Millennials;20966;Las Palmas;1,813;30;0;240;
CLI9187;F;Si;41;Si;Artista;10-20annos;Alto;3;1983;Millennials;102839;ilava;0,985;30;0;514;4
CLI9188;F;Si;46;Si;Artista;+20annos;Bajo;1;1978;Generacion X;126939;Malaga;1,756;50;0;600;1
CLI9189;F;Si;28;No;Artista;<10annos;Medio;2;1996;Millennials;28074;Sevilla;2,892;30;1;276;
CLI9190;F;Si;36;No;Ingeniero;10-20annos;Bajo;3;1988;Millennials;18947;Lugo;0,801;30;0;289;
CLI9191;F;No;36;Si;Funcionario;10-20annos;Bajo;3;1988;Millennials;20695;Cuenca;1,928;30;1;202;
CLI9192;M;Si;51;Si;Artista;+20annos;Bajo;2;1973;Generacion X;82990;Lugo;1,697;50;0;484;1
CLI9193;M;No;36;No;Funcionario;10-20annos;Bajo;4;1988;Millennials;29682;La Corui±a;1,537;30;0;194;
CLI9194;M;No;29;No;Otros;<10annos;Bajo;3;1995;Millennials;24391;Segovia;12,705;30;0;450;3
CLI9195;M;No;35;No;Medico;10-20annos;Bajo;4;1989;Millennials;28105;Burgos;1,33;30;0;178;
CLI9196;F;No;28;No;Funcionario;<10annos;Bajo;1;1996;Millennials;24910;Lugo;1,857;30;1;170;
CLI9197;F;No;20;No;Funcionario;<10annos;Bajo;1;2004;Generacion Z;19042;Las Palmas;2,651;30;1;178;
CLI9198;F;No;24;No;Ingeniero;<10annos;Bajo;4;2000;Generacion Z;15631;Cuenca;1,823;30;1;214;
CLI9199;M;No;21;No;Funcionario;<10annos;Bajo;4;2003;Generacion Z;18469;Malaga;1,995;30;1;252;
CLI9200;M;Si;51;Si;Artista;+20annos;Alto;4;1973;Generacion X;88103;Ciudad Real;0,759;80;1;169;
CLI9201;M;No;21;No;Funcionario;<10annos;Bajo;4;2003;Generacion Z;13780;Madrid;2,961;30;0;30;
CLI9202;M;Si;50;Si;Artista;+20annos;Medio;3;1974;Generacion X;21586;LLeida;1,072;30;0;133;
CLI9203;F;Si;57;Si;Ingeniero;+20annos;Medio;3;1967;Generacion X;108184;Vizcaya;1,463;80;1;397;3
CLI9204;F;Si;46;Si;Ingeniero;+20annos;Medio;5;1978;Generacion X;74934;Badajoz;1,717;30;0;376;3
CLI9205;M;Si;52;No;Otros;+20annos;Medio;3;1972;Generacion X;118296;Vizcaya;0,974;30;0;519;4
CLI9206;M;Si;50;No;Construccion;+20annos;Medio;4;1974;Generacion X;58684;Ciudad Real;1,619;30;0;357;0,5
CLI9207;M;No;35;No;Funcionario;10-20annos;Bajo;1;1989;Millennials;31243;Zaragoza;0,686;30;0;30;
CLI9208;M;Si;45;No;Ejecutivo;+20annos;Alto;3;1979;Generacion X;57221;Ceuta;0,663;30;0;377;3
CLI9209;F;No;31;Si;Construccion;<10annos;Bajo;1;1993;Millennials;24950;Teruel;1,422;30;0;264;
CLI9210;M;Si;41;No;Ejecutivo;10-20annos;Alto;4;1983;Millennials;81306;Guadalajara;1,353;30;0;432;3
CLI9211;F;Si;22;No;Ingeniero;<10annos;Medio;2;2002;Generacion Z;22497;Salamanca;1,305;30;0;419;3
CLI9212;F;Si;80;Si;Servicios;+20annos;Bajo;1;1944;Generacion Silenciosa;49132;Pontevedra;1,248;50;0;151;
CLI9213;M;Si;56;Si;Artista;+20annos;Medio;3;1968;Generacion X;117452;ivila;1,111;80;1;120;
CLI9214;M;Si;20;Si;Ingeniero;<10annos;Medio;4;2004;Generacion Z;13512;Alicante;1,892;30;1;183;
CLI9215;M;Si;46;No;Ingeniero;+20annos;Medio;3;1978;Generacion X;111045;Valladolid;1,033;30;0;103;
CLI9216;M;No;22;No;Funcionario;<10annos;Bajo;3;2002;Generacion Z;19040;Navarra;1,685;30;0;450;3
CLI9217;F;No;25;No;Medico;<10annos;Bajo;3;1999;Generacion Z;22163;Orense;2,892;30;1;116;
CLI9218;M;Si;34;Si;Construccion;10-20annos;Bajo;2;1990;Millennials;26524;Badajoz;2,043;30;0;357;0,5
CLI9219;F;Si;36;Si;Construccion;10-20annos;Bajo;3;1988;Millennials;24426;Baleares;1,238;30;0;586;1
CLI9220;M;No;23;No;Funcionario;<10annos;Bajo;6;2001;Generacion Z;21371;Alicante;2,237;30;0;190;
CLI9221;M;Si;56;Si;Medico;+20annos;Medio;7;1968;Generacion X;31062;La Corui±a;1,58;30;0;163;
CLI9222;M;Si;52;Si;Artista;+20annos;Medio;4;1972;Generacion X;37439;Melilla;1,267;30;1;314;0,5
CLI9223;M;No;22;No;Funcionario;<10annos;Bajo;4;2002;Generacion Z;16209;Huesca;1,547;30;0;515;4
CLI9224;M;No;23;No;Funcionario;<10annos;Bajo;2;2001;Generacion Z;19228;Valencia;1,823;30;0;107;
CLI9225;M;No;24;No;Funcionario;<10annos;Bajo;3;2000;Generacion Z;16752;Ciudad Real;2,858;30;0;408;3
CLI9226;F;No;35;Si;Ingeniero;10-20annos;Bajo;4;1989;Millennials;23760;Cordoba;1,905;30;0;358;0,5
CLI9227;F;No;33;Si;Funcionario;10-20annos;Bajo;1;1991;Millennials;22134;Guipiºzcoa;2,043;30;0;406;3
CLI9228;M;Si;67;Si;Medico;+20annos;Bajo;1;1957;Generacion X;120258;Cuenca;1,267;50;1;227;
CLI9229;M;Si;47;No;Otros;+20annos;Medio;4;1977;Generacion X;74128;Badajoz;1,248;30;0;462;3
CLI9230;M;No;28;Si;Medico;<10annos;Bajo;1;1996;Millennials;30976;Valencia;2,582;30;0;294;
CLI9231;M;Si;51;No;Otros;+20annos;Medio;3;1973;Generacion X;47868;Cordoba;1,541;30;0;388;3
CLI9232;F;Si;58;No;Ingeniero;+20annos;Bajo;2;1966;Generacion X;43363;Huesca;1,443;30;0;384;3
CLI9233;M;Si;61;Si;Medico;+20annos;Alto;2;1963;Generacion X;37815;Las Palmas;0,915;50;0;137;
CLI9234;F;Si;46;No;Ingeniero;+20annos;Bajo;3;1978;Generacion X;53738;La Rioja;0,818;30;0;569;4
CLI9235;F;No;29;Si;Negocios/empresa;<10annos;Bajo;1;1995;Millennials;18941;Albacete;10,635;30;0;244;
CLI9236;M;No;32;No;Funcionario;10-20annos;Bajo;3;1992;Millennials;25739;Caceres;0,985;30;0;387;3
CLI9237;M;Si;43;Si;Artista;+20annos;Medio;4;1981;Millennials;72353;Pontevedra;0,985;30;1;355;0,5
CLI9238;M;Si;42;Si;Artista;+20annos;Medio;3;1982;Millennials;78075;Jaen;1,1;30;0;99;
CLI9239;M;Si;76;Si;Otros;+20annos;Medio;2;1948;Generacion X;114013;Alicante;1,346;50;0;383;3
CLI9240;F;No;28;No;Artista;<10annos;Bajo;3;1996;Millennials;25028;Baleares;2,237;30;0;540;4
CLI9241;F;No;29;Si;Artista;<10annos;Bajo;4;1995;Millennials;28011;Cordoba;13,395;30;0;584;4
CLI9242;M;Si;56;No;Ejecutivo;+20annos;Alto;5;1968;Generacion X;105928;Granada;1,267;30;1;114;
CLI9243;M;Si;33;No;Construccion;10-20annos;Medio;2;1991;Millennials;27629;Zamora;1,974;30;1;345;0,5
CLI9244;F;Si;31;No;Construccion;<10annos;Medio;2;1993;Millennials;25046;Palencia;0,663;30;1;230;
CLI9245;F;No;36;No;Construccion;10-20annos;Bajo;2;1988;Millennials;29935;Barcelona;1,238;30;0;356;0,5
CLI9246;F;No;45;Si;Ingeniero;+20annos;Bajo;1;1979;Generacion X;60587;Alicante;1,445;50;1;380;3
CLI9247;M;No;78;No;Servicios;+20annos;Bajo;2;1946;Generacion X;69803;Castellon;1,091;30;0;218;
CLI9248;M;Si;46;Si;Ejecutivo;+20annos;Alto;3;1978;Generacion X;111906;Burgos;0,857;80;0;423;3
CLI9249;M;Si;78;Si;Servicios;+20annos;Bajo;1;1946;Generacion X;25892;Cordoba;1,737;30;0;249;
CLI9250;M;Si;39;No;Artista;10-20annos;Medio;5;1985;Millennials;21494;Las Palmas;1,629;30;0;366;3
CLI9251;M;No;31;No;Negocios/empresa;<10annos;Bajo;5;1993;Millennials;20587;Cadiz;1,974;30;0;476;3
CLI9252;M;Si;34;Si;Artista;10-20annos;Medio;2;1990;Millennials;19400;LLeida;1,261;30;0;585;4
CLI9253;M;Si;47;Si;Artista;+20annos;Medio;3;1977;Generacion X;62836;La Rioja;0,857;80;0;174;
CLI9254;F;Si;85;No;Servicios;+20annos;Alto;2;1939;Generacion Silenciosa;93281;Zamora;0,955;120;1;348;0,5
CLI9255;F;Si;78;Si;Ingeniero;+20annos;Bajo;1;1946;Generacion X;63289;Vizcaya;1,443;50;0;222;
CLI9256;F;Si;52;Si;Ingeniero;+20annos;Medio;2;1972;Generacion X;82592;Murcia;1,385;50;0;380;3
CLI9257;F;No;29;No;Construccion;<10annos;Bajo;1;1995;Millennials;31520;Huesca;2,754;30;1;187;
CLI9258;M;Si;44;No;Medico;+20annos;Medio;4;1980;Generacion X;33330;Salamanca;1,422;30;1;248;
CLI9259;F;Si;79;Si;Servicios;+20annos;Alto;2;1945;Generacion Silenciosa;58031;Ceuta;1,306;50;0;347;0,5
CLI9260;F;Si;80;Si;Artista;+20annos;Alto;2;1944;Generacion Silenciosa;75766;Granada;1,385;50;1;216;
CLI9261;M;No;29;Si;Funcionario;<10annos;Bajo;6;1995;Millennials;26833;Las Palmas;1,167;30;0;551;4
CLI9262;F;Si;63;Si;Ingeniero;+20annos;Alto;3;1961;Generacion X;65166;Badajoz;1,6;80;0;338;0,5
CLI9263;M;Si;33;No;Artista;10-20annos;Medio;3;1991;Millennials;21739;Salamanca;1,261;30;1;245;
CLI9264;F;Si;40;No;Artista;10-20annos;Medio;3;1984;Millennials;84875;ivila;1,79;30;0;470;3
CLI9265;M;Si;57;No;Otros;+20annos;Medio;4;1967;Generacion X;126601;Ciudad Real;1,385;200;0;585;4
CLI9266;M;Si;46;Si;Artista;+20annos;Medio;2;1978;Generacion X;127741;La Corui±a;0,642;50;0;233;
CLI9267;M;Si;57;No;Ingeniero;+20annos;Bajo;1;1967;Generacion X;112126;Toledo;0,915;120;1;123;
CLI9268;M;Si;31;Si;Artista;<10annos;Medio;3;1993;Millennials;25647;Gerona;0,916;30;0;567;4
CLI9269;F;Si;47;No;Construccion;+20annos;Bajo;1;1977;Generacion X;98696;Guadalajara;1,346;120;0;346;0,5
CLI9270;M;No;47;Si;Artista;+20annos;Bajo;1;1977;Generacion X;92815;Jaen;1,482;50;0;575;1
CLI9271;M;No;28;No;Medico;<10annos;Bajo;4;1996;Millennials;24987;ilava;2,133;30;0;233;
CLI9272;M;Si;57;Si;Ejecutivo;+20annos;Alto;3;1967;Generacion X;40041;Cadiz;1,756;30;1;243;
CLI9273;F;No;31;Si;Construccion;<10annos;Bajo;1;1993;Millennials;31006;Leon;1,192;30;0;84;
CLI9274;M;Si;62;Si;Otros;+20annos;Medio;4;1962;Generacion X;102865;Albacete;0,72;80;0;523;4
CLI9275;M;Si;42;No;Ejecutivo;+20annos;Alto;7;1982;Millennials;69169;Malaga;1,767;30;0;57;
CLI9276;M;Si;91;No;Servicios;+20annos;Alto;2;1933;Generacion Silenciosa;113954;Soria;1,678;120;1;310;0,5
CLI9277;M;Si;90;Si;Servicios;+20annos;Alto;2;1934;Generacion Silenciosa;54252;Burgos;1,267;50;1;356;0,5
CLI9278;M;Si;35;Si;Construccion;10-20annos;Bajo;1;1989;Millennials;22020;Orense;1,008;30;0;470;3
CLI9279;F;No;39;Si;Construccion;10-20annos;Bajo;1;1985;Millennials;25673;Gerona;0,824;30;0;442;3
CLI9280;M;Si;44;Si;Negocios/empresa;+20annos;Bajo;2;1980;Generacion X;52903;Palencia;1,813;50;1;382;3
CLI9281;F;No;28;Si;Construccion;<10annos;Bajo;1;1996;Millennials;30462;Castellon;2,168;30;1;136;
CLI9282;F;Si;43;Si;Artista;+20annos;Medio;3;1981;Millennials;76980;Cadiz;1,008;30;0;477;3
CLI9283;M;No;28;Si;Artista;<10annos;Bajo;1;1996;Millennials;22689;Guipiºzcoa;1,788;30;0;509;4
CLI9284;M;Si;57;Si;Artista;+20annos;Bajo;4;1967;Generacion X;108130;Baleares;1,658;80;0;486;1
CLI9285;M;No;36;No;Artista;10-20annos;Bajo;4;1988;Millennials;19749;Orense;1,606;30;0;47;
CLI9286;M;No;31;Si;Artista;<10annos;Bajo;3;1993;Millennials;24882;Gerona;0,709;30;0;66;
CLI9287;F;No;47;Si;Artista;+20annos;Bajo;1;1977;Generacion X;98102;Burgos;1,111;50;0;564;4
CLI9288;M;No;33;Si;Artista;10-20annos;Bajo;1;1991;Millennials;18319;Lugo;0,985;30;0;372;3
CLI9289;F;Si;92;Si;Servicios;+20annos;Alto;2;1932;Generacion Silenciosa;115318;Alicante;0,759;50;0;421;3
CLI9290;M;Si;53;Si;Ejecutivo;+20annos;Alto;4;1971;Generacion X;102266;Almeri­a;1,15;80;0;77;
CLI9291;F;Si;61;No;Ingeniero;+20annos;Medio;2;1963;Generacion X;88349;Barcelona;1,287;120;0;302;0,5
CLI9292;F;Si;41;Si;Construccion;10-20annos;Bajo;1;1983;Millennials;49002;Barcelona;1,238;50;0;389;1
CLI9293;M;Si;42;Si;Ingeniero;+20annos;Medio;3;1982;Millennials;104042;Baleares;1,146;30;0;46;
CLI9294;F;No;31;Si;Medico;<10annos;Bajo;3;1993;Millennials;25559;La Corui±a;1,307;30;0;149;
CLI9295;M;Si;95;Si;Servicios;+20annos;Bajo;1;1929;Generacion Silenciosa;64545;ilava;0,564;50;0;126;
CLI9296;F;No;39;No;Construccion;10-20annos;Bajo;1;1985;Millennials;19227;Lugo;0,985;30;0;367;3
CLI9297;M;No;39;No;Otros;10-20annos;Bajo;2;1985;Millennials;29347;Gerona;1,491;30;0;455;3
CLI9298;F;Si;51;No;Servicios;+20annos;Bajo;1;1973;Generacion X;37908;Vizcaya;1,482;30;0;439;3
CLI9299;F;Si;87;Si;Servicios;+20annos;Bajo;1;1937;Generacion Silenciosa;45931;Melilla;0,583;50;1;381;3
CLI9300;M;Si;69;Si;Servicios;+20annos;Alto;2;1955;Generacion X;129028;Santa Cruz de Tenerife;0,779;50;0;163;
CLI9301;F;Si;55;Si;Medico;+20annos;Alto;3;1969;Generacion X;82216;Alicante;0,994;80;1;332;0,5
CLI9302;F;No;39;Si;Otros;10-20annos;Bajo;1;1985;Millennials;29451;Almeri­a;1,514;30;0;176;
CLI9303;M;Si;72;No;Medico;+20annos;Bajo;1;1952;Generacion X;66482;Leon;0,818;30;0;238;
CLI9304;M;Si;55;No;Artista;+20annos;Medio;4;1969;Generacion X;65095;Albacete;0,935;30;1;343;0,5
CLI9305;F;No;30;No;Construccion;<10annos;Bajo;1;1994;Millennials;28922;Gerona;1,146;30;1;369;3
CLI9306;M;Si;50;Si;Ejecutivo;+20annos;Alto;3;1974;Generacion X;64191;Lugo;1,072;80;1;285;
CLI9307;F;No;40;Si;Construccion;10-20annos;Bajo;4;1984;Millennials;67183;Baleares;1,652;30;0;282;
CLI9308;M;Si;47;No;Otros;+20annos;Medio;2;1977;Generacion X;52455;La Corui±a;0,818;30;0;281;
CLI9309;M;Si;68;Si;Negocios/empresa;+20annos;Alto;5;1956;Generacion X;62258;Zamora;1,306;30;0;492;1
CLI9310;M;Si;63;Si;Artista;+20annos;Medio;2;1961;Generacion X;41534;Santa Cruz de Tenerife;1,541;50;0;375;3
CLI9311;M;No;56;No;Negocios/empresa;+20annos;Bajo;1;1968;Generacion X;28537;Baleares;1,091;30;1;368;3
CLI9312;M;Si;65;Si;Artista;+20annos;Bajo;1;1959;Generacion X;24665;Navarra;15,215;30;0;402;1
CLI9313;F;Si;30;No;Artista;<10annos;Bajo;4;1994;Millennials;26102;Navarra;1,859;30;0;128;
CLI9314;F;Si;91;No;Servicios;+20annos;Alto;2;1933;Generacion Silenciosa;46673;Guadalajara;1,639;30;0;596;4
CLI9315;M;Si;55;Si;Otros;+20annos;Bajo;3;1969;Generacion X;129899;Albacete;1,365;80;0;524;1
CLI9316;M;Si;83;Si;Ejecutivo;+20annos;Alto;3;1941;Generacion Silenciosa;72677;Ciudad Real;1,306;80;1;164;
CLI9317;M;No;31;No;Ejecutivo;<10annos;Bajo;2;1993;Millennials;23256;Orense;1,192;30;0;532;4
CLI9318;M;Si;43;Si;Artista;+20annos;Medio;2;1981;Millennials;109112;Valencia;0,732;50;1;168;
CLI9319;F;Si;76;Si;Medico;+20annos;Medio;2;1948;Generacion X;126882;Jaen;1,463;50;0;232;
CLI9320;F;No;45;Si;Artista;+20annos;Bajo;1;1979;Generacion X;102465;Madrid;0,939;50;1;297;
CLI9321;F;;31;Si;Funcionario;<10annos;Bajo;5;1993;Millennials;26132;Segovia;1,514;30;0;549;4
CLI9322;F;Si;43;No;Otros;+20annos;Alto;3;1981;Millennials;40958;Albacete;1,744;30;0;320;0,5
CLI9323;M;No;52;Si;Artista;+20annos;Bajo;1;1972;Generacion X;59256;Malaga;1,189;50;0;588;4
CLI9324;F;Si;68;Si;Ingeniero;+20annos;Bajo;1;1956;Generacion X;78741;Guadalajara;1,541;50;1;110;
CLI9325;F;;45;No;Ingeniero;+20annos;Bajo;4;1979;Generacion X;103447;Las Palmas;1,675;30;0;298;
CLI9326;M;Si;54;Si;Medico;+20annos;Medio;3;1970;Generacion X;122185;Pontevedra;1,365;80;1;180;
CLI9327;F;Si;57;Si;Artista;+20annos;Bajo;2;1967;Generacion X;73034;Teruel;0,798;50;0;471;3
CLI9328;F;Si;53;No;Otros;+20annos;Medio;1;1971;Generacion X;119208;Guadalajara;1,756;120;0;264;
CLI9329;F;No;29;Si;Funcionario;<10annos;Bajo;2;1995;Millennials;21109;Cordoba;12,015;30;1;130;
CLI9330;F;Si;79;Si;Ingeniero;+20annos;Bajo;1;1945;Generacion Silenciosa;117896;Navarra;0,564;50;1;377;3
CLI9331;F;Si;52;Si;Artista;+20annos;Bajo;3;1972;Generacion X;119400;Orense;1,365;80;0;583;1
CLI9332;F;No;21;No;Funcionario;<10annos;Bajo;2;2003;Generacion Z;12877;ivila;2,582;30;0;182;
CLI9333;F;No;23;No;Funcionario;<10annos;Bajo;3;2001;Generacion Z;14283;Huesca;2,375;30;0;532;4
CLI9334;M;No;43;No;Otros;+20annos;Bajo;1;1981;Millennials;93668;Castellon;0,916;120;0;103;
CLI9335;F;No;57;Si;Artista;+20annos;Bajo;1;1967;Generacion X;65890;Albacete;0,935;50;0;483;3
CLI9336;M;Si;41;No;Otros;10-20annos;Medio;3;1983;Millennials;127888;Murcia;0,755;200;0;118;
CLI9337;M;Si;56;No;Otros;+20annos;Bajo;2;1968;Generacion X;100283;Huesca;1,658;120;0;394;3
CLI9338;M;Si;53;No;Ingeniero;+20annos;Medio;3;1971;Generacion X;69758;LLeida;0,661;30;0;121;
CLI9339;M;No;24;No;Funcionario;<10annos;Bajo;3;2000;Generacion Z;18561;Cordoba;2,168;30;0;140;
CLI9340;M;Si;52;Si;Ejecutivo;+20annos;Alto;4;1972;Generacion X;128547;Madrid;1,561;80;0;551;1
CLI9341;F;Si;50;No;Ingeniero;+20annos;Medio;3;1974;Generacion X;59542;Jaen;0,759;30;1;176;
CLI9342;F;No;32;No;Ingeniero;10-20annos;Bajo;2;1992;Millennials;27555;Huelva;1,56;30;0;597;4
CLI9343;F;Si;52;No;Medico;+20annos;Bajo;1;1972;Generacion X;109346;ivila;1,111;120;0;279;
CLI9344;M;Si;45;Si;Otros;+20annos;Medio;2;1979;Generacion X;109659;Almeri­a;0,985;50;0;253;
CLI9345;F;Si;35;No;Construccion;10-20annos;Medio;4;1989;Millennials;21882;Guadalajara;1,054;30;0;307;0,5
CLI9346;M;Si;34;No;Negocios/empresa;10-20annos;Bajo;3;1990;Millennials;28835;Guadalajara;1,928;30;1;205;
CLI9347;M;No;22;No;Negocios/empresa;<10annos;Bajo;3;2002;Generacion Z;15731;Caceres;2,582;30;0;386;3
CLI9348;F;Si;51;Si;Artista;+20annos;Medio;3;1973;Generacion X;57325;Cordoba;1,697;80;0;159;
CLI9349;M;Si;77;Si;Servicios;+20annos;Bajo;1;1947;Generacion X;55928;LLeida;0,642;50;0;521;4
CLI9350;M;Si;72;Si;Artista;+20annos;Medio;3;1952;Generacion X;111963;Orense;0,857;80;0;91;
CLI9351;F;Si;75;;Artista;+20annos;Medio;2;1949;Generacion X;25663;Ciudad Real;0,779;30;1;162;
CLI9352;M;Si;32;No;Construccion;10-20annos;Bajo;1;1992;Millennials;22500;Orense;1,054;30;1;241;
CLI9353;M;Si;45;Si;Otros;+20annos;Medio;2;1979;Generacion X;25082;Ciudad Real;1,767;30;0;573;4
CLI9354;M;Si;55;No;Ejecutivo;+20annos;Bajo;5;1969;Generacion X;58566;Salamanca;0,779;30;1;265;
CLI9355;M;Si;42;Si;Otros;+20annos;Medio;2;1982;Millennials;31731;Toledo;2,066;30;0;163;
CLI9356;M;Si;41;No;Ejecutivo;10-20annos;Medio;2;1983;Millennials;116499;Lugo;0,916;120;0;230;
CLI9357;F;Si;33;No;Ingeniero;10-20annos;Bajo;2;1991;Millennials;25345;Guadalajara;1,836;30;1;303;0,5
CLI9358;F;Si;69;Si;Ingeniero;+20annos;Bajo;1;1955;Generacion X;108803;Toledo;1,619;50;0;374;1
CLI9359;M;Si;46;Si;Artista;+20annos;Medio;2;1978;Generacion X;102575;Barcelona;0,935;50;0;394;3
CLI9360;M;Si;45;No;Ejecutivo;+20annos;Alto;3;1979;Generacion X;86279;Navarra;1,629;30;0;575;4
CLI9361;F;Si;66;Si;Ingeniero;+20annos;Alto;4;1958;Generacion X;67060;Malaga;0,603;80;1;268;
CLI9362;M;Si;51;Si;Ingeniero;+20annos;Bajo;2;1973;Generacion X;62214;LLeida;1,404;50;1;316;0,5
CLI9363;F;Si;91;No;Servicios;+20annos;Alto;2;1933;Generacion Silenciosa;42243;Leon;1,248;30;1;193;
CLI9364;M;Si;30;Si;Funcionario;<10annos;Bajo;2;1994;Millennials;20208;Toledo;1,974;30;1;332;0,5
CLI9365;F;No;24;No;Funcionario;<10annos;Bajo;4;2000;Generacion Z;16148;Castellon;1,65;30;0;38;
CLI9366;M;No;22;No;Funcionario;<10annos;Bajo;4;2002;Generacion Z;22851;Leon;1,581;30;1;204;
CLI9367;F;Si;44;Si;Ingeniero;+20annos;Bajo;2;1980;Generacion X;61493;Gerona;0,939;50;0;68;
CLI9368;F;No;31;Si;Medico;<10annos;Bajo;6;1993;Millennials;21661;Castellon;1,169;30;1;242;
CLI9369;M;No;31;Si;Medico;<10annos;Bajo;1;1993;Millennials;26940;La Corui±a;1,376;30;1;267;
CLI9370;M;Si;31;No;Otros;<10annos;Bajo;2;1993;Millennials;19283;Valencia;0,962;30;0;448;3
CLI9371;F;No;22;No;Funcionario;<10annos;Bajo;4;2002;Generacion Z;12788;Zamora;1,374;30;0;541;4
CLI9372;F;Si;58;No;Ingeniero;+20annos;Medio;6;1966;Generacion X;98049;Toledo;1,443;30;0;310;0,5
CLI9373;F;Si;39;Si;Medico;10-20annos;Bajo;2;1985;Millennials;22563;ivila;1,905;30;0;571;1
CLI9374;F;No;23;;Funcionario;<10annos;Bajo;4;2001;Generacion Z;23460;Zamora;2,34;30;0;397;3
CLI9375;M;No;33;Si;Funcionario;10-20annos;Bajo;4;1991;Millennials;25527;Ciudad Real;0,755;30;0;381;3
CLI9376;F;Si;51;Si;Artista;+20annos;Bajo;1;1973;Generacion X;105722;Navarra;0,994;50;0;396;3
CLI9377;F;No;40;Si;Ingeniero;10-20annos;Bajo;4;1984;Millennials;60446;Alicante;1,1;30;1;349;0,5
CLI9378;F;Si;42;Si;Artista;+20annos;Alto;3;1982;Millennials;119365;Vizcaya;1,422;30;0;62;
CLI9379;F;Si;29;No;Negocios/empresa;<10annos;Medio;2;1995;Millennials;24800;Madrid;2,099;30;1;230;
CLI9380;F;Si;50;Si;Medico;+20annos;Bajo;1;1974;Generacion X;94079;Pontevedra;1,248;50;0;551;1
CLI9381;F;Si;51;Si;Ejecutivo;+20annos;Alto;2;1973;Generacion X;116556;Guadalajara;1,717;50;1;357;0,5
CLI9382;M;No;28;Si;Medico;<10annos;Bajo;1;1996;Millennials;27595;Tarragona;2,271;30;0;193;
CLI9383;M;No;30;No;Negocios/empresa;<10annos;Bajo;7;1994;Millennials;30109;Vizcaya;0,847;30;0;456;3
CLI9384;F;Si;46;Si;Medico;+20annos;Bajo;1;1978;Generacion X;75015;Almeri­a;1,502;50;0;104;
CLI9385;M;;22;No;Negocios/empresa;<10annos;Bajo;2;2002;Generacion Z;14322;Cuenca;2,754;30;1;117;
CLI9386;M;Si;61;Si;Medico;+20annos;Bajo;1;1963;Generacion X;35822;Huelva;1,756;50;0;31;
CLI9387;M;No;28;No;Negocios/empresa;<10annos;Bajo;1;1996;Millennials;22153;Navarra;2,34;30;1;153;
CLI9388;M;Si;30;No;Medico;<10annos;Alto;2;1994;Millennials;19877;Madrid;1,445;30;1;344;0,5
CLI9389;M;No;34;No;Negocios/empresa;10-20annos;Bajo;4;1990;Millennials;28137;Valencia;1,951;30;0;453;3
CLI9390;F;Si;42;No;Otros;+20annos;Medio;5;1982;Millennials;42206;Leon;1,882;30;1;333;0,5
CLI9391;M;Si;47;Si;Otros;+20annos;Medio;2;1977;Generacion X;32161;Leon;1,502;30;0;45;
CLI9392;F;Si;65;Si;Artista;+20annos;Alto;3;1959;Generacion X;54171;Guipiºzcoa;0,798;30;1;327;0,5
CLI9393;M;Si;67;No;Ejecutivo;+20annos;Medio;3;1957;Generacion X;79370;Sevilla;1,658;30;0;586;4
CLI9394;F;Si;30;Si;Ingeniero;<10annos;Bajo;2;1994;Millennials;29578;Pontevedra;0,732;30;0;357;0,5
CLI9395;M;Si;29;No;Ejecutivo;<10annos;Alto;5;1995;Millennials;21198;Vizcaya;2,34;30;0;55;
CLI9396;M;Si;43;Si;Artista;+20annos;Medio;4;1981;Millennials;97756;Caceres;1,123;30;1;104;
CLI9397;M;Si;56;Si;Artista;+20annos;Medio;3;1968;Generacion X;36295;ilava;1,404;30;0;367;3
CLI9398;M;Si;52;No;Otros;+20annos;Medio;3;1972;Generacion X;78918;Teruel;1,052;30;1;210;
CLI9399;M;Si;57;Si;Artista;+20annos;Medio;4;1967;Generacion X;53887;ivila;1,619;30;1;122;
CLI9400;M;Si;65;Si;Servicios;+20annos;Alto;2;1959;Generacion X;86444;Malaga;1,404;50;1;383;3
CLI9401;M;Si;63;No;Ingeniero;+20annos;Medio;2;1961;Generacion X;53376;Murcia;1,306;30;0;499;3
CLI9402;F;Si;95;Si;Servicios;+20annos;Alto;2;1929;Generacion Silenciosa;110069;Jaen;1,678;50;0;334;0,5
CLI9403;M;Si;54;Si;Artista;+20annos;Medio;2;1970;Generacion X;119880;Toledo;1,346;50;0;483;3
CLI9404;M;No;33;No;Medico;10-20annos;Bajo;4;1991;Millennials;28224;Tarragona;1,859;30;1;121;
CLI9405;F;Si;47;No;Ingeniero;+20annos;Medio;4;1977;Generacion X;27699;Barcelona;1,17;30;0;592;4
CLI9406;M;No;21;No;Funcionario;<10annos;Bajo;5;2003;Generacion Z;18919;Cordoba;1,995;30;0;221;
CLI9407;M;No;22;No;Funcionario;<10annos;Bajo;4;2002;Generacion Z;19591;Soria;2,099;30;0;495;3
CLI9408;M;No;21;No;Funcionario;<10annos;Bajo;3;2003;Generacion Z;13876;La Rioja;1,892;30;0;455;3
CLI9409;F;Si;47;Si;Medico;+20annos;Bajo;1;1977;Generacion X;67531;Madrid;1,756;50;0;152;
CLI9410;M;No;34;No;Funcionario;10-20annos;Bajo;4;1990;Millennials;26486;Teruel;0,663;30;1;241;
CLI9411;M;Si;33;No;Ejecutivo;10-20annos;Alto;2;1991;Millennials;29348;Sevilla;1,376;30;0;361;0,5
CLI9412;M;Si;30;Si;Medico;<10annos;Medio;3;1994;Millennials;25358;Cordoba;0,709;30;1;385;3
CLI9413;M;Si;40;Si;Ejecutivo;10-20annos;Alto;4;1984;Millennials;48830;Murcia;1,951;30;1;125;
CLI9414;M;Si;52;Si;Ejecutivo;+20annos;Bajo;2;1972;Generacion X;52975;Vizcaya;1,658;50;0;185;
CLI9415;M;Si;39;Si;Ejecutivo;10-20annos;Alto;4;1985;Millennials;29678;Almeri­a;1,031;30;0;119;
CLI9416;M;Si;28;Si;Otros;<10annos;Bajo;2;1996;Millennials;20576;Navarra;1,892;30;0;492;3
CLI9417;F;Si;28;No;Artista;<10annos;Bajo;3;1996;Millennials;30911;Albacete;2,72;30;0;178;
CLI9418;M;No;42;No;Artista;+20annos;Bajo;1;1982;Millennials;71001;Granada;1,422;30;1;330;0,5
CLI9419;F;No;35;No;Ingeniero;10-20annos;Bajo;3;1989;Millennials;21644;Ceuta;1,031;30;0;579;4
CLI9420;M;Si;53;No;Ejecutivo;+20annos;Alto;6;1971;Generacion X;129657;Murcia;1,385;200;1;227;
CLI9421;F;No;42;No;Artista;+20annos;Bajo;1;1982;Millennials;129963;Cuenca;0,755;120;1;243;
CLI9422;M;Si;77;No;Ejecutivo;+20annos;Alto;2;1947;Generacion X;31044;Baleares;1,013;30;0;89;
CLI9423;M;No;46;Si;Negocios/empresa;+20annos;Bajo;1;1978;Generacion X;68610;LLeida;15,215;50;1;173;
CLI9424;F;Si;94;Si;Artista;+20annos;Alto;2;1930;Generacion Silenciosa;83657;Teruel;0,974;50;0;307;0,5
CLI9425;F;No;28;Si;Funcionario;<10annos;Bajo;3;1996;Millennials;25531;Barcelona;2,789;30;0;542;4
CLI9426;F;No;34;Si;Medico;10-20annos;Bajo;2;1990;Millennials;31774;Leon;0,732;30;0;553;4
CLI9427;F;No;22;No;Funcionario;<10annos;Bajo;4;2002;Generacion Z;15215;Jaen;1,547;30;1;336;0,5
CLI9428;F;Si;41;Si;Artista;10-20annos;Medio;2;1983;Millennials;66556;Segovia;1,353;50;1;366;3
CLI9429;M;No;36;Si;Artista;10-20annos;Bajo;2;1988;Millennials;24991;Sevilla;0,709;30;1;130;
CLI9430;F;No;57;No;Artista;+20annos;Bajo;1;1967;Generacion X;118048;Cuenca;1,326;120;0;436;3
CLI9431;M;No;29;Si;Medico;<10annos;Bajo;3;1995;Millennials;20943;Segovia;2,789;30;0;314;0,5
CLI9432;F;No;23;No;Funcionario;<10annos;Bajo;5;2001;Generacion Z;19904;Sevilla;1,581;30;0;310;0,5
CLI9433;F;No;46;Si;Ingeniero;+20annos;Bajo;1;1978;Generacion X;111988;Barcelona;1,404;50;1;143;
CLI9434;F;Si;39;Si;Construccion;10-20annos;Medio;4;1985;Millennials;31344;ilava;1,629;30;0;496;3
CLI9435;M;Si;43;Si;Artista;+20annos;Medio;4;1981;Millennials;128820;Las Palmas;1,192;200;0;78;
CLI9436;F;Si;45;Si;Medico;+20annos;Medio;2;1979;Generacion X;29052;Badajoz;2,043;30;0;401;3
CLI9437;F;No;20;No;Funcionario;<10annos;Bajo;5;2004;Generacion Z;23210;La Corui±a;1,616;30;0;176;
CLI9438;M;No;24;No;Funcionario;<10annos;Bajo;1;2000;Generacion Z;21340;Madrid;1,961;30;0;152;
CLI9439;F;Si;28;No;Ingeniero;<10annos;Bajo;2;1996;Millennials;21918;LLeida;12,015;30;0;590;4
CLI9440;F;No;22;No;Funcionario;<10annos;Bajo;5;2002;Generacion Z;16808;Valladolid;1,788;30;0;240;
CLI9441;F;No;20;No;Otros;<10annos;Bajo;4;2004;Generacion Z;21732;Santa Cruz de Tenerife;14,775;30;0;55;
CLI9442;F;No;22;No;Funcionario;<10annos;Bajo;5;2002;Generacion Z;12949;Zaragoza;14,085;30;1;369;3
CLI9443;M;No;23;No;Negocios/empresa;<10annos;Bajo;4;2001;Generacion Z;16221;Cadiz;1,823;30;1;217;
CLI9444;F;No;28;No;Funcionario;<10annos;Bajo;4;1996;Millennials;25717;Santa Cruz de Tenerife;2,03;30;0;177;
CLI9445;F;Si;66;Si;Artista;+20annos;Medio;2;1958;Generacion X;126165;Zamora;0,661;50;1;219;
CLI9446;F;Si;51;No;Ingeniero;+20annos;Medio;5;1973;Generacion X;24076;La Rioja;1,737;30;0;371;3
CLI9447;M;Si;75;No;Ejecutivo;+20annos;Alto;2;1949;Generacion X;110827;Huesca;0,935;120;0;183;
CLI9448;M;No;23;No;Funcionario;<10annos;Bajo;4;2001;Generacion Z;17913;Pontevedra;2,478;30;0;388;3
CLI9449;M;No;30;Si;Medico;<10annos;Bajo;3;1994;Millennials;29413;Malaga;1,077;30;0;515;4
CLI9450;M;Si;65;Si;Ejecutivo;+20annos;Alto;4;1959;Generacion X;84465;ivila;1,541;80;1;313;0,5
CLI9451;F;No;29;Si;Artista;<10annos;Bajo;1;1995;Millennials;27880;Leon;2,375;30;1;395;3
CLI9452;M;Si;29;Si;Artista;<10annos;Medio;2;1995;Millennials;25711;Toledo;1,995;30;0;591;4
CLI9453;F;Si;35;No;Medico;10-20annos;Medio;2;1989;Millennials;23731;Cadiz;1,1;30;0;347;0,5
CLI9454;M;No;36;No;Funcionario;10-20annos;Bajo;6;1988;Millennials;22664;Vizcaya;0,87;30;1;129;
CLI9455;M;No;31;Si;Funcionario;<10annos;Bajo;3;1993;Millennials;25774;Madrid;1,031;30;0;595;4
CLI9456;F;No;33;Si;Funcionario;10-20annos;Bajo;3;1991;Millennials;22301;Burgos;1,146;30;0;320;0,5
CLI9457;F;No;35;Si;Artista;10-20annos;Bajo;1;1989;Millennials;20671;Cordoba;0,663;30;0;104;
CLI9458;F;No;45;No;Ingeniero;+20annos;Bajo;3;1979;Generacion X;128227;Ceuta;1,79;200;0;309;0,5
CLI9459;M;Si;46;Si;Artista;+20annos;Bajo;2;1978;Generacion X;73485;Sevilla;0,896;50;0;484;3
CLI9460;F;Si;50;Si;Medico;+20annos;Medio;4;1974;Generacion X;77525;Castellon;1,58;80;1;103;
CLI9461;F;No;43;Si;Servicios;+20annos;Bajo;2;1981;Millennials;59857;Castellon;0,709;50;0;420;3
CLI9462;F;No;32;No;Ingeniero;10-20annos;Bajo;1;1992;Millennials;20693;Badajoz;1,192;30;1;291;
CLI9463;M;Si;51;Si;Otros;+20annos;Medio;3;1973;Generacion X;27876;Sevilla;0,896;30;1;215;
CLI9464;F;Si;29;Si;Negocios/empresa;<10annos;Alto;4;1995;Millennials;26657;Ciudad Real;13,395;30;0;517;4
CLI9465;F;No;29;Si;Funcionario;<10annos;Bajo;4;1995;Millennials;19262;Gerona;2,237;30;1;340;0,5
CLI9466;F;Si;45;Si;Medico;+20annos;Bajo;1;1979;Generacion X;121251;Vizcaya;1,859;50;1;165;
CLI9467;F;Si;42;Si;Negocios/empresa;+20annos;Bajo;3;1982;Millennials;43624;LLeida;1,836;30;0;345;0,5
CLI9468;M;Si;76;No;Ejecutivo;+20annos;Alto;4;1948;Generacion X;34722;Teruel;0,622;30;0;104;
CLI9469;M;No;51;Si;Artista;+20annos;Bajo;2;1973;Generacion X;46094;Pontevedra;0,974;50;0;69;
CLI9470;F;No;44;No;Artista;+20annos;Bajo;1;1980;Generacion X;66120;Tarragona;0,686;30;0;364;0,5
CLI9471;M;No;28;No;Ingeniero;<10annos;Bajo;3;1996;Millennials;22329;Toledo;2,202;30;0;86;
CLI9472;M;Si;65;No;Servicios;+20annos;Medio;2;1959;Generacion X;29671;Navarra;0,583;30;0;301;0,5
CLI9473;M;No;29;No;Medico;<10annos;Bajo;4;1995;Millennials;22011;Lugo;1,788;30;0;352;0,5
CLI9474;F;No;36;Si;Artista;10-20annos;Bajo;4;1988;Millennials;28244;Valladolid;0,939;30;0;583;4
CLI9475;M;Si;62;Si;Ejecutivo;+20annos;Alto;2;1962;Generacion X;122441;Gerona;1,737;50;0;570;1
CLI9476;M;No;33;No;Funcionario;10-20annos;Bajo;5;1991;Millennials;30731;Tarragona;1,307;30;0;38;
CLI9477;F;No;29;No;Funcionario;<10annos;Bajo;3;1995;Millennials;28047;Jaen;1,547;30;0;243;
CLI9478;F;No;31;No;Medico;<10annos;Bajo;5;1993;Millennials;19633;Cuenca;0,916;30;0;527;4
CLI9479;F;Si;31;No;Medico;<10annos;Medio;6;1993;Millennials;24284;Guipiºzcoa;1,399;30;1;334;0,5
CLI9480;M;No;22;No;Funcionario;<10annos;Bajo;4;2002;Generacion Z;14620;ivila;2,409;30;1;206;
CLI9481;M;Si;45;No;Ejecutivo;+20annos;Medio;3;1979;Generacion X;110115;Murcia;0,962;30;0;219;
CLI9482;M;Si;41;Si;Artista;10-20annos;Alto;3;1983;Millennials;67562;Guadalajara;1,261;30;0;324;0,5
CLI9483;M;Si;65;Si;Artista;+20annos;Medio;3;1959;Generacion X;60609;Toledo;1,033;80;0;239;
CLI9484;F;Si;47;Si;Artista;+20annos;Medio;2;1977;Generacion X;36295;ivila;0,7;50;0;461;3
CLI9485;M;No;22;No;Funcionario;<10annos;Bajo;3;2002;Generacion Z;18613;Badajoz;2,133;30;0;476;3
CLI9486;F;No;33;Si;Funcionario;10-20annos;Bajo;5;1991;Millennials;27014;Barcelona;1,307;30;1;166;
CLI9487;M;Si;73;No;Ejecutivo;+20annos;Medio;2;1951;Generacion X;92532;ivila;0,935;120;1;345;0,5
CLI9488;M;Si;31;Si;Artista;<10annos;Medio;3;1993;Millennials;30030;Santa Cruz de Tenerife;1,583;30;0;229;
CLI9489;M;Si;54;Si;Otros;+20annos;Medio;3;1970;Generacion X;30415;Castellon;0,564;30;0;140;
CLI9490;F;Si;67;Si;Artista;+20annos;Medio;3;1957;Generacion X;83569;Murcia;1,189;80;0;245;
CLI9491;M;Si;30;Si;Artista;<10annos;Medio;2;1994;Millennials;27050;La Rioja;1,813;30;0;38;
CLI9492;F;Si;39;No;Ingeniero;10-20annos;Bajo;1;1985;Millennials;21808;Santa Cruz de Tenerife;0,709;30;0;188;
CLI9493;M;Si;36;Si;Funcionario;10-20annos;Medio;2;1988;Millennials;27190;Almeri­a;1,261;30;1;258;
CLI9494;F;Si;40;Si;Artista;10-20annos;Medio;2;1984;Millennials;44120;Pontevedra;1,79;50;0;458;3
CLI9495;F;No;30;Si;Artista;<10annos;Bajo;1;1994;Millennials;20011;Jaen;1,836;30;0;303;0,5
CLI9496;F;No;32;No;Funcionario;10-20annos;Bajo;1;1992;Millennials;20447;Jaen;1,583;30;1;362;0,5
CLI9497;F;No;34;No;Ingeniero;10-20annos;Bajo;5;1990;Millennials;25742;Alicante;1,514;30;0;278;
CLI9498;F;No;33;No;Funcionario;10-20annos;Bajo;4;1991;Millennials;28681;Orense;1,491;30;0;551;4
CLI9499;F;Si;47;Si;Artista;+20annos;Medio;2;1977;Generacion X;87323;Orense;1,17;50;0;558;4
CLI9500;M;Si;52;No;Ejecutivo;+20annos;Bajo;4;1972;Generacion X;69056;Soria;0,7;30;0;599;4
CLI9501;F;No;46;No;Ingeniero;+20annos;Bajo;1;1978;Generacion X;101870;Salamanca;1,717;120;0;213;
CLI9502;F;No;36;Si;Funcionario;10-20annos;Bajo;5;1988;Millennials;26834;Albacete;0,847;30;0;215;
CLI9503;F;No;40;Si;Artista;10-20annos;Bajo;4;1984;Millennials;70448;Gerona;1,123;30;0;599;4
CLI9504;F;No;33;Si;Ingeniero;10-20annos;Bajo;3;1991;Millennials;31431;LLeida;0,686;30;0;316;0,5
CLI9505;M;Si;66;Si;Artista;+20annos;Bajo;1;1958;Generacion X;51527;Castellon;0,642;50;1;131;
CLI9506;F;No;35;Si;Funcionario;10-20annos;Bajo;3;1989;Millennials;21117;Guipiºzcoa;1,33;30;0;203;
CLI9507;F;Si;35;Si;Artista;10-20annos;Medio;2;1989;Millennials;27056;Huelva;1,1;30;0;75;
CLI9508;F;No;31;No;Funcionario;<10annos;Bajo;3;1993;Millennials;28562;Guipiºzcoa;0,87;30;0;161;
CLI9509;M;Si;51;Si;Funcionario;+20annos;Alto;4;1973;Generacion X;52531;Almeri­a;0,7;30;0;167;
CLI9510;F;Si;42;Si;Artista;+20annos;Bajo;1;1982;Millennials;107189;LLeida;1,353;50;0;524;1
CLI9511;M;Si;31;;Artista;<10annos;Bajo;1;1993;Millennials;27299;Orense;0,939;30;0;380;3
CLI9512;M;Si;33;Si;Otros;10-20annos;Bajo;2;1991;Millennials;24670;Huelva;1,951;30;1;182;
CLI9513;F;Si;57;Si;Artista;+20annos;Medio;3;1967;Generacion X;88639;ivila;0,759;80;1;344;0,5
CLI9514;F;Si;51;Si;Ingeniero;+20annos;Medio;4;1973;Generacion X;104474;Cadiz;0,72;80;0;551;4
CLI9515;M;Si;41;No;Ingeniero;10-20annos;Medio;2;1983;Millennials;27123;La Rioja;1,721;30;0;347;0,5
CLI9516;F;No;28;Si;Ingeniero;<10annos;Bajo;3;1996;Millennials;22661;Valencia;1,512;30;1;289;
CLI9517;F;Si;47;Si;Ingeniero;+20annos;Medio;4;1977;Generacion X;43499;La Corui±a;1,463;30;1;275;
CLI9518;M;No;35;No;Negocios/empresa;10-20annos;Bajo;4;1989;Millennials;27491;Barcelona;1,353;30;0;92;
CLI9519;F;Si;55;Si;Ingeniero;+20annos;Alto;4;1969;Generacion X;28481;Cordoba;0,759;30;0;334;0,5
CLI9520;M;Si;47;No;Artista;+20annos;Medio;3;1977;Generacion X;102941;ivila;0,603;30;0;480;3
CLI9521;M;Si;41;Si;Artista;10-20annos;Medio;2;1983;Millennials;124426;Tarragona;0,709;50;0;283;
CLI9522;M;Si;67;No;Funcionario;+20annos;Alto;4;1957;Generacion X;57384;Guadalajara;1,443;30;0;484;3
CLI9523;M;Si;43;Si;Artista;+20annos;Medio;2;1981;Millennials;25244;Segovia;1,376;30;0;123;
CLI9524;M;Si;51;Si;Artista;+20annos;Medio;5;1973;Generacion X;69897;Segovia;1,678;30;1;241;
CLI9525;M;Si;41;No;Otros;10-20annos;Medio;4;1983;Millennials;126398;Barcelona;0,732;200;1;207;
CLI9526;F;Si;40;No;Ingeniero;10-20annos;Bajo;3;1984;Millennials;62719;Las Palmas;1,997;30;1;338;0,5
CLI9527;F;No;31;No;Artista;<10annos;Bajo;1;1993;Millennials;18204;Ceuta;0,916;30;0;450;3
CLI9528;M;Si;95;Si;Servicios;+20annos;Bajo;1;1929;Generacion Silenciosa;96324;La Rioja;1,443;50;0;191;
CLI9529;M;No;46;Si;Artista;+20annos;Bajo;1;1978;Generacion X;26794;Baleares;0,876;30;1;169;
CLI9530;M;Si;90;Si;Ejecutivo;+20annos;Bajo;1;1934;Generacion Silenciosa;119312;ivila;1,052;50;0;268;
CLI9531;F;No;20;No;Funcionario;<10annos;Bajo;8;2004;Generacion Z;21044;Ciudad Real;1,547;30;0;454;3
CLI9532;F;No;20;No;Ingeniero;<10annos;Bajo;4;2004;Generacion Z;18551;Tarragona;12,015;30;0;542;4
CLI9533;F;No;40;Si;Artista;10-20annos;Bajo;1;1984;Millennials;83663;Valladolid;1,215;50;0;110;
CLI9534;F;No;29;No;Ingeniero;<10annos;Bajo;6;1995;Millennials;22572;Ceuta;2,099;30;0;191;
CLI9535;M;Si;54;Si;Otros;+20annos;Medio;2;1970;Generacion X;61983;Palencia;0,837;50;0;117;
CLI9536;F;Si;76;Si;Artista;+20annos;Medio;3;1948;Generacion X;80978;ilava;15,215;80;0;407;3
CLI9537;F;No;32;No;Artista;10-20annos;Bajo;6;1992;Millennials;31095;Madrid;1,583;30;0;219;
CLI9538;M;No;75;Si;Otros;+20annos;Bajo;2;1949;Generacion X;125374;Castellon;0,583;50;0;210;
CLI9539;M;No;36;No;Funcionario;10-20annos;Bajo;3;1988;Millennials;21465;Segovia;1,422;30;1;302;0,5
CLI9540;M;Si;42;No;Ejecutivo;+20annos;Alto;5;1982;Millennials;67651;Valladolid;1,928;30;0;545;4
CLI9541;M;Si;57;No;Otros;+20annos;Medio;3;1967;Generacion X;52141;Valladolid;11,305;30;0;369;3
CLI9542;M;Si;31;Si;Artista;<10annos;Bajo;2;1993;Millennials;20016;Santa Cruz de Tenerife;0,778;30;0;214;
CLI9543;F;No;30;No;Funcionario;<10annos;Bajo;5;1994;Millennials;22509;Zaragoza;0,778;30;0;553;4
CLI9544;F;No;31;No;Ingeniero;<10annos;Bajo;4;1993;Millennials;21103;Cordoba;0,755;30;0;39;
CLI9545;F;Si;28;No;Ingeniero;<10annos;Alto;3;1996;Millennials;18842;Cuenca;12,015;30;1;194;
CLI9546;F;No;33;Si;Artista;10-20annos;Bajo;1;1991;Millennials;30174;Zaragoza;2,043;30;0;483;3
CLI9547;M;Si;44;Si;Artista;+20annos;Medio;3;1980;Generacion X;59695;Navarra;1,721;30;1;332;0,5
CLI9548;F;No;28;Si;Artista;<10annos;Bajo;9;1996;Millennials;22391;Ceuta;0,995;30;0;104;
CLI9549;F;No;33;Si;Artista;10-20annos;Bajo;1;1991;Millennials;26813;Navarra;0,985;30;1;296;
CLI9550;F;Si;47;No;Ingeniero;+20annos;Medio;2;1977;Generacion X;53420;Tarragona;1,248;30;0;552;4
CLI9551;F;No;29;Si;Artista;<10annos;Bajo;4;1995;Millennials;29353;Santa Cruz de Tenerife;2,271;30;1;175;
CLI9552;F;Si;41;No;Otros;10-20annos;Medio;3;1983;Millennials;107610;Valencia;1,353;30;1;333;0,5
CLI9553;F;No;31;No;Funcionario;<10annos;Bajo;5;1993;Millennials;27242;Ceuta;1,629;30;0;450;3
CLI9554;F;Si;34;No;Negocios/empresa;10-20annos;Bajo;5;1990;Millennials;31055;Gerona;1,813;30;0;356;0,5
CLI9555;M;Si;51;Si;Artista;+20annos;Bajo;3;1973;Generacion X;78462;Orense;1,189;80;1;249;
CLI9556;F;Si;52;Si;Artista;+20annos;Medio;4;1972;Generacion X;28148;Castellon;0,583;30;0;593;4
CLI9557;M;No;31;No;Funcionario;<10annos;Bajo;4;1993;Millennials;25410;Badajoz;0,893;30;1;375;3
CLI9558;M;No;33;No;Funcionario;10-20annos;Bajo;1;1991;Millennials;23954;LLeida;0,847;30;0;31;
CLI9559;F;;32;Si;Otros;10-20annos;Alto;1;1992;Millennials;21399;Vizcaya;1,008;30;1;171;
CLI9560;M;No;25;No;Artista;<10annos;Bajo;5;1999;Generacion Z;29734;Barcelona;2,892;30;0;182;
CLI9561;F;No;24;No;Funcionario;<10annos;Bajo;5;2000;Generacion Z;22513;Badajoz;2,823;30;0;264;
CLI9562;M;No;22;No;Funcionario;<10annos;Bajo;5;2002;Generacion Z;20027;Cuenca;1,857;30;0;558;4
CLI9563;M;No;24;No;Otros;<10annos;Bajo;4;2000;Generacion Z;12261;Melilla;2,099;30;0;194;
CLI9564;F;No;21;No;Funcionario;<10annos;Bajo;4;2003;Generacion Z;21339;Santa Cruz de Tenerife;1,098;30;0;419;3
CLI9565;M;No;23;No;Funcionario;<10annos;Bajo;3;2001;Generacion Z;21652;Melilla;1,547;30;1;261;
CLI9566;F;No;21;No;Funcionario;<10annos;Bajo;4;2003;Generacion Z;16083;Guadalajara;1,926;30;1;208;
CLI9567;M;No;43;Si;Artista;+20annos;Bajo;2;1981;Millennials;111955;Lugo;1,445;50;0;329;0,5
CLI9568;F;Si;42;Si;Artista;+20annos;Bajo;2;1982;Millennials;107720;ilava;0,893;50;1;361;0,5
CLI9569;M;No;36;Si;Funcionario;10-20annos;Bajo;1;1988;Millennials;18107;Navarra;1,008;30;0;596;4
CLI9570;F;No;42;Si;Construccion;+20annos;Bajo;1;1982;Millennials;95857;Almeri­a;0,663;50;0;317;0,5
CLI9571;F;No;32;Si;Funcionario;10-20annos;Bajo;3;1992;Millennials;21000;Guipiºzcoa;1,675;30;0;396;3
CLI9572;F;Si;39;No;Otros;10-20annos;Bajo;1;1985;Millennials;23034;Huelva;0,709;30;0;453;3
CLI9573;M;Si;35;Si;Artista;10-20annos;Medio;2;1989;Millennials;31748;LLeida;1,031;30;0;43;
CLI9574;M;Si;65;Si;Artista;+20annos;Bajo;1;1959;Generacion X;106093;Huesca;0,7;50;0;526;4
CLI9575;F;No;35;Si;Medico;10-20annos;Bajo;1;1989;Millennials;18300;Cadiz;1,813;30;1;142;
CLI9576;F;No;32;Si;Funcionario;10-20annos;Bajo;3;1992;Millennials;26888;Valencia;1,813;30;1;320;0,5
CLI9577;F;No;34;Si;Otros;10-20annos;Bajo;4;1990;Millennials;31083;Gerona;1,169;30;1;257;
CLI9578;M;Si;65;No;Ejecutivo;+20annos;Alto;4;1959;Generacion X;43946;Melilla;0,72;30;0;247;
CLI9579;M;Si;96;Si;Servicios;+20annos;Alto;2;1928;Generacion Silenciosa;93809;Guipiºzcoa;15,215;50;0;406;1
CLI9580;M;Si;58;Si;Ejecutivo;+20annos;Bajo;2;1966;Generacion X;104922;Zaragoza;0,955;50;1;236;
CLI9581;M;Si;91;No;Servicios;+20annos;Alto;2;1933;Generacion Silenciosa;80595;La Rioja;0,974;120;0;97;
CLI9582;M;No;36;No;Funcionario;10-20annos;Bajo;5;1988;Millennials;30558;ilava;1,146;30;1;153;
CLI9583;F;No;29;No;Ingeniero;<10annos;Bajo;4;1995;Millennials;20317;Ciudad Real;2,133;30;0;116;
CLI9584;F;Si;43;Si;Artista;+20annos;Alto;5;1981;Millennials;93065;Albacete;1,169;30;0;397;3
CLI9585;F;No;30;No;Funcionario;<10annos;Bajo;5;1994;Millennials;30830;Lugo;1,928;30;0;84;
CLI9586;F;Si;46;Si;Artista;+20annos;Medio;2;1978;Generacion X;51595;Leon;0,915;50;0;198;
CLI9587;M;Si;51;Si;Artista;+20annos;Medio;2;1973;Generacion X;78539;Almeri­a;1,639;50;0;379;3
CLI9588;M;Si;69;Si;Medico;+20annos;Alto;2;1955;Generacion X;60512;Cordoba;1,365;50;0;573;1
CLI9589;M;No;35;Si;Medico;10-20annos;Bajo;2;1989;Millennials;27384;ivila;1,606;30;0;437;3
CLI9590;F;No;42;Si;Ingeniero;+20annos;Bajo;3;1982;Millennials;96268;Almeri­a;1,399;30;0;132;
CLI9591;M;No;42;Si;Otros;+20annos;Bajo;2;1982;Millennials;112256;Cordoba;1,238;50;0;156;
CLI9592;F;Si;69;Si;Ingeniero;+20annos;Bajo;1;1955;Generacion X;101472;Sevilla;1,111;50;0;344;0,5
CLI9593;F;No;50;Si;Artista;+20annos;Bajo;1;1974;Generacion X;106065;Albacete;0,818;50;0;336;0,5
CLI9594;F;No;36;Si;Funcionario;10-20annos;Bajo;5;1988;Millennials;28499;Alicante;1,744;30;0;562;1
CLI9595;M;No;30;No;Otros;<10annos;Bajo;2;1994;Millennials;20340;Murcia;1,123;30;1;284;
CLI9596;F;Si;96;No;Artista;+20annos;Alto;2;1928;Generacion Silenciosa;70373;Salamanca;0,915;30;0;305;0,5
CLI9597;F;No;28;No;Funcionario;<10annos;Bajo;1;1996;Millennials;19591;Gerona;3,03;30;0;266;
CLI9598;M;Si;67;Si;Artista;+20annos;Medio;4;1957;Generacion X;114956;Castellon;1,091;80;0;320;0,5
CLI9599;M;Si;45;Si;Artista;+20annos;Alto;4;1979;Generacion X;92824;Gerona;1,238;30;0;206;
CLI9600;M;Si;95;Si;Servicios;+20annos;Alto;2;1929;Generacion Silenciosa;124696;Burgos;1,17;50;0;169;
CLI9601;M;Si;56;Si;Ejecutivo;+20annos;Alto;3;1968;Generacion X;80450;Melilla;15,215;80;1;145;
CLI9602;M;;91;No;Servicios;+20annos;Alto;2;1933;Generacion Silenciosa;77014;Segovia;11,305;120;0;509;4
CLI9603;M;Si;66;Si;Artista;+20annos;Alto;3;1958;Generacion X;126949;Leon;1,502;80;0;493;1
CLI9604;M;Si;72;Si;Artista;+20annos;Medio;3;1952;Generacion X;125055;Cadiz;1,326;80;0;314;0,5
CLI9605;F;No;35;No;Funcionario;10-20annos;Bajo;1;1989;Millennials;27366;Alicante;1,882;30;1;325;0,5
CLI9606;F;Si;45;Si;Artista;+20annos;Bajo;1;1979;Generacion X;41314;Baleares;0,686;50;1;187;
CLI9607;F;Si;62;Si;Artista;+20annos;Medio;3;1962;Generacion X;111694;Zamora;1,033;80;0;430;3
CLI9608;F;Si;81;No;Servicios;+20annos;Alto;2;1943;Generacion Silenciosa;31889;LLeida;1,17;30;1;116;
CLI9609;M;Si;43;Si;Artista;+20annos;Medio;2;1981;Millennials;111546;Huelva;1,79;50;0;516;4
CLI9610;F;No;46;No;Artista;+20annos;Bajo;2;1978;Generacion X;27540;La Corui±a;1,678;30;0;207;
CLI9611;M;Si;75;Si;Artista;+20annos;Alto;2;1949;Generacion X;24406;Tarragona;0,7;30;0;182;
CLI9612;M;No;33;Si;Artista;10-20annos;Bajo;1;1991;Millennials;27245;Zaragoza;0,962;30;0;366;3
CLI9613;F;No;35;No;Funcionario;10-20annos;Bajo;3;1989;Millennials;31375;Sevilla;1,353;30;1;262;
CLI9614;M;Si;47;Si;Artista;+20annos;Bajo;1;1977;Generacion X;106368;Huelva;0,759;50;1;301;0,5
CLI9615;F;Si;44;Si;Artista;+20annos;Alto;2;1980;Generacion X;37085;Almeri­a;0,962;50;0;259;
CLI9616;F;Si;96;No;Otros;+20annos;Alto;2;1928;Generacion Silenciosa;40548;Granada;0,72;30;1;328;0,5
CLI9617;M;Si;47;No;Otros;+20annos;Bajo;2;1977;Generacion X;36617;Gerona;0,681;30;0;139;
CLI9618;M;Si;53;Si;Medico;+20annos;Medio;3;1971;Generacion X;124402;Alicante;0,994;80;0;335;0,5
CLI9619;F;Si;64;Si;Negocios/empresa;+20annos;Medio;2;1960;Generacion X;74931;Almeri­a;1,658;50;1;201;
CLI9620;M;Si;57;Si;Artista;+20annos;Alto;3;1967;Generacion X;50950;Orense;0,681;30;0;512;4
CLI9621;F;No;33;No;Funcionario;10-20annos;Bajo;3;1991;Millennials;29027;Santa Cruz de Tenerife;1,422;30;1;287;
CLI9622;F;Si;58;Si;Artista;+20annos;Bajo;2;1966;Generacion X;102310;Toledo;0,564;50;0;573;4
CLI9623;F;Si;62;Si;Artista;+20annos;Medio;3;1962;Generacion X;46364;ivila;0,974;30;0;580;4
CLI9624;M;Si;53;Si;Artista;+20annos;Medio;4;1971;Generacion X;105297;Granada;15,215;80;0;434;3
CLI9625;M;Si;31;No;Medico;<10annos;Bajo;5;1993;Millennials;30893;Valencia;1,376;30;0;339;0,5
CLI9626;F;Si;67;Si;Artista;+20annos;Medio;2;1957;Generacion X;85681;Soria;1,326;50;1;340;0,5
CLI9627;M;Si;68;Si;Otros;+20annos;Medio;3;1956;Generacion X;35691;Las Palmas;1,365;30;1;113;
CLI9628;F;Si;54;Si;Artista;+20annos;Medio;5;1970;Generacion X;33747;Huesca;1,482;30;0;538;4
CLI9629;M;Si;44;;Otros;+20annos;Alto;2;1980;Generacion X;29854;Lugo;0,939;30;0;289;
CLI9630;M;Si;68;Si;Otros;+20annos;Bajo;2;1956;Generacion X;127836;Santa Cruz de Tenerife;0,564;50;1;329;0,5
CLI9631;M;No;39;Si;Otros;10-20annos;Bajo;1;1985;Millennials;23343;Almeri­a;1,261;30;1;272;
CLI9632;F;No;53;Si;Artista;+20annos;Bajo;1;1971;Generacion X;44452;Lugo;0,759;50;0;526;4
CLI9633;F;Si;40;Si;Artista;10-20annos;Medio;3;1984;Millennials;56545;Melilla;0,847;30;0;209;
CLI9634;F;Si;62;Si;Artista;+20annos;Medio;5;1962;Generacion X;58868;Leon;1,756;30;0;235;
CLI9635;F;Si;73;No;Negocios/empresa;+20annos;Alto;2;1951;Generacion X;93014;Guipiºzcoa;1,287;120;0;468;3
CLI9636;M;No;44;Si;Artista;+20annos;Bajo;2;1980;Generacion X;117330;Madrid;0,847;50;0;99;
CLI9637;F;Si;63;Si;Artista;+20annos;Medio;2;1961;Generacion X;44704;Murcia;1,15;50;0;167;
CLI9638;M;Si;46;Si;Artista;+20annos;Medio;3;1978;Generacion X;51259;La Rioja;0,642;30;1;196;
CLI9639;M;Si;39;No;Negocios/empresa;10-20annos;Bajo;3;1985;Millennials;27074;Caceres;1,882;30;0;187;
CLI9640;M;Si;64;Si;Artista;+20annos;Medio;2;1960;Generacion X;44322;Navarra;1,091;50;0;197;
CLI9641;M;No;32;No;Artista;10-20annos;Bajo;5;1992;Millennials;30036;Pontevedra;1,491;30;0;474;3
CLI9642;M;No;29;No;Medico;<10annos;Bajo;1;1995;Millennials;30946;Toledo;1,167;30;0;591;4
CLI9643;F;Si;92;Si;Servicios;+20annos;Alto;2;1932;Generacion Silenciosa;21013;Toledo;1,502;30;0;266;
CLI9644;M;Si;95;Si;Ejecutivo;+20annos;Bajo;1;1929;Generacion Silenciosa;121583;Las Palmas;1,443;50;0;425;1
CLI9645;M;Si;85;No;Servicios;+20annos;Alto;2;1939;Generacion Silenciosa;89330;Toledo;1,209;120;0;208;
CLI9646;F;No;41;Si;Artista;10-20annos;Bajo;3;1983;Millennials;100442;Palencia;1,813;30;0;107;
CLI9647;M;Si;81;No;Ejecutivo;+20annos;Alto;2;1943;Generacion Silenciosa;92741;Valencia;0,661;120;1;265;
CLI9648;M;No;30;No;Artista;<10annos;Bajo;2;1994;Millennials;22631;Cadiz;0,755;30;0;439;3
CLI9649;F;Si;62;Si;Artista;+20annos;Bajo;1;1962;Generacion X;52358;Santa Cruz de Tenerife;1,17;50;0;75;
CLI9650;F;No;30;Si;Funcionario;<10annos;Bajo;1;1994;Millennials;27981;LLeida;1,606;30;0;321;0,5
CLI9651;M;Si;43;Si;Artista;+20annos;Medio;2;1981;Millennials;71284;Granada;1,537;50;0;69;
CLI9652;M;Si;39;Si;Otros;10-20annos;Medio;2;1985;Millennials;26320;Toledo;0,755;30;0;235;
CLI9653;M;Si;73;Si;Otros;+20annos;Medio;2;1951;Generacion X;26783;Ceuta;0,583;30;1;280;
CLI9654;F;No;52;Si;Artista;+20annos;Bajo;2;1972;Generacion X;65804;Salamanca;1,561;50;0;44;
CLI9655;F;Si;40;Si;Artista;10-20annos;Medio;2;1984;Millennials;127820;Huelva;2,043;50;0;384;3
CLI9656;M;Si;47;Si;Artista;+20annos;Medio;2;1977;Generacion X;49080;Guadalajara;11,305;50;0;592;4
CLI9657;F;Si;61;Si;Artista;+20annos;Medio;4;1963;Generacion X;71120;Badajoz;1,756;80;0;40;
CLI9658;M;Si;45;Si;Medico;+20annos;Medio;3;1979;Generacion X;41339;Teruel;0,916;30;0;374;3
CLI9659;F;No;29;Si;Artista;<10annos;Bajo;5;1995;Millennials;29942;Zamora;1,098;30;1;140;
CLI9660;M;Si;79;Si;Artista;+20annos;Alto;2;1945;Generacion Silenciosa;31656;Granada;1,58;30;0;584;1
CLI9661;M;Si;65;;Artista;+20annos;Medio;2;1959;Generacion X;53899;La Rioja;1,658;30;0;220;
CLI9662;M;Si;42;Si;Otros;+20annos;Medio;3;1982;Millennials;25560;Cordoba;0,801;30;1;360;0,5
CLI9663;M;Si;79;No;Servicios;+20annos;Bajo;2;1945;Generacion Silenciosa;54327;Granada;0,603;30;0;596;4
CLI9664;M;No;34;Si;Funcionario;10-20annos;Bajo;4;1990;Millennials;29899;Vizcaya;1,537;30;0;369;3
CLI9665;M;No;45;Si;Artista;+20annos;Bajo;1;1979;Generacion X;99736;Leon;1,997;50;0;524;1
CLI9666;M;No;28;No;Ingeniero;<10annos;Bajo;2;1996;Millennials;21291;Almeri­a;1,305;30;1;230;
CLI9667;M;No;32;Si;Artista;10-20annos;Bajo;1;1992;Millennials;20427;Sevilla;1,261;30;1;345;0,5
CLI9668;M;Si;91;Si;Servicios;+20annos;Alto;2;1933;Generacion Silenciosa;40195;Soria;1,287;50;0;32;
CLI9669;F;Si;56;Si;Ingeniero;+20annos;Medio;4;1968;Generacion X;36162;Barcelona;1,013;30;1;171;
CLI9670;M;Si;44;Si;Artista;+20annos;Bajo;2;1980;Generacion X;73358;Vizcaya;1,56;50;0;335;0,5
CLI9671;F;Si;84;Si;Artista;+20annos;Medio;2;1940;Generacion Silenciosa;113801;Teruel;1,756;50;0;487;3
CLI9672;M;Si;32;Si;Artista;10-20annos;Bajo;4;1992;Millennials;29033;Melilla;1,008;30;0;410;3
CLI9673;M;Si;51;Si;Artista;+20annos;Bajo;3;1973;Generacion X;118556;Teruel;0,896;80;0;183;
CLI9674;F;Si;64;Si;Artista;+20annos;Medio;4;1960;Generacion X;110361;Las Palmas;11,305;80;1;395;3
CLI9675;F;No;51;Si;Artista;+20annos;Bajo;1;1973;Generacion X;120429;Segovia;1,365;50;0;409;1
CLI9676;F;Si;81;No;Servicios;+20annos;Alto;2;1943;Generacion Silenciosa;55037;Santa Cruz de Tenerife;0,622;30;0;433;3
CLI9677;M;Si;58;Si;Ejecutivo;+20annos;Alto;3;1966;Generacion X;47778;Lugo;1,463;30;0;498;1
CLI9678;M;Si;69;Si;Artista;+20annos;Bajo;1;1955;Generacion X;65296;Teruel;1,756;50;0;532;1
CLI9679;F;Si;54;Si;Artista;+20annos;Medio;3;1970;Generacion X;30847;Ceuta;0,974;30;0;428;3
CLI9680;M;No;28;Si;Otros;<10annos;Bajo;2;1996;Millennials;24778;Gerona;1,857;30;1;306;0,5
CLI9681;M;No;51;No;Ingeniero;+20annos;Bajo;3;1973;Generacion X;49428;Burgos;1,502;30;0;247;
CLI9682;F;No;47;Si;Artista;+20annos;Bajo;9;1977;Generacion X;31654;Leon;1,287;30;1;115;
CLI9683;F;Si;64;Si;Artista;+20annos;Medio;4;1960;Generacion X;70518;Palencia;1,091;80;0;200;
CLI9684;M;Si;45;Si;Ejecutivo;+20annos;Alto;4;1979;Generacion X;38746;Soria;0,824;30;0;569;4
CLI9685;F;No;31;No;Funcionario;<10annos;Bajo;3;1993;Millennials;20397;Zamora;2,02;30;1;270;
CLI9686;M;No;29;Si;Funcionario;<10annos;Bajo;4;1995;Millennials;27752;ivila;1,857;30;0;366;3
CLI9687;M;No;32;Si;Funcionario;10-20annos;Bajo;2;1992;Millennials;26526;Ceuta;1,169;30;1;256;
CLI9688;M;No;36;Si;Funcionario;10-20annos;Bajo;1;1988;Millennials;22696;Melilla;1,537;30;0;201;
CLI9689;F;No;43;Si;Ingeniero;+20annos;Bajo;1;1981;Millennials;96775;Navarra;1,169;50;0;48;
CLI9690;M;Si;56;Si;Otros;+20annos;Medio;4;1968;Generacion X;34276;Castellon;0,583;30;0;86;
CLI9691;M;Si;51;Si;Otros;+20annos;Alto;4;1973;Generacion X;110457;Tarragona;0,622;80;0;303;0,5
CLI9692;M;Si;42;No;Ejecutivo;+20annos;Alto;6;1982;Millennials;88033;Guipiºzcoa;1,951;30;1;255;
CLI9693;M;Si;29;Si;Artista;<10annos;Medio;3;1995;Millennials;19037;Leon;1,029;30;0;418;3
CLI9694;F;Si;46;Si;Ingeniero;+20annos;Medio;4;1978;Generacion X;52139;La Corui±a;1,385;30;0;232;
CLI9695;F;Si;47;Si;Otros;+20annos;Medio;3;1977;Generacion X;126111;Vizcaya;0,642;80;0;96;
CLI9696;M;Si;58;Si;Ejecutivo;+20annos;Bajo;4;1966;Generacion X;49068;Cordoba;1,639;30;0;559;1
CLI9697;M;Si;51;Si;Artista;+20annos;Bajo;4;1973;Generacion X;72443;Barcelona;0,915;80;0;303;0,5
CLI9698;F;Si;44;Si;Artista;+20annos;Medio;3;1980;Generacion X;100879;Burgos;1,031;30;1;262;
CLI9699;M;Si;78;Si;Artista;+20annos;Bajo;2;1946;Generacion X;37672;Sevilla;1,033;50;1;290;
CLI9700;M;Si;35;Si;Negocios/empresa;10-20annos;Alto;4;1989;Millennials;21735;Pontevedra;1,997;30;0;384;3
CLI9701;M;No;45;Si;Otros;+20annos;Bajo;2;1979;Generacion X;90353;Guadalajara;0,686;50;0;421;3
CLI9702;F;No;51;Si;Otros;+20annos;Bajo;2;1973;Generacion X;62892;Barcelona;0,759;50;0;462;3
CLI9703;M;Si;44;Si;Ejecutivo;+20annos;Alto;4;1980;Generacion X;32537;Gerona;1,79;30;1;112;
CLI9704;M;No;32;No;Medico;10-20annos;Bajo;5;1992;Millennials;26250;Valladolid;0,962;30;1;194;
CLI9705;M;Si;28;Si;Medico;<10annos;Medio;2;1996;Millennials;22922;Alicante;2,961;30;0;190;
CLI9706;F;Si;57;Si;Negocios/empresa;+20annos;Bajo;1;1967;Generacion X;99087;Jaen;1,209;50;0;72;
CLI9707;M;No;33;Si;Medico;10-20annos;Bajo;5;1991;Millennials;27198;Gerona;1,537;30;0;342;0,5
CLI9708;F;Si;28;Si;Funcionario;<10annos;Alto;2;1996;Millennials;27876;Caceres;12,015;30;0;70;
CLI9709;M;No;35;No;Artista;10-20annos;Bajo;4;1989;Millennials;21200;Badajoz;1,537;30;0;484;3
CLI9710;F;No;36;No;Medico;10-20annos;Bajo;4;1988;Millennials;18593;Las Palmas;1,1;30;0;429;3
CLI9711;F;No;54;Si;Artista;+20annos;Bajo;1;1970;Generacion X;103279;ivila;1,404;50;1;196;
CLI9712;F;No;47;Si;Medico;+20annos;Bajo;4;1977;Generacion X;30164;Las Palmas;1,404;30;0;54;
CLI9713;M;Si;53;Si;Artista;+20annos;Bajo;1;1971;Generacion X;54238;Guadalajara;0,818;50;0;176;
CLI9714;M;No;45;No;Artista;+20annos;Bajo;2;1979;Generacion X;58982;Teruel;1,698;30;0;183;
CLI9715;F;No;32;Si;Funcionario;10-20annos;Bajo;2;1992;Millennials;22414;Melilla;0,893;30;0;538;4
CLI9716;F;No;39;Si;Artista;10-20annos;Bajo;2;1985;Millennials;23757;Lugo;1,997;30;0;343;0,5
CLI9717;M;Si;45;Si;Artista;+20annos;Medio;2;1979;Generacion X;128055;Sevilla;1,376;50;0;407;3
CLI9718;F;Si;52;Si;Artista;+20annos;Medio;4;1972;Generacion X;43558;Baleares;0,837;30;0;501;4
CLI9719;F;Si;58;Si;Artista;+20annos;Medio;3;1966;Generacion X;107734;Gerona;0,7;80;1;263;
CLI9720;M;;44;Si;Artista;+20annos;Bajo;1;1980;Generacion X;49850;Pontevedra;0,755;50;1;370;3
CLI9721;F;Si;44;Si;Artista;+20annos;Alto;2;1980;Generacion X;78744;Granada;1,721;50;0;599;1
CLI9722;M;Si;51;Si;Artista;+20annos;Bajo;1;1973;Generacion X;71111;Madrid;1,189;50;1;118;
CLI9723;F;No;40;Si;Negocios/empresa;10-20annos;Bajo;4;1984;Millennials;70834;Zaragoza;1,629;30;0;459;1
CLI9724;F;Si;78;Si;Servicios;+20annos;Bajo;6;1946;Generacion X;40392;Zaragoza;0,915;30;0;421;3
CLI9725;F;Si;33;No;Ingeniero;10-20annos;Medio;2;1991;Millennials;28397;Malaga;1,33;30;1;369;3
CLI9726;F;Si;44;No;Ingeniero;+20annos;Medio;4;1980;Generacion X;30671;Cadiz;2,043;30;0;334;0,5
CLI9727;M;Si;47;No;Otros;+20annos;Medio;5;1977;Generacion X;74425;La Corui±a;1,209;30;1;279;
CLI9728;M;Si;44;Si;Otros;+20annos;Medio;3;1980;Generacion X;109155;Granada;1,422;30;0;132;
CLI9729;M;Si;43;No;Otros;+20annos;Medio;4;1981;Millennials;54243;Santa Cruz de Tenerife;0,893;30;0;396;3
CLI9730;M;Si;54;No;Ejecutivo;+20annos;Alto;7;1970;Generacion X;74743;Burgos;1,267;30;0;203;
CLI9731;M;Si;56;No;Artista;+20annos;Medio;5;1968;Generacion X;126289;Melilla;0,994;200;0;50;
CLI9732;F;Si;43;No;Medico;+20annos;Medio;9;1981;Millennials;47471;Guadalajara;0,709;30;0;489;3
CLI9733;M;Si;25;No;Funcionario;<10annos;Bajo;5;1999;Generacion Z;25272;Segovia;2,409;30;0;156;
CLI9734;M;Si;58;No;Ingeniero;+20annos;Medio;6;1966;Generacion X;96211;La Rioja;1,639;30;1;365;
CLI9735;F;No;39;No;Ingeniero;10-20annos;Bajo;5;1985;Millennials;19814;Jaen;1,629;30;0;142;
CLI9736;M;No;39;No;Ejecutivo;10-20annos;Bajo;4;1985;Millennials;31473;Tarragona;1,767;30;1;289;
CLI9737;M;Si;33;Si;Medico;10-20annos;Bajo;9;1991;Millennials;27252;LLeida;1,537;30;0;31;
CLI9738;M;Si;43;No;Ingeniero;+20annos;Medio;1;1981;Millennials;102060;Ceuta;1,951;120;0;501;4
CLI9739;M;No;42;Si;Artista;+20annos;Bajo;3;1982;Millennials;106456;Tarragona;0,939;30;0;153;
CLI9740;F;No;58;No;Negocios/empresa;+20annos;Bajo;1;1966;Generacion X;127167;Ciudad Real;0,642;120;0;336;0,5
CLI9741;F;No;40;Si;Ingeniero;10-20annos;Bajo;1;1984;Millennials;120497;ilava;1,169;50;1;357;0,5
CLI9742;M;No;36;No;Ingeniero;10-20annos;Bajo;4;1988;Millennials;31698;Vizcaya;1,008;30;0;123;
CLI9743;F;No;44;Si;Ingeniero;+20annos;Bajo;1;1980;Generacion X;122906;Segovia;0,686;50;0;593;4
CLI9744;F;Si;40;Si;Artista;10-20annos;Medio;4;1984;Millennials;84187;Jaen;1,353;30;0;358;0,5
CLI9745;M;No;34;No;Medico;10-20annos;Bajo;5;1990;Millennials;26905;Toledo;1,284;30;0;195;
CLI9746;M;No;34;No;Medico;10-20annos;Bajo;2;1990;Millennials;29398;Orense;1,606;30;0;536;4
CLI9747;M;Si;45;Si;Funcionario;+20annos;Medio;4;1979;Generacion X;118693;Alicante;0,686;30;0;534;4
CLI9748;M;Si;53;No;Servicios;+20annos;Medio;4;1971;Generacion X;52461;Palencia;0,974;30;0;411;3
CLI9749;F;Si;42;Si;Artista;+20annos;Medio;3;1982;Millennials;36920;Guipiºzcoa;0,87;30;0;465;3
CLI9750;M;Si;54;No;Artista;+20annos;Bajo;5;1970;Generacion X;43565;Almeri­a;1,697;30;0;450;3
CLI9751;M;Si;46;Si;Medico;+20annos;Bajo;1;1978;Generacion X;24734;Toledo;1,111;30;0;312;0,5
CLI9752;M;Si;31;Si;Ejecutivo;<10annos;Alto;9;1993;Millennials;24910;Ceuta;1,882;30;1;324;0,5
CLI9753;M;Si;56;No;Otros;+20annos;Alto;4;1968;Generacion X;35644;Toledo;1,052;30;0;119;
CLI9754;M;Si;45;No;Artista;+20annos;Medio;2;1979;Generacion X;117544;Leon;0,709;120;0;193;
CLI9755;F;Si;63;No;Ingeniero;+20annos;Medio;6;1961;Generacion X;101409;Gerona;0,915;30;0;552;4
CLI9756;M;Si;74;Si;Artista;+20annos;Bajo;1;1950;Generacion X;111011;ivila;1,267;50;0;539;1
CLI9757;M;Si;32;No;Ejecutivo;10-20annos;Medio;5;1992;Millennials;26085;Murcia;1,445;30;1;212;
CLI9758;F;Si;51;;Negocios/empresa;+20annos;Bajo;1;1973;Generacion X;92940;Guipiºzcoa;0,896;120;0;196;
CLI9759;M;Si;54;Si;Artista;+20annos;Alto;2;1970;Generacion X;90940;ivila;1,111;50;1;259;
CLI9760;F;No;31;No;Ingeniero;<10annos;Bajo;3;1993;Millennials;25782;Zamora;1,629;30;0;279;
CLI9761;F;Si;53;No;Ingeniero;+20annos;Medio;4;1971;Generacion X;41923;Granada;1,404;30;1;366;3
CLI9762;F;Si;56;No;Ingeniero;+20annos;Medio;4;1968;Generacion X;124325;Santa Cruz de Tenerife;0,583;200;0;208;
CLI9763;F;Si;53;No;Ingeniero;+20annos;Medio;6;1971;Generacion X;125361;Orense;0,661;200;1;269;
CLI9764;F;Si;53;No;Ingeniero;+20annos;Medio;5;1971;Generacion X;35333;La Corui±a;0,603;30;0;480;3
CLI9765;F;;57;No;Ingeniero;+20annos;Medio;4;1967;Generacion X;71406;Burgos;15,215;30;0;101;
CLI9766;F;Si;43;No;Ingeniero;+20annos;Medio;4;1981;Millennials;21984;Almeri­a;0,709;30;1;131;
CLI9767;F;Si;55;No;Ingeniero;+20annos;Medio;5;1969;Generacion X;76664;Toledo;0,779;30;0;205;
CLI9768;F;No;36;No;Ingeniero;10-20annos;Bajo;9;1988;Millennials;22367;Ciudad Real;1,721;30;0;555;4
CLI9769;F;No;39;Si;Artista;10-20annos;Bajo;1;1985;Millennials;25395;LLeida;0,686;30;0;83;
CLI9770;M;Si;33;No;Negocios/empresa;10-20annos;Alto;5;1991;Millennials;30488;Las Palmas;0,824;30;1;303;0,5
CLI9771;F;Si;51;No;Ingeniero;+20annos;Medio;1;1973;Generacion X;92740;ilava;1,189;120;0;599;4
CLI9772;M;No;40;No;Negocios/empresa;10-20annos;Bajo;4;1984;Millennials;39215;La Rioja;1,882;30;1;251;
CLI9773;M;No;47;No;Otros;+20annos;Bajo;1;1977;Generacion X;25077;Valencia;1,561;30;1;172;
CLI9774;M;Si;29;No;Otros;<10annos;Bajo;1;1995;Millennials;25323;Huesca;1,857;30;1;238;
CLI9775;M;Si;36;No;Ejecutivo;10-20annos;Bajo;2;1988;Millennials;28718;Valladolid;1,491;30;1;119;
CLI9776;M;Si;55;;Otros;+20annos;Medio;5;1969;Generacion X;86739;La Rioja;11,305;30;0;167;
CLI9777;F;Si;54;Si;Ingeniero;+20annos;Alto;5;1970;Generacion X;53127;Ciudad Real;1,541;30;0;459;1
CLI9778;M;Si;53;Si;Ingeniero;+20annos;Medio;5;1971;Generacion X;104135;Las Palmas;1,189;30;1;283;
CLI9779;M;No;34;Si;Artista;10-20annos;Bajo;1;1990;Millennials;26743;Alicante;1,629;30;0;234;
CLI9780;F;Si;42;No;Ingeniero;+20annos;Medio;2;1982;Millennials;51622;Santa Cruz de Tenerife;1,008;30;0;339;0,5
CLI9781;F;No;23;No;Funcionario;<10annos;Bajo;1;2001;Generacion Z;17307;Vizcaya;2,685;30;0;93;
CLI9782;F;Si;55;No;Otros;+20annos;Medio;5;1969;Generacion X;94165;Zamora;1,502;30;1;246;
CLI9783;M;No;25;No;Funcionario;<10annos;Bajo;6;1999;Generacion Z;27717;ivila;2,651;30;1;331;0,5
CLI9784;F;Si;23;No;Funcionario;<10annos;Bajo;2;2001;Generacion Z;21831;La Corui±a;14,775;30;1;229;
CLI9785;M;Si;78;No;Servicios;+20annos;Bajo;1;1946;Generacion X;49854;Pontevedra;1,287;30;1;358;0,5
CLI9786;M;No;22;No;Funcionario;<10annos;Bajo;6;2002;Generacion Z;16902;Guadalajara;2,237;30;0;188;
CLI9787;F;;35;No;Ingeniero;10-20annos;Alto;5;1989;Millennials;22950;Teruel;1,583;30;0;269;
CLI9788;M;Si;32;No;Ingeniero;10-20annos;Medio;3;1992;Millennials;27720;Toledo;1,077;30;1;298;
CLI9789;M;Si;46;Si;Artista;+20annos;Medio;4;1978;Generacion X;126839;Badajoz;1,326;80;0;93;
CLI9790;M;No;22;No;Medico;<10annos;Bajo;6;2002;Generacion Z;17844;Navarra;2,616;30;0;47;
CLI9791;M;Si;40;No;Ejecutivo;10-20annos;Bajo;6;1984;Millennials;27614;Zamora;0,939;30;0;83;
CLI9792;F;Si;46;No;Ingeniero;+20annos;Alto;6;1978;Generacion X;117677;Zaragoza;1,287;30;0;222;
CLI9793;M;No;20;No;Funcionario;<10annos;Bajo;4;2004;Generacion Z;15292;Granada;1,685;30;0;207;
CLI9794;M;No;28;No;Construccion;<10annos;Bajo;2;1996;Millennials;20576;Zamora;2,03;30;0;396;3
CLI9795;F;No;33;No;Ingeniero;10-20annos;Bajo;8;1991;Millennials;24507;Palencia;1,376;30;0;187;
CLI9796;F;No;31;No;Construccion;<10annos;Bajo;9;1993;Millennials;29713;Alicante;1,031;30;0;100;
CLI9797;M;Si;46;Si;Otros;+20annos;Bajo;6;1978;Generacion X;100487;Santa Cruz de Tenerife;0,622;30;1;199;
CLI9798;M;Si;42;Si;Artista;+20annos;Bajo;4;1982;Millennials;58529;Toledo;1,077;30;1;250;
CLI9799;M;Si;46;Si;Artista;+20annos;Medio;2;1978;Generacion X;34956;Vizcaya;0,837;30;0;525;4
CLI9800;F;Si;57;No;Ingeniero;+20annos;Medio;5;1967;Generacion X;49869;Sevilla;0,74;30;0;297;
CLI9801;F;Si;32;Si;Medico;10-20annos;Medio;2;1992;Millennials;22615;Palencia;1,882;30;1;343;0,5
CLI9802;M;Si;44;Si;Artista;+20annos;Bajo;2;1980;Generacion X;105369;LLeida;1,123;50;0;207;
CLI9803;F;No;42;No;Ingeniero;+20annos;Bajo;2;1982;Millennials;69179;ivila;0,778;30;0;374;3
CLI9804;M;Si;41;Si;Ingeniero;10-20annos;Medio;4;1983;Millennials;59372;La Corui±a;1,859;30;1;367;3
CLI9805;F;Si;72;No;Servicios;+20annos;Bajo;1;1952;Generacion X;54591;Sevilla;1,267;30;0;479;3
CLI9806;M;;89;No;Ejecutivo;+20annos;Alto;2;1935;Generacion Silenciosa;107294;Leon;1,072;120;0;148;
CLI9807;M;;65;Si;Ingeniero;+20annos;Medio;2;1959;Generacion X;103142;La Corui±a;1,58;50;0;340;0,5
CLI9808;F;Si;52;Si;Artista;+20annos;Medio;5;1972;Generacion X;31166;Murcia;1,326;30;1;198;
CLI9809;M;Si;63;Si;Artista;+20annos;Medio;3;1961;Generacion X;39541;Las Palmas;1,267;30;0;95;
CLI9810;M;Si;43;Si;Ejecutivo;+20annos;Alto;4;1981;Millennials;68698;Vizcaya;2,02;30;0;208;
CLI9811;F;;35;;Medico;10-20annos;Alto;2;1989;Millennials;20694;Gerona;1,445;30;1;257;
CLI9812;M;Si;41;Si;Artista;10-20annos;Bajo;1;1983;Millennials;82278;Segovia;1,928;50;0;360;0,5
CLI9813;M;No;43;Si;Artista;+20annos;Bajo;1;1981;Millennials;107825;Murcia;0,778;50;0;173;
CLI9814;M;Si;43;No;Medico;+20annos;Medio;5;1981;Millennials;48991;Cordoba;0,939;30;0;382;3
CLI9815;M;;66;No;Ejecutivo;+20annos;Medio;2;1958;Generacion X;50964;Badajoz;0,622;30;0;110;
CLI9816;F;Si;77;Si;Artista;+20annos;Medio;2;1947;Generacion X;121044;Albacete;0,74;50;0;241;
CLI9817;M;Si;56;Si;Ejecutivo;+20annos;Bajo;1;1968;Generacion X;98222;Caceres;1,424;50;1;272;
CLI9818;M;Si;53;No;Artista;+20annos;Bajo;3;1971;Generacion X;44772;Jaen;1,287;30;0;163;
CLI9819;M;No;47;No;Otros;+20annos;Bajo;1;1977;Generacion X;85644;Guadalajara;1,482;120;0;448;3
CLI9820;F;Si;32;No;Ingeniero;10-20annos;Bajo;2;1992;Millennials;20439;Albacete;1,284;30;0;594;4
CLI9821;F;Si;47;Si;Otros;+20annos;Bajo;2;1977;Generacion X;66389;Cadiz;1,717;50;1;194;
CLI9822;M;No;28;No;Medico;<10annos;Bajo;1;1996;Millennials;27876;Barcelona;2,858;30;0;351;0,5
CLI9823;F;Si;83;No;Servicios;+20annos;Bajo;1;1941;Generacion Silenciosa;124027;Pontevedra;0,72;120;0;304;0,5
CLI9824;F;No;24;No;Funcionario;<10annos;Bajo;5;2000;Generacion Z;19174;La Corui±a;2,685;30;0;322;0,5
CLI9825;M;Si;95;No;Negocios/empresa;+20annos;Bajo;1;1929;Generacion Silenciosa;64679;Vizcaya;1,717;30;0;410;3
CLI9826;F;Si;55;Si;Otros;+20annos;Bajo;2;1969;Generacion X;51063;Caceres;0,915;50;0;311;0,5
CLI9827;M;Si;80;No;Servicios;+20annos;Alto;9;1944;Generacion Silenciosa;27466;Valencia;0,798;30;0;357;0,5
CLI9828;M;No;96;;Servicios;+20annos;Bajo;2;1928;Generacion Silenciosa;103262;Salamanca;1,091;120;0;426;3
CLI9829;M;Si;54;Si;Artista;+20annos;Medio;4;1970;Generacion X;66783;Pontevedra;0,798;80;0;52;
CLI9830;M;Si;51;Si;Ejecutivo;+20annos;Alto;5;1973;Generacion X;125915;Albacete;0,974;200;0;509;4
CLI9831;M;Si;80;No;Ejecutivo;+20annos;Alto;2;1944;Generacion Silenciosa;101506;Alicante;1,404;120;0;36;
CLI9832;F;Si;96;Si;Servicios;+20annos;Alto;2;1928;Generacion Silenciosa;70843;Barcelona;0,857;50;1;135;
CLI9833;M;Si;58;No;Ejecutivo;+20annos;Alto;4;1966;Generacion X;22792;Melilla;0,935;30;0;449;3
CLI9834;M;Si;92;Si;Servicios;+20annos;Alto;2;1932;Generacion Silenciosa;33315;ilava;1,717;30;0;154;
CLI9835;M;Si;52;Si;Ejecutivo;+20annos;Alto;3;1972;Generacion X;125255;Segovia;1,561;80;0;554;1
CLI9836;M;Si;65;No;Ejecutivo;+20annos;Alto;4;1959;Generacion X;76200;Huelva;11,305;30;0;61;
CLI9837;M;Si;90;No;Servicios;+20annos;Bajo;1;1934;Generacion Silenciosa;35885;Ceuta;1,267;30;0;592;4
CLI9838;F;Si;78;Si;Servicios;+20annos;Alto;2;1946;Generacion X;51982;Toledo;0,74;50;0;76;
CLI9839;M;Si;43;Si;Artista;+20annos;Medio;2;1981;Millennials;45721;Burgos;0,962;50;1;267;
CLI9840;F;No;28;No;Medico;<10annos;Bajo;2;1996;Millennials;25183;ilava;1,512;30;0;65;
CLI9841;M;Si;74;Si;Ejecutivo;+20annos;Alto;2;1950;Generacion X;127520;Albacete;0,955;50;0;303;0,5
CLI9842;F;Si;91;Si;Servicios;+20annos;Alto;2;1933;Generacion Silenciosa;98221;Guipiºzcoa;0,994;50;1;106;
CLI9843;M;Si;54;No;Ejecutivo;+20annos;Alto;4;1970;Generacion X;68343;Tarragona;1,6;30;0;62;
CLI9844;F;Si;96;No;Servicios;+20annos;Alto;2;1928;Generacion Silenciosa;22237;Vizcaya;1,6;30;0;480;3
CLI9845;M;Si;76;No;Servicios;+20annos;Medio;2;1948;Generacion X;41579;Valencia;15,215;30;1;382;3
CLI9846;M;Si;44;Si;Otros;+20annos;Medio;2;1980;Generacion X;74960;Las Palmas;1,882;50;1;105;
CLI9847;M;Si;96;Si;Servicios;+20annos;Alto;2;1928;Generacion Silenciosa;54233;Barcelona;1,072;50;0;263;
CLI9848;M;Si;75;Si;Funcionario;+20annos;Medio;3;1949;Generacion X;111943;Jaen;0,955;80;0;61;
CLI9849;F;Si;47;Si;Artista;+20annos;Medio;2;1977;Generacion X;28252;Ciudad Real;0,818;30;0;580;4
CLI9850;M;Si;74;Si;Artista;+20annos;Alto;5;1950;Generacion X;91150;Gerona;0,837;30;0;160;
CLI9851;M;Si;88;Si;Servicios;+20annos;Bajo;1;1936;Generacion Silenciosa;90378;Guipiºzcoa;0,7;50;1;261;
CLI9852;M;Si;72;Si;Servicios;+20annos;Bajo;1;1952;Generacion X;38281;Vizcaya;0,681;50;0;120;
CLI9853;M;No;32;Si;Medico;10-20annos;Bajo;4;1992;Millennials;21545;Tarragona;1,353;30;1;239;
CLI9854;M;Si;66;Si;Otros;+20annos;Medio;3;1958;Generacion X;23264;Cadiz;0,779;30;0;218;
CLI9855;M;Si;79;Si;Ejecutivo;+20annos;Alto;2;1945;Generacion Silenciosa;114925;Malaga;1,248;50;1;371;3
CLI9856;M;Si;63;Si;Medico;+20annos;Bajo;1;1961;Generacion X;45321;Burgos;1,619;50;1;277;
CLI9857;M;Si;52;Si;Ejecutivo;+20annos;Alto;4;1972;Generacion X;97171;La Corui±a;1,248;80;0;77;
CLI9858;M;Si;43;No;Otros;+20annos;Medio;2;1981;Millennials;21081;Cadiz;1,307;30;0;329;0,5
CLI9859;M;Si;68;Si;Artista;+20annos;Alto;2;1956;Generacion X;90432;Granada;0,955;50;0;214;
CLI9860;F;Si;89;Si;Servicios;+20annos;Bajo;1;1935;Generacion Silenciosa;26476;ilava;15,215;30;0;332;0,5
CLI9861;M;Si;72;No;Ejecutivo;+20annos;Medio;2;1952;Generacion X;118405;Jaen;0,7;120;0;565;4
CLI9862;M;No;52;No;Servicios;+20annos;Bajo;2;1972;Generacion X;106132;Toledo;1,639;120;0;236;
CLI9863;F;Si;44;Si;Artista;+20annos;Medio;2;1980;Generacion X;22206;Burgos;0,686;30;1;196;
CLI9864;F;Si;95;No;Servicios;+20annos;Alto;2;1929;Generacion Silenciosa;22516;Soria;1,052;30;0;245;
CLI9865;M;Si;74;Si;Servicios;+20annos;Alto;2;1950;Generacion X;85246;Ciudad Real;1,424;50;0;264;
CLI9866;F;Si;50;Si;Artista;+20annos;Medio;5;1974;Generacion X;122860;Cadiz;1,013;200;1;361;0,5
CLI9867;F;No;30;Si;Funcionario;<10annos;Bajo;4;1994;Millennials;31143;Ceuta;1,123;30;0;565;4
CLI9868;F;No;35;Si;Artista;10-20annos;Bajo;1;1989;Millennials;21694;Zaragoza;0,755;30;0;467;3
CLI9869;F;Si;45;Si;Artista;+20annos;Medio;2;1979;Generacion X;65926;La Rioja;2,066;50;0;488;3
CLI9870;F;Si;30;Si;Funcionario;<10annos;Medio;2;1994;Millennials;26928;Sevilla;0,732;30;1;193;
CLI9871;F;Si;64;No;Artista;+20annos;Medio;3;1960;Generacion X;29227;Jaen;1,541;30;1;295;
CLI9872;F;Si;67;Si;Otros;+20annos;Medio;5;1957;Generacion X;112416;Lugo;1,482;30;1;329;0,5
CLI9873;M;Si;57;Si;Artista;+20annos;Medio;2;1967;Generacion X;22431;ivila;1,6;30;1;216;
CLI9874;M;No;28;Si;Medico;<10annos;Bajo;1;1996;Millennials;28533;Pontevedra;1,719;30;1;238;
CLI9875;M;No;36;Si;Funcionario;10-20annos;Bajo;3;1988;Millennials;21184;Baleares;1,974;30;1;237;
CLI9876;M;No;34;No;Artista;10-20annos;Bajo;1;1990;Millennials;27547;Navarra;0,709;30;0;595;4
CLI9877;M;No;41;Si;Otros;10-20annos;Bajo;1;1983;Millennials;84538;Leon;0,939;50;0;397;3
CLI9878;M;Si;42;Si;Artista;+20annos;Medio;2;1982;Millennials;50398;Zaragoza;0,985;50;0;504;4
CLI9879;M;Si;89;Si;Servicios;+20annos;Bajo;1;1935;Generacion Silenciosa;28866;La Rioja;1,033;30;0;570;4
CLI9880;M;Si;67;Si;Ejecutivo;+20annos;Alto;3;1957;Generacion X;116091;Sevilla;0,818;80;1;154;
CLI9881;M;No;22;No;Funcionario;<10annos;Bajo;3;2002;Generacion Z;16263;Badajoz;2,754;30;0;142;
CLI9882;F;Si;53;Si;Artista;+20annos;Alto;4;1971;Generacion X;110560;Palencia;1,267;80;0;416;1
CLI9883;F;Si;47;Si;Artista;+20annos;Medio;2;1977;Generacion X;71165;Badajoz;0,876;50;0;600;4
CLI9884;F;No;24;No;Construccion;<10annos;Bajo;4;2000;Generacion Z;13572;ilava;2,927;30;0;114;
CLI9885;F;Si;69;Si;Artista;+20annos;Medio;4;1955;Generacion X;65151;Valencia;0,779;80;0;186;
CLI9886;F;No;28;Si;Funcionario;<10annos;Bajo;1;1996;Millennials;26869;Baleares;1,685;30;0;107;
CLI9887;F;No;80;Si;Servicios;+20annos;Bajo;1;1944;Generacion Silenciosa;127262;Castellon;1,717;50;1;125;
CLI9888;F;Si;47;No;Artista;+20annos;Medio;4;1977;Generacion X;82702;Valencia;1,013;30;0;302;0,5
CLI9889;F;Si;43;No;Medico;+20annos;Medio;4;1981;Millennials;50243;Vizcaya;0,939;30;1;397;3
CLI9890;F;Si;54;Si;Artista;+20annos;Medio;4;1970;Generacion X;118124;Castellon;0,7;80;0;483;3
CLI9891;F;Si;91;Si;Servicios;+20annos;Alto;2;1933;Generacion Silenciosa;55146;Cadiz;0,681;50;1;216;
CLI9892;M;No;24;No;Funcionario;<10annos;Bajo;6;2000;Generacion Z;13008;Burgos;2,547;30;0;105;
CLI9893;F;No;34;Si;Artista;10-20annos;Bajo;2;1990;Millennials;30252;ivila;1,997;30;0;479;3
CLI9894;F;Si;66;Si;Artista;+20annos;Alto;4;1958;Generacion X;51452;Salamanca;0,564;30;0;515;4
CLI9895;M;Si;46;Si;Otros;+20annos;Medio;4;1978;Generacion X;59063;Cordoba;1,306;80;0;188;
CLI9896;M;No;28;No;Otros;<10annos;Bajo;4;1996;Millennials;27171;Leon;2,133;30;0;498;3
CLI9897;M;No;32;Si;Funcionario;10-20annos;Bajo;3;1992;Millennials;30370;Guipiºzcoa;1,813;30;0;291;
CLI9898;M;Si;32;Si;Funcionario;10-20annos;Bajo;2;1992;Millennials;22845;Leon;1,031;30;1;255;
CLI9899;M;Si;43;Si;Otros;+20annos;Medio;2;1981;Millennials;46856;Cordoba;1,445;50;0;276;
CLI9900;M;Si;36;No;Ingeniero;10-20annos;Bajo;1;1988;Millennials;22874;Las Palmas;2,043;30;1;230;
CLI9901;M;Si;39;Si;Ejecutivo;10-20annos;Alto;4;1985;Millennials;23696;ilava;1,882;30;0;557;1
CLI9902;M;Si;42;No;Otros;+20annos;Bajo;3;1982;Millennials;64977;Valencia;1,974;30;1;397;3
CLI9903;M;Si;65;Si;Artista;+20annos;Alto;2;1959;Generacion X;22798;Badajoz;0,759;30;0;551;4
CLI9904;M;Si;74;No;Artista;+20annos;Medio;2;1950;Generacion X;92430;Cadiz;0,974;120;1;211;
CLI9905;M;Si;50;Si;Artista;+20annos;Bajo;1;1974;Generacion X;23805;Segovia;1,717;30;1;221;
CLI9906;M;Si;77;Si;Servicios;+20annos;Alto;2;1947;Generacion X;54008;Zamora;0,74;50;1;182;
CLI9907;M;No;21;No;Funcionario;<10annos;Bajo;4;2003;Generacion Z;12678;Valladolid;1,443;30;0;346;0,5
CLI9908;F;No;25;No;Funcionario;<10annos;Bajo;4;1999;Generacion Z;26835;Toledo;2,892;30;0;235;
CLI9909;M;No;24;No;Funcionario;<10annos;Bajo;4;2000;Generacion Z;17791;Badajoz;1,547;30;0;297;
CLI9910;F;No;25;Si;Funcionario;<10annos;Bajo;4;1999;Generacion Z;26146;Zaragoza;2,064;30;1;371;3
CLI9911;M;Si;88;No;Ejecutivo;+20annos;Bajo;1;1936;Generacion Silenciosa;84921;Santa Cruz de Tenerife;1,091;120;0;165;
CLI9912;M;Si;44;No;Ingeniero;+20annos;Medio;5;1980;Generacion X;50191;Sevilla;2,02;30;0;548;4
CLI9913;M;No;40;Si;Artista;10-20annos;Bajo;1;1984;Millennials;121176;Albacete;2,02;50;1;372;3
CLI9914;F;Si;34;No;Ingeniero;10-20annos;Bajo;4;1990;Millennials;29157;Almeri­a;0,824;30;0;537;4
CLI9915;F;Si;22;No;Ingeniero;<10annos;Bajo;2;2002;Generacion Z;23126;Navarra;1,995;30;0;491;3
CLI9916;M;Si;34;Si;Ejecutivo;10-20annos;Alto;2;1990;Millennials;25397;Sevilla;1,675;30;0;304;0,5
CLI9917;M;Si;55;Si;Ejecutivo;+20annos;Alto;5;1969;Generacion X;119774;Malaga;0,759;30;0;407;3
CLI9918;M;Si;74;No;Servicios;+20annos;Bajo;2;1950;Generacion X;89672;Tarragona;0,622;120;1;255;
CLI9919;F;;47;Si;Medico;+20annos;Medio;1;1977;Generacion X;121746;Vizcaya;1,619;50;0;484;3
CLI9920;F;Si;94;Si;Servicios;+20annos;Alto;3;1930;Generacion Silenciosa;81791;La Corui±a;1,541;80;0;200;
CLI9921;F;Si;72;Si;Artista;+20annos;Medio;3;1952;Generacion X;89681;Navarra;0,759;80;0;71;
CLI9922;M;Si;78;No;Ejecutivo;+20annos;Medio;4;1946;Generacion X;34054;Huesca;1,443;30;0;86;
CLI9923;F;No;22;No;Funcionario;<10annos;Bajo;6;2002;Generacion Z;20829;Tarragona;1,754;30;0;544;4
CLI9924;M;No;22;No;Funcionario;<10annos;Bajo;5;2002;Generacion Z;15248;Castellon;2,03;30;1;229;
CLI9925;M;Si;96;Si;Artista;+20annos;Bajo;1;1928;Generacion Silenciosa;97657;Tarragona;1,502;50;0;400;1
CLI9926;F;Si;41;Si;Artista;10-20annos;Bajo;2;1983;Millennials;93433;Zaragoza;1,1;50;1;307;0,5
CLI9927;M;Si;65;No;Otros;+20annos;Medio;2;1959;Generacion X;36827;Almeri­a;1,6;30;0;589;4
CLI9928;F;No;32;Si;Artista;10-20annos;Bajo;4;1992;Millennials;25046;LLeida;2,02;30;0;579;4
CLI9929;M;Si;94;Si;Ejecutivo;+20annos;Alto;2;1930;Generacion Silenciosa;76796;Guadalajara;11,305;50;0;488;1
CLI9930;F;Si;79;Si;Servicios;+20annos;Alto;2;1945;Generacion Silenciosa;110305;Segovia;0,955;50;0;401;3
CLI9931;F;No;46;Si;Artista;+20annos;Bajo;1;1978;Generacion X;118705;Madrid;1,502;50;0;428;1
CLI9932;F;Si;50;Si;Artista;+20annos;Medio;2;1974;Generacion X;56243;Gerona;11,305;50;0;497;3
CLI9933;M;Si;65;Si;Otros;+20annos;Medio;4;1959;Generacion X;47912;Cordoba;1,737;30;0;279;
CLI9934;M;No;21;No;Medico;<10annos;Bajo;5;2003;Generacion Z;13007;Ceuta;1,512;30;1;335;0,5
CLI9935;F;Si;52;Si;Artista;+20annos;Medio;3;1972;Generacion X;94759;Valladolid;1,697;80;1;395;3
CLI9936;F;Si;80;Si;Artista;+20annos;Alto;2;1944;Generacion Silenciosa;60597;Navarra;1,287;50;1;224;
CLI9937;F;Si;46;No;Artista;+20annos;Bajo;1;1978;Generacion X;124125;Burgos;1,209;120;0;361;0,5
CLI9938;F;No;41;Si;Medico;10-20annos;Bajo;5;1983;Millennials;88073;ivila;1,192;30;0;409;3
CLI9939;F;No;42;Si;Artista;+20annos;Bajo;1;1982;Millennials;61513;Huelva;1,652;50;0;233;
CLI9940;F;No;45;Si;Artista;+20annos;Bajo;1;1979;Generacion X;85985;Malaga;1,537;50;0;215;
CLI9941;F;No;44;Si;Otros;+20annos;Bajo;1;1980;Generacion X;41945;Salamanca;1,031;50;0;484;3
CLI9942;F;Si;33;Si;Otros;10-20annos;Bajo;4;1991;Millennials;29143;Ciudad Real;1,836;30;0;192;
CLI9943;M;Si;62;Si;Artista;+20annos;Alto;2;1962;Generacion X;124526;Cordoba;1,424;50;0;487;1
CLI9944;F;Si;72;Si;Servicios;+20annos;Alto;2;1952;Generacion X;64118;Valencia;1,619;50;0;208;
CLI9945;M;Si;39;Si;Artista;10-20annos;Medio;2;1985;Millennials;29305;Pontevedra;0,778;30;1;118;
CLI9946;F;Si;41;No;Ingeniero;10-20annos;Medio;5;1983;Millennials;110985;Santa Cruz de Tenerife;1,146;30;0;302;0,5
CLI9947;M;No;40;Si;Otros;10-20annos;Bajo;1;1984;Millennials;93300;Leon;0,732;50;0;271;
CLI9948;F;;29;Si;Construccion;<10annos;Alto;4;1995;Millennials;18863;Huesca;14,775;30;0;140;
CLI9949;M;No;28;No;Ejecutivo;<10annos;Bajo;4;1996;Millennials;21408;Gerona;2,444;30;1;137;
CLI9950;M;No;33;No;Funcionario;10-20annos;Bajo;4;1991;Millennials;25784;Segovia;2,02;30;0;201;
CLI9951;M;Si;41;Si;Otros;10-20annos;Medio;2;1983;Millennials;99718;Soria;1,491;50;0;342;0,5
CLI9952;M;No;33;No;Artista;10-20annos;Bajo;3;1991;Millennials;22706;Vizcaya;0,985;30;0;535;4
CLI9953;M;Si;51;Si;Otros;+20annos;Medio;4;1973;Generacion X;85324;Santa Cruz de Tenerife;1,033;80;1;161;
CLI9954;F;No;42;Si;Ingeniero;+20annos;Bajo;1;1982;Millennials;73455;Zamora;1,123;50;0;53;
CLI9955;F;No;44;Si;Artista;+20annos;Bajo;1;1980;Generacion X;100801;Valencia;0,801;50;0;561;4
CLI9956;F;No;34;Si;Artista;10-20annos;Bajo;1;1990;Millennials;23858;Ceuta;1,33;30;0;530;4
CLI9957;M;Si;50;Si;Ejecutivo;+20annos;Alto;5;1974;Generacion X;50288;La Rioja;1,228;30;1;331;0,5
CLI9958;M;Si;61;No;Ingeniero;+20annos;Bajo;5;1963;Generacion X;85028;Salamanca;1,502;30;0;215;
CLI9959;F;Si;56;Si;Ingeniero;+20annos;Bajo;1;1968;Generacion X;109756;Almeri­a;0,818;50;1;129;
CLI9960;F;No;32;Si;Construccion;10-20annos;Bajo;7;1992;Millennials;32000;Granada;2,066;30;0;200;
CLI9961;F;Si;81;Si;Artista;+20annos;Alto;2;1943;Generacion Silenciosa;62842;Malaga;0,837;50;0;301;0,5
CLI9962;M;Si;76;No;Otros;+20annos;Medio;3;1948;Generacion X;58556;Melilla;0,642;30;0;107;
CLI9963;F;No;31;No;Medico;<10annos;Bajo;5;1993;Millennials;31903;Guipiºzcoa;1,192;30;0;116;
CLI9964;M;Si;45;Si;Ejecutivo;+20annos;Medio;1;1979;Generacion X;105621;Huesca;1,514;50;1;222;
CLI9965;M;;32;No;Funcionario;10-20annos;Bajo;3;1992;Millennials;28907;Valladolid;1,169;30;0;315;0,5
CLI9966;M;Si;43;Si;Artista;+20annos;Bajo;1;1981;Millennials;30951;Palencia;1,537;30;0;397;1
CLI9967;F;Si;81;No;Otros;+20annos;Alto;3;1943;Generacion Silenciosa;66463;Almeri­a;1,619;30;0;571;4
CLI9968;F;No;65;Si;Artista;+20annos;Bajo;1;1959;Generacion X;96561;Granada;1,326;50;0;551;1
CLI9969;M;No;30;No;Funcionario;<10annos;Bajo;3;1994;Millennials;29077;Leon;1,583;30;0;202;
CLI9970;M;No;36;No;Artista;10-20annos;Bajo;1;1988;Millennials;18883;Huesca;0,893;30;0;154;
CLI9971;M;No;34;No;Otros;10-20annos;Bajo;2;1990;Millennials;23631;Cadiz;1,215;30;0;69;
CLI9972;M;Si;51;No;Artista;+20annos;Medio;3;1973;Generacion X;89593;Guipiºzcoa;1,424;30;0;395;3
CLI9973;F;Si;69;Si;Artista;+20annos;Bajo;2;1955;Generacion X;24035;Huelva;1,287;30;0;128;
CLI9974;M;No;24;No;Funcionario;<10annos;Bajo;4;2000;Generacion Z;12057;Alicante;2,34;30;1;210;
CLI9975;F;No;58;Si;Ingeniero;+20annos;Bajo;5;1966;Generacion X;72992;Lugo;1,58;30;0;75;
CLI9976;M;Si;65;No;Otros;+20annos;Bajo;1;1959;Generacion X;81669;Salamanca;1,17;120;0;579;4
CLI9977;M;Si;92;Si;Servicios;+20annos;Bajo;2;1932;Generacion Silenciosa;101212;Caceres;0,935;50;0;141;
CLI9978;M;Si;69;Si;Artista;+20annos;Medio;4;1955;Generacion X;74266;La Corui±a;1,678;80;0;344;0,5
CLI9979;M;Si;39;Si;Artista;10-20annos;Bajo;1;1985;Millennials;30133;Ciudad Real;0,939;30;1;272;
CLI9980;M;No;23;No;Funcionario;<10annos;Bajo;4;2001;Generacion Z;19756;Las Palmas;2,513;30;0;58;
CLI9981;M;Si;74;No;Servicios;+20annos;Alto;2;1950;Generacion X;77328;Burgos;1,111;120;0;578;4
CLI9982;F;Si;45;Si;Artista;+20annos;Medio;3;1979;Generacion X;125541;Jaen;1,192;200;0;145;
CLI9983;F;No;30;Si;Artista;<10annos;Bajo;8;1994;Millennials;25387;Baleares;1,33;30;0;290;
CLI9984;F;Si;58;Si;Artista;+20annos;Medio;2;1966;Generacion X;108739;Guadalajara;11,305;50;0;249;
CLI9985;F;No;36;Si;Funcionario;10-20annos;Bajo;8;1988;Millennials;18239;Navarra;0,824;30;0;331;0,5
CLI9986;F;No;35;No;Medico;10-20annos;Bajo;4;1989;Millennials;31676;ivila;1,192;30;0;52;
CLI9987;M;Si;65;No;Servicios;+20annos;Alto;2;1959;Generacion X;65945;Valencia;0,661;30;0;507;4
CLI9988;F;Si;55;Si;Artista;+20annos;Alto;5;1969;Generacion X;57526;La Corui±a;1,17;30;0;540;4
CLI9989;F;Si;55;Si;Artista;+20annos;Medio;4;1969;Generacion X;125700;La Rioja;1,072;80;1;270;
CLI9990;F;Si;45;Si;Funcionario;+20annos;Medio;2;1979;Generacion X;126843;Tarragona;1,514;50;0;458;3
CLI9991;F;Si;78;;Servicios;+20annos;Bajo;1;1946;Generacion X;124705;Gerona;0,798;120;1;104;
CLI9992;F;No;36;Si;Funcionario;10-20annos;Bajo;6;1988;Millennials;22921;ilava;1,744;30;0;513;1
CLI9993;F;Si;51;Si;Artista;+20annos;Medio;2;1973;Generacion X;23349;Vizcaya;1,072;30;0;559;4
CLI9994;F;No;86;Si;Servicios;+20annos;Bajo;3;1938;Generacion Silenciosa;104394;Granada;1,228;80;1;282;
CLI9995;F;Si;76;No;Servicios;+20annos;Alto;2;1948;Generacion X;33389;Toledo;1,424;30;1;106;
CLI9996;F;No;44;Si;Funcionario;+20annos;Bajo;1;1980;Generacion X;76067;Cordoba;1,514;50;0;257;
CLI9997;M;Si;47;Si;Ejecutivo;+20annos;Alto;3;1977;Generacion X;61300;Lugo;1,385;80;1;347;0,5
CLI9998;M;Si;40;Si;Artista;10-20annos;Alto;3;1984;Millennials;106015;Cuenca;1,974;30;0;582;1
CLI9999;M;Si;39;Si;Otros;10-20annos;Medio;2;1985;Millennials;27169;Guadalajara;1,951;30;0;460;3
CLI10000;M;No;33;No;Funcionario;10-20annos;Bajo;4;1991;Millennials;24616;Leon;1,606;30;0;544;4
CLI10001;M;Si;52;No;Otros;+20annos;Medio;2;1972;Generacion X;29834;LLeida;1,346;30;1;170;
CLI10002;M;Si;76;No;Artista;+20annos;Bajo;1;1948;Generacion X;88523;Ciudad Real;1,58;120;0;358;0,5
CLI10003;M;Si;45;Si;Otros;+20annos;Bajo;5;1979;Generacion X;112808;ivila;0,939;30;0;442;3
CLI10004;M;Si;36;No;Ejecutivo;10-20annos;Bajo;6;1988;Millennials;18885;Guipiºzcoa;0,824;30;0;124;
CLI10005;M;No;30;Si;Funcionario;<10annos;Bajo;5;1994;Millennials;21358;Vizcaya;1,675;30;0;70;
CLI10006;M;Si;42;Si;Ingeniero;+20annos;Bajo;2;1982;Millennials;46283;Orense;1,008;50;0;403;3
CLI10007;M;Si;39;Si;Artista;10-20annos;Medio;4;1985;Millennials;27934;Castellon;1,077;30;0;596;4
CLI10008;M;Si;30;Si;Artista;<10annos;Bajo;2;1994;Millennials;29611;Pontevedra;1,123;30;0;439;3
CLI10009;F;Si;56;Si;Construccion;+20annos;Bajo;1;1968;Generacion X;23165;Almeri­a;0,661;30;0;269;
CLI10010;F;Si;57;Si;Ingeniero;+20annos;Bajo;1;1967;Generacion X;65881;Jaen;0,857;50;0;100;
CLI10011;M;No;58;Si;Medico;+20annos;Bajo;1;1966;Generacion X;98016;Lugo;0,583;50;1;111;
CLI10012;M;Si;47;Si;Artista;+20annos;Medio;2;1977;Generacion X;118920;Santa Cruz de Tenerife;0,622;50;1;299;
CLI10013;M;Si;46;Si;Medico;+20annos;Bajo;2;1978;Generacion X;110986;Albacete;1,033;50;1;353;0,5
CLI10014;M;No;40;Si;Medico;10-20annos;Bajo;1;1984;Millennials;118745;Huelva;0,985;50;0;594;4
CLI10015;M;No;40;Si;Artista;10-20annos;Bajo;2;1984;Millennials;28101;Leon;1,537;30;0;213;
CLI10016;F;No;44;Si;Funcionario;+20annos;Bajo;1;1980;Generacion X;41542;Ciudad Real;0,847;50;0;481;3
CLI10017;M;Si;52;Si;Otros;+20annos;Medio;3;1972;Generacion X;86337;Salamanca;1,717;80;0;315;0,5
CLI10018;M;No;33;No;Medico;10-20annos;Bajo;2;1991;Millennials;23343;Pontevedra;1,307;30;0;363;0,5
CLI10019;F;Si;58;Si;Artista;+20annos;Bajo;1;1966;Generacion X;120481;Lugo;1,737;50;0;336;0,5
CLI10020;M;Si;50;Si;Artista;+20annos;Medio;2;1974;Generacion X;63085;Baleares;0,994;50;0;58;
CLI10021;M;No;36;Si;Funcionario;10-20annos;Bajo;5;1988;Millennials;18101;LLeida;0,686;30;0;51;
CLI10022;F;No;44;Si;Artista;+20annos;Bajo;2;1980;Generacion X;44724;Toledo;0,732;50;0;447;3
CLI10023;F;Si;40;Si;Negocios/empresa;10-20annos;Bajo;1;1984;Millennials;56314;Gerona;1,56;50;0;463;1
CLI10024;M;No;35;No;Ingeniero;10-20annos;Bajo;4;1989;Millennials;25008;Barcelona;1,974;30;0;316;0,5
CLI10025;F;Si;56;Si;Artista;+20annos;Bajo;2;1968;Generacion X;22001;Sevilla;1,756;30;0;580;1
CLI10026;F;No;54;Si;Artista;+20annos;Bajo;1;1970;Generacion X;21769;Almeri­a;0,642;30;0;493;3
CLI10027;M;Si;89;No;Servicios;+20annos;Bajo;1;1935;Generacion Silenciosa;118924;ivila;1,267;120;1;378;3
CLI10028;M;Si;79;Si;Artista;+20annos;Medio;4;1945;Generacion Silenciosa;90739;Guadalajara;0,74;80;0;129;
CLI10029;F;No;77;Si;Artista;+20annos;Bajo;2;1947;Generacion X;123905;Salamanca;0,798;50;0;114;
CLI10030;M;No;23;No;Funcionario;<10annos;Bajo;3;2001;Generacion Z;15394;Soria;2,202;30;1;304;0,5
CLI10031;M;No;23;No;Funcionario;<10annos;Bajo;5;2001;Generacion Z;22448;Albacete;1,719;30;1;382;3
CLI10032;F;Si;45;No;Otros;+20annos;Medio;4;1979;Generacion X;86899;Vizcaya;1,123;30;0;542;4
CLI10033;F;No;54;No;Ingeniero;+20annos;Bajo;1;1970;Generacion X;112072;Caceres;0,955;120;0;389;3
CLI10034;F;No;56;No;Otros;+20annos;Bajo;1;1968;Generacion X;102706;Albacete;0,955;120;0;316;0,5
CLI10035;M;Si;31;No;Funcionario;<10annos;Medio;5;1993;Millennials;30641;Vizcaya;1,606;30;0;394;3
CLI10036;M;No;41;Si;Funcionario;10-20annos;Bajo;2;1983;Millennials;74453;Madrid;1,054;50;0;449;3
CLI10037;F;Si;69;;Artista;+20annos;Medio;3;1955;Generacion X;47643;LLeida;0,818;30;1;248;
CLI10038;M;No;21;No;Funcionario;<10annos;Bajo;4;2003;Generacion Z;21922;Cordoba;1,892;30;1;359;0,5
CLI10039;F;No;35;No;Funcionario;10-20annos;Bajo;3;1989;Millennials;29858;Burgos;1,836;30;1;389;3
CLI10040;F;Si;56;No;Artista;+20annos;Bajo;1;1968;Generacion X;116712;Navarra;1,482;120;1;120;
CLI10041;M;Si;29;No;Otros;<10annos;Bajo;2;1995;Millennials;18405;Leon;2,651;30;0;53;
CLI10042;M;Si;67;No;Artista;+20annos;Bajo;1;1957;Generacion X;81561;Melilla;0,818;120;0;468;3
CLI10043;F;Si;56;Si;Artista;+20annos;Medio;4;1968;Generacion X;35364;Segovia;0,759;30;0;95;
CLI10044;F;Si;50;Si;Artista;+20annos;Medio;3;1974;Generacion X;96083;Granada;0,896;80;0;347;0,5
CLI10045;M;Si;32;Si;Otros;10-20annos;Alto;2;1992;Millennials;18234;Orense;1,997;30;0;519;4
CLI10046;M;Si;52;No;Servicios;+20annos;Bajo;5;1972;Generacion X;48556;Guadalajara;0,622;30;0;353;0,5
CLI10047;M;No;28;Si;Medico;<10annos;Bajo;2;1996;Millennials;28126;Jaen;2,099;30;1;378;3
CLI10048;M;No;44;No;Negocios/empresa;+20annos;Bajo;5;1980;Generacion X;81077;Caceres;2,066;30;0;585;4
CLI10049;M;No;50;Si;Servicios;+20annos;Bajo;1;1974;Generacion X;51599;Toledo;1,619;50;1;321;0,5
CLI10050;M;Si;35;Si;Otros;10-20annos;Medio;2;1989;Millennials;21382;Badajoz;1,767;30;0;588;4
CLI10051;M;Si;42;Si;Artista;+20annos;Bajo;3;1982;Millennials;90912;Valencia;2,066;30;0;46;
CLI10052;F;No;42;Si;Artista;+20annos;Bajo;2;1982;Millennials;56181;Sevilla;0,732;50;0;526;4
CLI10053;F;Si;53;Si;Ingeniero;+20annos;Bajo;3;1971;Generacion X;70540;ivila;1,013;80;0;55;
CLI10054;F;No;78;Si;Medico;+20annos;Bajo;1;1946;Generacion X;113998;Tarragona;0,74;50;0;414;3
CLI10055;F;Si;51;Si;Artista;+20annos;Bajo;3;1973;Generacion X;50710;Gerona;0,857;30;0;264;
CLI10056;F;Si;51;Si;Artista;+20annos;Bajo;2;1973;Generacion X;86652;Caceres;0,935;50;1;361;0,5
CLI10057;F;Si;54;Si;Artista;+20annos;Bajo;2;1970;Generacion X;28962;Granada;11,305;30;0;214;
CLI10058;M;Si;47;No;Otros;+20annos;Bajo;3;1977;Generacion X;125707;Santa Cruz de Tenerife;1,697;200;0;484;3
CLI10059;F;No;42;Si;Artista;+20annos;Bajo;4;1982;Millennials;41471;Guipiºzcoa;1,836;30;0;597;1
CLI10060;M;No;28;Si;Funcionario;<10annos;Bajo;4;1996;Millennials;20959;La Corui±a;1,754;30;0;466;3
CLI10061;F;Si;51;Si;Ingeniero;+20annos;Bajo;4;1973;Generacion X;74075;Burgos;1,209;80;0;426;3
CLI10062;F;No;31;Si;Ingeniero;<10annos;Bajo;3;1993;Millennials;28041;Las Palmas;1,445;30;0;158;
CLI10063;F;No;45;Si;Otros;+20annos;Bajo;4;1979;Generacion X;109478;Murcia;1,238;30;0;161;
CLI10064;F;No;35;Si;Artista;10-20annos;Bajo;5;1989;Millennials;26148;Jaen;1,79;30;0;130;
CLI10065;F;No;23;No;Funcionario;<10annos;Bajo;4;2001;Generacion Z;13024;Toledo;2,03;30;0;485;3
CLI10066;M;No;24;No;Funcionario;<10annos;Bajo;6;2000;Generacion Z;15038;Ciudad Real;11,325;30;0;43;
CLI10067;M;No;30;No;Funcionario;<10annos;Bajo;5;1994;Millennials;25282;La Corui±a;1,307;30;0;288;
CLI10068;M;Si;44;Si;Artista;+20annos;Medio;2;1980;Generacion X;34194;Soria;1,698;30;1;171;
CLI10069;F;Si;75;No;Ingeniero;+20annos;Bajo;1;1949;Generacion X;53833;Las Palmas;1,111;30;1;398;3
CLI10070;F;No;28;No;Construccion;<10annos;Bajo;7;1996;Millennials;19814;Albacete;1,374;30;0;492;3
CLI10071;M;No;31;No;Funcionario;<10annos;Bajo;4;1993;Millennials;24129;Jaen;0,939;30;0;379;3
CLI10072;M;No;31;No;Negocios/empresa;<10annos;Bajo;8;1993;Millennials;30178;Palencia;0,847;30;0;76;
CLI10073;M;No;30;No;Otros;<10annos;Bajo;3;1994;Millennials;28894;La Corui±a;0,732;30;0;105;
CLI10074;M;Si;74;No;Otros;+20annos;Medio;4;1950;Generacion X;82103;Baleares;15,215;30;0;330;0,5
CLI10075;M;Si;51;No;Ejecutivo;+20annos;Bajo;9;1973;Generacion X;50742;Sevilla;1,267;30;0;254;
CLI10076;F;No;36;No;Otros;10-20annos;Bajo;4;1988;Millennials;23367;La Rioja;1,399;30;0;495;3
CLI10077;F;Si;44;Si;Medico;+20annos;Medio;3;1980;Generacion X;108678;Pontevedra;0,663;30;0;246;
CLI10078;F;Si;53;No;Servicios;+20annos;Medio;7;1971;Generacion X;110010;Vizcaya;1,052;30;0;198;
CLI10079;M;Si;46;No;Ejecutivo;+20annos;Alto;5;1978;Generacion X;74824;Cordoba;1,561;30;0;213;
CLI10080;M;No;62;Si;Servicios;+20annos;Bajo;1;1962;Generacion X;65149;Palencia;1,424;50;1;117;
CLI10081;F;No;56;Si;Ingeniero;+20annos;Bajo;1;1968;Generacion X;80564;Segovia;1,033;50;0;506;4
CLI10082;F;No;30;Si;Funcionario;<10annos;Bajo;1;1994;Millennials;24531;Albacete;1,629;30;0;262;
CLI10083;F;No;28;Si;Medico;<10annos;Bajo;3;1996;Millennials;22954;Leon;1,754;30;1;370;3
CLI10084;F;Si;56;No;Artista;+20annos;Alto;2;1968;Generacion X;82472;Alicante;0,818;120;0;381;3
CLI10085;F;Si;29;Si;Funcionario;<10annos;Medio;2;1995;Millennials;18414;Madrid;3,03;30;1;247;
CLI10086;F;No;39;Si;Medico;10-20annos;Bajo;1;1985;Millennials;23732;Almeri­a;0,847;30;0;250;
CLI10087;F;;28;Si;Medico;<10annos;Bajo;3;1996;Millennials;26030;Granada;1,995;30;1;325;0,5
CLI10088;M;No;33;No;Funcionario;10-20annos;Bajo;3;1991;Millennials;18298;Toledo;0,847;30;0;519;4
CLI10089;F;No;45;Si;Funcionario;+20annos;Bajo;1;1979;Generacion X;91130;Jaen;0,663;50;0;288;
CLI10090;M;Si;46;Si;Artista;+20annos;Bajo;3;1978;Generacion X;39822;Valladolid;1,15;30;0;197;
CLI10091;F;Si;44;Si;Artista;+20annos;Alto;5;1980;Generacion X;65803;Almeri­a;1,307;30;0;577;1
CLI10092;M;No;40;Si;Otros;10-20annos;Bajo;1;1984;Millennials;82317;Guadalajara;1,744;50;1;270;
CLI10093;F;No;43;Si;Artista;+20annos;Bajo;1;1981;Millennials;36678;Teruel;1,928;50;1;294;
CLI10094;M;Si;44;Si;Ejecutivo;+20annos;Alto;3;1980;Generacion X;121189;La Corui±a;1,146;200;0;400;3
CLI10095;F;Si;44;Si;Ingeniero;+20annos;Medio;2;1980;Generacion X;59561;Vizcaya;1,238;50;0;245;
CLI10096;M;No;31;Si;Artista;<10annos;Bajo;6;1993;Millennials;28964;Badajoz;0,686;30;1;379;3
CLI10097;F;No;34;Si;Negocios/empresa;10-20annos;Bajo;1;1990;Millennials;20958;Guadalajara;1,008;30;1;376;3
CLI10098;M;No;45;Si;Artista;+20annos;Bajo;1;1979;Generacion X;91295;Sevilla;1,652;50;0;396;1
CLI10099;F;No;31;Si;Ingeniero;<10annos;Bajo;5;1993;Millennials;21062;Zamora;1,698;30;0;358;0,5
CLI10100;M;No;33;Si;Funcionario;10-20annos;Bajo;1;1991;Millennials;22697;ilava;2,043;30;0;448;3
CLI10101;F;No;33;Si;Funcionario;10-20annos;Bajo;1;1991;Millennials;22806;Ciudad Real;1,008;30;0;134;
CLI10102;F;No;42;Si;Artista;+20annos;Bajo;2;1982;Millennials;42794;Vizcaya;0,893;50;0;474;3
CLI10103;M;Si;47;Si;Artista;+20annos;Bajo;1;1977;Generacion X;115634;Albacete;0,818;50;0;395;3
CLI10104;M;No;32;Si;Otros;10-20annos;Bajo;1;1992;Millennials;19515;Jaen;1,192;30;0;543;4
CLI10105;F;No;33;Si;Funcionario;10-20annos;Bajo;3;1991;Millennials;24037;Orense;1,859;30;0;129;
CLI10106;M;Si;30;Si;Funcionario;<10annos;Bajo;2;1994;Millennials;30553;Gerona;1,813;30;1;108;
CLI10107;F;Si;53;Si;Artista;+20annos;Medio;2;1971;Generacion X;112595;Leon;1,287;50;0;353;0,5
CLI10108;F;No;56;Si;Artista;+20annos;Bajo;1;1968;Generacion X;42569;Leon;0,759;50;0;498;3
CLI10109;F;No;53;Si;Negocios/empresa;+20annos;Bajo;1;1971;Generacion X;129312;LLeida;0,974;50;0;188;
CLI10110;F;No;31;Si;Negocios/empresa;<10annos;Bajo;1;1993;Millennials;21533;Jaen;1,974;30;0;504;4
CLI10111;F;No;44;Si;Artista;+20annos;Bajo;1;1980;Generacion X;86268;Albacete;1,146;50;0;351;0,5
CLI10112;M;Si;56;Si;Artista;+20annos;Bajo;2;1968;Generacion X;91677;Valencia;0,896;50;1;222;
CLI10113;F;Si;40;No;Negocios/empresa;10-20annos;Bajo;2;1984;Millennials;49599;Cuenca;1,468;30;0;416;3
CLI10114;F;No;56;Si;Negocios/empresa;+20annos;Bajo;1;1968;Generacion X;67106;Valencia;0,759;50;0;56;
CLI10115;M;Si;50;Si;Ejecutivo;+20annos;Alto;4;1974;Generacion X;67996;Salamanca;0,7;80;1;137;
CLI10116;M;No;44;Si;Artista;+20annos;Bajo;1;1980;Generacion X;109040;Cuenca;1,261;50;1;218;
CLI10117;M;No;44;Si;Artista;+20annos;Bajo;1;1980;Generacion X;125899;La Rioja;1,629;50;1;199;
CLI10118;M;Si;45;Si;Artista;+20annos;Bajo;2;1979;Generacion X;108619;Salamanca;1,606;50;0;492;1
CLI10119;M;Si;47;Si;Otros;+20annos;Medio;4;1977;Generacion X;98845;Sevilla;1,306;80;1;306;0,5
CLI10120;M;;23;No;Funcionario;<10annos;Bajo;3;2001;Generacion Z;13426;Teruel;1,443;30;1;380;3
CLI10121;M;No;25;No;Funcionario;<10annos;Bajo;4;1999;Generacion Z;31975;Teruel;1,926;30;0;431;3
CLI10122;F;No;34;No;Medico;10-20annos;Bajo;3;1990;Millennials;21526;Ciudad Real;0,893;30;0;527;4
CLI10123;F;Si;46;Si;Otros;+20annos;Bajo;2;1978;Generacion X;126327;Huesca;1,404;50;0;539;1
CLI10124;M;Si;67;No;Artista;+20annos;Bajo;1;1957;Generacion X;108904;ivila;1,248;120;0;170;
CLI10125;F;Si;50;Si;Construccion;+20annos;Bajo;1;1974;Generacion X;44584;Vizcaya;1,639;50;0;311;0,5
CLI10126;F;Si;69;Si;Artista;+20annos;Bajo;1;1955;Generacion X;39911;Navarra;1,6;50;1;301;0,5
CLI10127;M;Si;95;No;Servicios;+20annos;Bajo;1;1929;Generacion Silenciosa;42398;Madrid;0,642;30;1;230;
CLI10128;F;Si;74;No;Ingeniero;+20annos;Alto;3;1950;Generacion X;87994;Zaragoza;1,013;30;1;398;3
CLI10129;M;Si;78;No;Ejecutivo;+20annos;Alto;3;1946;Generacion X;56726;Madrid;0,955;30;0;122;
CLI10130;F;Si;47;No;Otros;+20annos;Bajo;2;1977;Generacion X;67201;Pontevedra;1,404;30;1;358;0,5
CLI10131;M;;31;No;Otros;<10annos;Bajo;2;1993;Millennials;27786;Orense;1,422;30;0;532;4
CLI10132;M;Si;52;No;Otros;+20annos;Bajo;2;1972;Generacion X;53670;Salamanca;1,404;30;0;464;3
CLI10133;F;Si;58;Si;Artista;+20annos;Medio;4;1966;Generacion X;114237;La Corui±a;1,17;80;1;139;
CLI10134;F;Si;40;No;Otros;10-20annos;Medio;2;1984;Millennials;22365;Santa Cruz de Tenerife;1,468;30;0;143;
CLI10135;M;Si;39;No;Otros;10-20annos;Bajo;1;1985;Millennials;30486;Sevilla;1,054;30;1;399;3
CLI10136;F;Si;53;Si;Artista;+20annos;Alto;4;1971;Generacion X;22129;Huesca;1,697;30;0;264;
CLI10137;F;Si;66;Si;Artista;+20annos;Bajo;3;1958;Generacion X;105751;Guipiºzcoa;0,955;80;0;207;
CLI10138;F;Si;50;No;Ejecutivo;+20annos;Bajo;1;1974;Generacion X;60408;Burgos;1,443;30;1;172;
CLI10139;F;Si;46;No;Ingeniero;+20annos;Bajo;2;1978;Generacion X;53037;Toledo;0,994;30;0;186;
CLI10140;F;Si;98;Si;Servicios;+20annos;Bajo;1;1926;Generacion Silenciosa;113338;Jaen;0,955;50;0;72;
CLI10141;F;No;25;No;Negocios/empresa;<10annos;Bajo;2;1999;Generacion Z;29804;Valencia;2,823;30;1;121;
CLI10142;M;Si;51;Si;Construccion;+20annos;Bajo;1;1973;Generacion X;120379;Ceuta;1,737;50;0;577;1
CLI10143;M;No;24;No;Servicios;<10annos;Bajo;4;2000;Generacion Z;16208;Barcelona;1,719;30;0;144;
CLI10144;F;No;33;No;Funcionario;10-20annos;Bajo;7;1991;Millennials;20208;ilava;1,79;30;1;378;3
CLI10145;M;Si;64;Si;Otros;+20annos;Bajo;1;1960;Generacion X;95401;Santa Cruz de Tenerife;1,717;50;0;366;1
CLI10146;M;Si;80;Si;Artista;+20annos;Medio;4;1944;Generacion Silenciosa;126109;Guipiºzcoa;0,7;80;1;393;3
CLI10147;F;Si;78;Si;Servicios;+20annos;Bajo;1;1946;Generacion X;59401;Guadalajara;1,013;50;0;504;4
CLI10148;F;Si;39;No;Ingeniero;10-20annos;Bajo;5;1985;Millennials;21647;Huesca;2,043;30;0;468;3
CLI10149;M;Si;57;Si;Otros;+20annos;Medio;4;1967;Generacion X;63920;Zaragoza;1,697;80;0;465;3
CLI10150;M;Si;92;Si;Servicios;+20annos;Bajo;2;1932;Generacion Silenciosa;99774;Cuenca;1,013;50;0;570;4
CLI10151;M;Si;52;Si;Otros;+20annos;Medio;5;1972;Generacion X;90733;Pontevedra;0,955;30;1;365;
CLI10152;M;Si;43;No;Ejecutivo;+20annos;Bajo;2;1981;Millennials;48755;Lugo;1,399;30;0;233;
CLI10153;F;Si;44;No;Ingeniero;+20annos;Bajo;3;1980;Generacion X;126981;Albacete;0,732;200;0;378;3
CLI10154;F;No;51;Si;Artista;+20annos;Bajo;1;1973;Generacion X;86166;ilava;1,17;50;0;368;3
CLI10155;M;No;44;Si;Artista;+20annos;Bajo;2;1980;Generacion X;44559;Guipiºzcoa;1,1;50;0;106;
CLI10156;F;No;30;No;Artista;<10annos;Bajo;6;1994;Millennials;28770;ivila;0,801;30;1;117;
CLI10157;F;No;25;No;Funcionario;<10annos;Bajo;4;1999;Generacion Z;28516;Granada;2,202;30;0;125;
CLI10158;F;No;23;Si;Artista;<10annos;Bajo;2;2001;Generacion Z;14041;Leon;2,789;30;1;188;
CLI10159;M;Si;77;No;Servicios;+20annos;Alto;2;1947;Generacion X;52019;Castellon;0,896;30;0;314;0,5
CLI10160;M;Si;31;Si;Otros;<10annos;Bajo;2;1993;Millennials;23410;Las Palmas;1,675;30;0;182;
CLI10161;F;Si;64;Si;Construccion;+20annos;Bajo;4;1960;Generacion X;78658;ivila;1,385;80;0;549;1
CLI10162;F;Si;30;Si;Otros;<10annos;Medio;2;1994;Millennials;19097;Badajoz;1,468;30;0;466;3
CLI10163;F;Si;54;No;Ingeniero;+20annos;Medio;5;1970;Generacion X;26098;Burgos;1,209;30;0;136;
CLI10164;F;Si;41;No;Ingeniero;10-20annos;Medio;3;1983;Millennials;31365;Santa Cruz de Tenerife;1,698;30;0;65;
CLI10165;M;Si;43;No;Otros;+20annos;Medio;4;1981;Millennials;89250;Valladolid;1,606;30;1;366;3
CLI10166;F;No;31;No;Medico;<10annos;Bajo;4;1993;Millennials;28281;Guipiºzcoa;2,02;30;0;177;
CLI10167;M;Si;80;No;Otros;+20annos;Medio;2;1944;Generacion Silenciosa;53497;Murcia;1,15;30;0;176;
CLI10168;F;Si;56;Si;Artista;+20annos;Medio;5;1968;Generacion X;43550;Salamanca;1,502;30;0;87;
CLI10169;F;Si;53;Si;Medico;+20annos;Medio;3;1971;Generacion X;66112;Palencia;0,564;80;0;543;4
CLI10170;M;Si;79;Si;Construccion;+20annos;Bajo;1;1945;Generacion Silenciosa;34814;La Corui±a;1,111;30;1;119;
CLI10171;M;Si;52;No;Artista;+20annos;Medio;1;1972;Generacion X;88831;Toledo;1,013;120;0;480;3
CLI10172;F;Si;74;Si;Medico;+20annos;Bajo;1;1950;Generacion X;32236;Ceuta;1,678;30;0;251;
CLI10173;M;Si;85;Si;Servicios;+20annos;Alto;2;1939;Generacion Silenciosa;41602;Albacete;1,502;50;0;284;
CLI10174;M;Si;51;Si;Artista;+20annos;Medio;3;1973;Generacion X;81028;Guadalajara;0,857;80;0;490;3
CLI10175;F;Si;57;Si;Artista;+20annos;Medio;4;1967;Generacion X;60728;Soria;0,74;80;0;178;
CLI10176;M;Si;74;No;Servicios;+20annos;Bajo;1;1950;Generacion X;56887;Caceres;1,502;30;0;545;4
CLI10177;M;Si;68;Si;Medico;+20annos;Medio;4;1956;Generacion X;33016;ilava;1,091;30;0;149;
CLI10178;M;Si;50;Si;Medico;+20annos;Medio;3;1974;Generacion X;75329;Cordoba;1,385;80;1;187;
CLI10179;M;Si;44;Si;Medico;+20annos;Medio;5;1980;Generacion X;54941;Cordoba;0,732;30;0;112;
CLI10180;F;Si;66;Si;Artista;+20annos;Medio;2;1958;Generacion X;42980;Alicante;1,385;50;0;361;0,5
CLI10181;F;Si;41;Si;Medico;10-20annos;Medio;4;1983;Millennials;89677;Palencia;1,146;30;1;253;
CLI10182;M;Si;76;No;Ejecutivo;+20annos;Alto;1;1948;Generacion X;38381;Cordoba;0,564;30;0;287;
CLI10183;F;Si;64;Si;Artista;+20annos;Alto;4;1960;Generacion X;90722;Huesca;0,681;80;0;206;
CLI10184;M;Si;57;Si;Artista;+20annos;Bajo;1;1967;Generacion X;36066;Baleares;1,717;50;1;251;
CLI10185;M;No;22;No;Funcionario;<10annos;Bajo;5;2002;Generacion Z;18267;Segovia;1,823;30;1;134;
CLI10186;F;;25;No;Funcionario;<10annos;Bajo;4;1999;Generacion Z;25331;Lugo;2,202;30;1;122;
CLI10187;M;Si;73;Si;Artista;+20annos;Bajo;1;1951;Generacion X;49123;Vizcaya;15,215;50;1;230;
CLI10188;M;No;21;No;Funcionario;<10annos;Bajo;3;2003;Generacion Z;12761;Cordoba;2,823;30;0;219;
CLI10189;F;Si;58;Si;Artista;+20annos;Medio;5;1966;Generacion X;115807;Vizcaya;0,994;30;0;231;
CLI10190;F;Si;65;Si;Construccion;+20annos;Bajo;1;1959;Generacion X;38204;Zaragoza;0,603;50;1;325;0,5
CLI10191;F;Si;67;Si;Artista;+20annos;Medio;4;1957;Generacion X;102091;Palencia;1,443;80;0;266;
CLI10192;F;Si;75;Si;Ingeniero;+20annos;Bajo;2;1949;Generacion X;66969;Leon;0,74;50;1;217;
CLI10193;M;No;22;No;Funcionario;<10annos;Bajo;3;2002;Generacion Z;22581;Gerona;1,892;30;1;269;
CLI10194;M;No;22;No;Funcionario;<10annos;Bajo;4;2002;Generacion Z;16292;Almeri­a;2,409;30;1;282;
CLI10195;F;;54;Si;Artista;+20annos;Bajo;4;1970;Generacion X;120744;Tarragona;1,228;80;0;109;
CLI10196;M;No;21;No;Funcionario;<10annos;Bajo;3;2003;Generacion Z;17704;Segovia;1,685;30;0;460;3
CLI10197;F;No;30;No;Funcionario;<10annos;Bajo;4;1994;Millennials;29400;Madrid;1,215;30;1;180;
CLI10198;M;Si;35;Si;Servicios;10-20annos;Bajo;2;1989;Millennials;26083;Teruel;1,284;30;1;319;0,5
CLI10199;F;Si;74;Si;Artista;+20annos;Medio;3;1950;Generacion X;99085;Soria;1,424;80;0;153;
CLI10200;M;No;30;No;Otros;<10annos;Bajo;3;1994;Millennials;18319;Ciudad Real;1,583;30;0;349;0,5
CLI10201;M;Si;79;Si;Ejecutivo;+20annos;Bajo;1;1945;Generacion Silenciosa;36960;Palencia;0,642;50;0;234;
CLI10202;F;No;35;No;Medico;10-20annos;Bajo;5;1989;Millennials;26125;Baleares;1,905;30;1;326;0,5
CLI10203;F;No;31;No;Servicios;<10annos;Bajo;2;1993;Millennials;30396;Melilla;1,491;30;0;127;
CLI10204;M;Si;32;Si;Funcionario;10-20annos;Bajo;1;1992;Millennials;25460;Salamanca;0,847;30;0;499;3
CLI10205;F;No;21;No;Funcionario;<10annos;Bajo;5;2003;Generacion Z;23780;Orense;10,635;30;0;323;0,5
CLI10206;F;Si;57;Si;Artista;+20annos;Medio;5;1967;Generacion X;93294;Guipiºzcoa;1,267;30;0;225;
CLI10207;F;Si;52;Si;Medico;+20annos;Medio;2;1972;Generacion X;64107;Ciudad Real;1,248;50;1;134;
CLI10208;M;No;21;No;Funcionario;<10annos;Bajo;5;2003;Generacion Z;23259;Valladolid;1,581;30;0;64;
CLI10209;F;No;20;No;Funcionario;<10annos;Bajo;1;2004;Generacion Z;12477;Caceres;1,857;30;1;108;
CLI10210;F;Si;87;No;Servicios;+20annos;Alto;2;1937;Generacion Silenciosa;115179;Guipiºzcoa;1,052;120;0;283;
CLI10211;F;No;21;No;Funcionario;<10annos;Bajo;4;2003;Generacion Z;17979;Las Palmas;2,064;30;0;298;
CLI10212;F;Si;53;Si;Artista;+20annos;Bajo;3;1971;Generacion X;62939;Vizcaya;1,717;80;1;399;3
CLI10213;M;Si;57;Si;Artista;+20annos;Medio;3;1967;Generacion X;116507;ivila;1,541;80;0;362;0,5
CLI10214;M;No;25;No;Funcionario;<10annos;Bajo;4;1999;Generacion Z;20114;Ciudad Real;2,271;30;0;382;3
CLI10215;F;Si;64;Si;Artista;+20annos;Bajo;1;1960;Generacion X;107111;Granada;1,561;50;0;316;0,5
CLI10216;F;Si;76;Si;Ingeniero;+20annos;Bajo;1;1948;Generacion X;52694;ilava;1,228;50;0;310;0,5
CLI10217;M;Si;41;Si;Otros;10-20annos;Bajo;1;1983;Millennials;92439;Gerona;1,767;50;0;586;1
CLI10218;F;No;33;No;Funcionario;10-20annos;Bajo;3;1991;Millennials;22939;Barcelona;1,33;30;0;77;
CLI10219;F;;28;No;Funcionario;<10annos;Bajo;4;1996;Millennials;21776;LLeida;2,237;30;0;174;
CLI10220;F;No;43;Si;Ingeniero;+20annos;Bajo;2;1981;Millennials;39385;ilava;1,146;50;0;570;4
CLI10221;M;Si;47;Si;Otros;+20annos;Bajo;2;1977;Generacion X;96043;Huelva;0,876;50;1;157;
CLI10222;F;No;35;No;Ingeniero;10-20annos;Bajo;1;1989;Millennials;26701;Jaen;1,33;30;1;345;0,5
CLI10223;M;No;25;No;Funcionario;<10annos;Bajo;5;1999;Generacion Z;23873;Madrid;13,395;30;0;44;
CLI10224;F;No;33;No;Funcionario;10-20annos;Bajo;3;1991;Millennials;23171;Murcia;1,928;30;1;325;0,5
CLI10225;F;Si;45;No;Ingeniero;+20annos;Bajo;2;1979;Generacion X;74707;Huesca;1,698;30;1;147;
CLI10226;M;Si;54;Si;Artista;+20annos;Medio;2;1970;Generacion X;90484;Gerona;1,502;50;0;351;0,5
CLI10227;M;Si;73;No;Ejecutivo;+20annos;Bajo;3;1951;Generacion X;98252;Albacete;1,052;30;1;142;
CLI10228;F;Si;74;Si;Medico;+20annos;Bajo;2;1950;Generacion X;76622;Badajoz;1,482;50;0;219;
CLI10229;M;No;33;Si;Funcionario;10-20annos;Bajo;2;1991;Millennials;28639;Murcia;1,238;30;1;139;
CLI10230;F;No;43;Si;Medico;+20annos;Bajo;1;1981;Millennials;32086;ivila;1,146;30;1;222;
CLI10231;F;;57;Si;Artista;+20annos;Bajo;4;1967;Generacion X;116732;Ciudad Real;1,541;80;0;522;1
CLI10232;F;Si;63;Si;Artista;+20annos;Medio;5;1961;Generacion X;72707;Segovia;0,915;30;1;211;
CLI10233;M;Si;69;Si;Ejecutivo;+20annos;Alto;1;1955;Generacion X;83674;Malaga;1,482;50;0;302;0,5
CLI10234;F;Si;57;No;Construccion;+20annos;Alto;3;1967;Generacion X;123831;Cordoba;1,756;200;0;267;
CLI10235;M;Si;67;Si;Servicios;+20annos;Medio;2;1957;Generacion X;53934;Granada;1,561;50;0;482;3
CLI10236;M;Si;39;Si;Otros;10-20annos;Bajo;2;1985;Millennials;28343;Burgos;1,721;30;1;329;0,5
CLI10237;M;Si;57;Si;Artista;+20annos;Medio;2;1967;Generacion X;51843;Albacete;0,896;50;1;250;
CLI10238;F;Si;50;Si;Ingeniero;+20annos;Alto;2;1974;Generacion X;42563;Guipiºzcoa;1,091;50;0;76;
CLI10239;M;Si;41;Si;Otros;10-20annos;Medio;2;1983;Millennials;125202;Orense;1,928;50;0;246;
CLI10240;F;Si;50;Si;Ingeniero;+20annos;Medio;2;1974;Generacion X;62926;Baleares;1,482;50;0;104;
CLI10241;F;Si;61;Si;Ingeniero;+20annos;Medio;1;1963;Generacion X;74579;Albacete;1,287;50;0;127;
CLI10242;F;Si;54;Si;Ingeniero;+20annos;Medio;1;1970;Generacion X;46543;Leon;0,622;50;1;394;3
CLI10243;F;Si;46;No;Otros;+20annos;Bajo;6;1978;Generacion X;128961;Jaen;11,305;200;1;345;0,5
CLI10244;F;Si;43;Si;Medico;+20annos;Alto;2;1981;Millennials;101069;ilava;1,031;50;1;379;3
CLI10245;M;No;20;No;Funcionario;<10annos;Bajo;3;2004;Generacion Z;20051;Las Palmas;1,823;30;0;255;
CLI10246;M;Si;47;No;Artista;+20annos;Medio;3;1977;Generacion X;43327;Ciudad Real;0,857;30;0;507;4
CLI10247;M;Si;55;No;Ejecutivo;+20annos;Medio;4;1969;Generacion X;54201;Valladolid;0,681;30;1;190;
CLI10248;M;Si;41;Si;Artista;10-20annos;Medio;4;1983;Millennials;126428;Barcelona;1,859;200;0;324;0,5
CLI10249;F;No;41;Si;Ingeniero;10-20annos;Bajo;1;1983;Millennials;21726;Guadalajara;0,939;30;0;90;
CLI10250;M;Si;69;Si;Otros;+20annos;Bajo;3;1955;Generacion X;80549;Castellon;1,013;80;0;141;
CLI10251;M;Si;91;Si;Servicios;+20annos;Bajo;2;1933;Generacion Silenciosa;71830;Guipiºzcoa;1,756;50;0;579;1
CLI10252;M;Si;61;Si;Artista;+20annos;Medio;3;1963;Generacion X;60525;Teruel;0,603;80;0;34;
CLI10253;M;Si;78;Si;Artista;+20annos;Bajo;3;1946;Generacion X;34419;LLeida;1,326;30;1;151;
CLI10254;M;Si;96;No;Servicios;+20annos;Bajo;1;1928;Generacion Silenciosa;75101;Santa Cruz de Tenerife;0,876;120;1;199;
CLI10255;F;Si;54;Si;Otros;+20annos;Medio;5;1970;Generacion X;37061;Murcia;1,326;30;0;139;
CLI10256;M;Si;30;No;Medico;<10annos;Bajo;4;1994;Millennials;26092;Caceres;1,399;30;0;248;
CLI10257;F;Si;28;No;Negocios/empresa;<10annos;Bajo;4;1996;Millennials;27427;Tarragona;1,305;30;1;298;
CLI10258;M;Si;46;No;Funcionario;+20annos;Bajo;2;1978;Generacion X;36609;Cuenca;0,681;30;1;349;0,5
CLI10259;F;Si;73;Si;Artista;+20annos;Bajo;2;1951;Generacion X;86060;ivila;1,639;50;0;235;
CLI10260;F;No;35;Si;Funcionario;10-20annos;Bajo;1;1989;Millennials;22751;Madrid;1,767;30;0;117;
CLI10261;F;Si;35;Si;Medico;10-20annos;Bajo;2;1989;Millennials;19804;Ciudad Real;0,939;30;0;184;
CLI10262;F;Si;41;No;Medico;10-20annos;Bajo;1;1983;Millennials;84270;Valladolid;1,261;120;1;300;
CLI10263;F;Si;68;;Servicios;+20annos;Bajo;5;1956;Generacion X;116584;Sevilla;1,697;30;0;579;4
CLI10264;F;No;36;Si;Funcionario;10-20annos;Bajo;4;1988;Millennials;26602;Jaen;1,123;30;0;184;
CLI10265;F;Si;50;Si;Construccion;+20annos;Medio;2;1974;Generacion X;95678;Las Palmas;0,994;50;1;119;
CLI10266;F;;20;No;Funcionario;<10annos;Bajo;5;2004;Generacion Z;19371;Caceres;1,098;30;0;420;3
CLI10267;F;Si;41;Si;Artista;10-20annos;Medio;3;1983;Millennials;57412;Alicante;1,767;30;0;62;
CLI10268;M;No;33;Si;Medico;10-20annos;Bajo;4;1991;Millennials;22470;Huelva;0,893;30;1;183;
CLI10269;M;No;34;Si;Otros;10-20annos;Bajo;3;1990;Millennials;18349;Guipiºzcoa;1,514;30;0;110;
CLI10270;F;Si;53;Si;Artista;+20annos;Medio;4;1971;Generacion X;100069;Guadalajara;1,717;80;0;321;0,5
CLI10271;M;No;34;Si;Funcionario;10-20annos;Bajo;1;1990;Millennials;21343;Caceres;0,962;30;0;119;
CLI10272;F;Si;40;Si;Medico;10-20annos;Bajo;2;1984;Millennials;43942;ivila;0,916;50;0;255;
CLI10273;M;Si;67;Si;Otros;+20annos;Medio;6;1957;Generacion X;49766;Vizcaya;1,17;30;0;321;0,5
CLI10274;F;Si;91;No;Servicios;+20annos;Alto;2;1933;Generacion Silenciosa;107868;Jaen;1,658;120;1;118;
CLI10275;M;Si;85;No;Servicios;+20annos;Alto;2;1939;Generacion Silenciosa;121885;Granada;0,583;120;0;368;3
CLI10276;F;Si;51;Si;Artista;+20annos;Alto;3;1973;Generacion X;124604;Granada;0,74;80;0;257;
CLI10277;M;Si;53;Si;Ingeniero;+20annos;Medio;3;1971;Generacion X;128816;Teruel;0,759;80;0;160;
CLI10278;M;No;21;No;Funcionario;<10annos;Bajo;5;2003;Generacion Z;13750;Lugo;2,789;30;0;337;0,5
CLI10279;M;No;23;No;Funcionario;<10annos;Bajo;3;2001;Generacion Z;19722;Melilla;1,443;30;0;208;
CLI10280;F;No;44;No;Ingeniero;+20annos;Bajo;1;1980;Generacion X;66433;Huelva;0,962;30;0;264;
CLI10281;M;No;30;No;Funcionario;<10annos;Bajo;5;1994;Millennials;25993;Navarra;1,192;30;1;345;0,5
CLI10282;F;Si;54;No;Negocios/empresa;+20annos;Bajo;1;1970;Generacion X;43747;LLeida;0,603;30;1;319;0,5
CLI10283;M;No;21;No;Funcionario;<10annos;Bajo;4;2003;Generacion Z;17206;Soria;14,775;30;1;236;
CLI10284;F;No;58;Si;Otros;+20annos;Bajo;1;1966;Generacion X;126353;Ceuta;1,756;50;0;55;
CLI10285;M;No;32;Si;Artista;10-20annos;Bajo;1;1992;Millennials;26992;Soria;1,56;30;0;232;
CLI10286;M;No;25;No;Funcionario;<10annos;Bajo;4;1999;Generacion Z;31644;Cadiz;1,926;30;1;259;
CLI10287;M;Si;92;Si;Servicios;+20annos;Alto;2;1932;Generacion Silenciosa;40637;Toledo;0,818;50;0;420;3
CLI10288;M;No;42;Si;Otros;+20annos;Bajo;4;1982;Millennials;43909;Guadalajara;1,353;30;0;553;1
CLI10289;M;No;29;Si;Medico;<10annos;Bajo;2;1995;Millennials;20874;Pontevedra;2,202;30;0;596;4
CLI10290;F;No;21;No;Funcionario;<10annos;Bajo;4;2003;Generacion Z;16606;La Rioja;1,857;30;0;227;
CLI10291;F;;24;No;Funcionario;<10annos;Bajo;4;2000;Generacion Z;15330;Barcelona;1,581;30;0;564;4
CLI10292;M;Si;22;No;Otros;<10annos;Bajo;2;2002;Generacion Z;15837;Las Palmas;2,064;30;1;278;
CLI10293;M;Si;40;Si;Funcionario;10-20annos;Bajo;3;1984;Millennials;88397;LLeida;1,905;30;1;354;0,5
CLI10294;M;No;20;No;Funcionario;<10annos;Bajo;3;2004;Generacion Z;14480;Castellon;2,858;30;0;336;0,5
CLI10295;F;No;22;No;Funcionario;<10annos;Bajo;4;2002;Generacion Z;12584;ivila;2,651;30;0;135;
CLI10296;F;No;20;No;Negocios/empresa;<10annos;Bajo;4;2004;Generacion Z;13765;ivila;2,444;30;0;521;4
CLI10297;M;Si;35;No;Artista;10-20annos;Medio;2;1989;Millennials;26497;Vizcaya;2,02;30;0;485;3
CLI10298;F;No;20;No;Funcionario;<10annos;Bajo;4;2004;Generacion Z;18468;Ceuta;1,098;30;0;130;
CLI10299;M;No;20;No;Funcionario;<10annos;Bajo;2;2004;Generacion Z;21028;Sevilla;1,65;30;0;577;4
CLI10300;F;No;23;No;Funcionario;<10annos;Bajo;4;2001;Generacion Z;20978;Valladolid;2,651;30;0;102;
CLI10301;F;Si;83;Si;Artista;+20annos;Alto;2;1941;Generacion Silenciosa;90893;Valencia;0,72;50;0;486;3
CLI10302;M;Si;41;Si;Ingeniero;10-20annos;Medio;2;1983;Millennials;126893;La Rioja;1,905;50;0;348;0,5
CLI10303;F;Si;39;Si;Ingeniero;10-20annos;Bajo;3;1985;Millennials;23456;Santa Cruz de Tenerife;1,008;30;0;115;
CLI10304;M;No;22;No;Funcionario;<10annos;Bajo;3;2002;Generacion Z;16098;La Corui±a;2,892;30;1;179;
CLI10305;M;Si;64;;Otros;+20annos;Medio;4;1960;Generacion X;81431;Palencia;0,681;30;0;74;
CLI10306;M;No;36;No;Funcionario;10-20annos;Bajo;4;1988;Millennials;24750;Murcia;1,054;30;1;276;
CLI10307;M;Si;64;Si;Artista;+20annos;Bajo;3;1960;Generacion X;109775;Melilla;0,798;80;0;175;
CLI10308;M;No;22;No;Funcionario;<10annos;Bajo;5;2002;Generacion Z;16362;Gerona;1,029;30;0;228;
CLI10309;M;Si;55;Si;Artista;+20annos;Medio;2;1969;Generacion X;39417;Albacete;0,583;50;0;152;
CLI10310;F;No;56;Si;Construccion;+20annos;Bajo;1;1968;Generacion X;88356;Barcelona;1,346;50;0;564;1
CLI10311;F;No;30;No;Funcionario;<10annos;Bajo;3;1994;Millennials;23523;Alicante;1,744;30;1;275;
CLI10312;F;Si;64;Si;Medico;+20annos;Medio;2;1960;Generacion X;43710;Valladolid;1,561;50;0;456;3
CLI10313;M;Si;68;No;Ejecutivo;+20annos;Bajo;2;1956;Generacion X;73987;Almeri­a;0,896;30;0;346;0,5
CLI10314;M;Si;87;Si;Negocios/empresa;+20annos;Alto;2;1937;Generacion Silenciosa;23986;Soria;1,424;30;0;300;
CLI10315;F;No;21;No;Funcionario;<10annos;Bajo;4;2003;Generacion Z;16653;Murcia;2,996;30;1;164;
CLI10316;F;No;36;No;Ingeniero;10-20annos;Bajo;1;1988;Millennials;28277;Cuenca;1,514;30;0;381;3
CLI10317;M;Si;40;Si;Artista;10-20annos;Medio;2;1984;Millennials;37963;La Corui±a;0,939;50;0;378;3
CLI10318;F;Si;32;Si;Funcionario;10-20annos;Bajo;2;1992;Millennials;26252;Las Palmas;0,962;30;0;296;
CLI10319;F;;31;No;Funcionario;<10annos;Bajo;3;1993;Millennials;25176;Vizcaya;1,629;30;1;363;0,5
CLI10320;F;No;24;No;Funcionario;<10annos;Bajo;4;2000;Generacion Z;21885;Pontevedra;1,512;30;0;532;4
CLI10321;M;No;23;No;Funcionario;<10annos;Bajo;3;2001;Generacion Z;12329;Cordoba;1,892;30;1;269;
CLI10322;M;No;24;No;Funcionario;<10annos;Bajo;3;2000;Generacion Z;19407;Tarragona;1,305;30;0;401;3
CLI10323;M;No;31;Si;Artista;<10annos;Bajo;3;1993;Millennials;28539;Melilla;1,836;30;0;510;4
CLI10324;F;Si;53;Si;Artista;+20annos;Medio;4;1971;Generacion X;93158;Madrid;0,759;80;0;293;
CLI10325;M;Si;53;Si;Medico;+20annos;Medio;2;1971;Generacion X;27604;Murcia;1,033;30;1;260;
CLI10326;M;Si;73;No;Servicios;+20annos;Bajo;3;1951;Generacion X;128917;Zaragoza;1,013;200;0;76;
CLI10327;F;Si;52;Si;Construccion;+20annos;Bajo;4;1972;Generacion X;44500;Melilla;1,756;30;1;319;0,5
CLI10328;F;Si;75;Si;Artista;+20annos;Alto;4;1949;Generacion X;59252;Santa Cruz de Tenerife;1,482;80;0;78;
CLI10329;M;Si;80;;Ejecutivo;+20annos;Alto;2;1944;Generacion Silenciosa;85936;Santa Cruz de Tenerife;0,564;120;1;219;
CLI10330;F;Si;65;No;Servicios;+20annos;Bajo;1;1959;Generacion X;117666;La Rioja;1,385;120;0;259;
CLI10331;M;Si;42;Si;Medico;+20annos;Medio;2;1982;Millennials;43645;Baleares;0,686;50;0;502;4
CLI10332;F;Si;84;No;Servicios;+20annos;Alto;2;1940;Generacion Silenciosa;21617;Cadiz;1,17;30;0;557;4
CLI10333;F;Si;44;Si;Ingeniero;+20annos;Bajo;2;1980;Generacion X;69106;LLeida;1,813;50;0;260;
CLI10334;F;Si;54;Si;Ingeniero;+20annos;Alto;2;1970;Generacion X;103305;Segovia;1,58;50;0;502;1
CLI10335;F;No;36;No;Construccion;10-20annos;Bajo;1;1988;Millennials;24610;Zaragoza;1,192;30;0;445;3
CLI10336;M;No;20;No;Funcionario;<10annos;Bajo;1;2004;Generacion Z;23484;Santa Cruz de Tenerife;2,444;30;0;578;4
CLI10337;F;Si;76;Si;Servicios;+20annos;Alto;2;1948;Generacion X;101575;Malaga;1,17;50;0;504;4
CLI10338;M;No;24;;Funcionario;<10annos;Bajo;5;2000;Generacion Z;21851;Murcia;1,685;30;0;260;
CLI10339;F;No;20;;Funcionario;<10annos;Bajo;3;2004;Generacion Z;22496;Tarragona;1,167;30;0;529;4
CLI10340;F;No;22;;Funcionario;<10annos;Bajo;4;2002;Generacion Z;17809;Granada;1,236;30;0;220;
CLI10341;M;Si;40;Si;Funcionario;10-20annos;Bajo;1;1984;Millennials;87912;Granada;1,353;50;0;343;0,5
CLI10342;F;Si;74;Si;Artista;+20annos;Medio;2;1950;Generacion X;76354;Vizcaya;1,697;50;0;216;
CLI10343;F;Si;41;Si;Artista;10-20annos;Medio;3;1983;Millennials;115319;Zamora;1,836;30;0;265;
CLI10344;F;No;29;No;Funcionario;<10annos;Bajo;1;1995;Millennials;19983;Sevilla;2,961;30;0;434;3
CLI10345;M;Si;56;Si;Medico;+20annos;Medio;4;1968;Generacion X;118388;La Rioja;1,463;80;1;215;
CLI10346;F;Si;74;Si;Servicios;+20annos;Bajo;2;1950;Generacion X;28328;ilava;0,622;30;0;111;
CLI10347;F;No;32;Si;Otros;10-20annos;Bajo;4;1992;Millennials;26294;Granada;0,939;30;0;262;
CLI10348;F;Si;84;Si;Servicios;+20annos;Bajo;2;1940;Generacion Silenciosa;124023;Segovia;1,404;50;0;198;
CLI10349;M;Si;95;Si;Servicios;+20annos;Bajo;1;1929;Generacion Silenciosa;61575;Burgos;0,857;50;0;321;0,5
CLI10350;F;Si;56;Si;Construccion;+20annos;Medio;2;1968;Generacion X;39653;Guipiºzcoa;0,994;50;0;384;3
CLI10351;M;Si;39;Si;Otros;10-20annos;Bajo;2;1985;Millennials;24059;Salamanca;1,813;30;1;233;
CLI10352;M;No;33;No;Medico;10-20annos;Bajo;2;1991;Millennials;24594;Caceres;1,468;30;0;323;0,5
CLI10353;M;Si;52;Si;Medico;+20annos;Medio;2;1972;Generacion X;66135;Valladolid;1,189;50;0;282;
CLI10354;M;Si;89;No;Servicios;+20annos;Bajo;1;1935;Generacion Silenciosa;33052;Malaga;1,306;30;1;386;3
CLI10355;F;Si;94;No;Servicios;+20annos;Bajo;1;1930;Generacion Silenciosa;61656;Santa Cruz de Tenerife;1,072;30;1;190;
CLI10356;M;;66;Si;Otros;+20annos;Medio;5;1958;Generacion X;70375;Badajoz;1,424;30;1;315;0,5
CLI10357;F;No;23;No;Funcionario;<10annos;Bajo;3;2001;Generacion Z;20031;LLeida;2,961;30;0;70;
CLI10358;F;;44;Si;Ingeniero;+20annos;Bajo;1;1980;Generacion X;48230;Burgos;1,974;50;0;143;
CLI10359;F;;39;Si;Construccion;10-20annos;Bajo;1;1985;Millennials;29671;Santa Cruz de Tenerife;1,192;30;0;589;4
CLI10360;F;;39;Si;Funcionario;10-20annos;Bajo;1;1985;Millennials;26551;La Rioja;0,962;30;1;230;
CLI10361;F;No;45;No;Ingeniero;+20annos;Bajo;1;1979;Generacion X;100639;Las Palmas;1,514;120;1;166;
CLI10362;M;No;20;No;Funcionario;<10annos;Bajo;3;2004;Generacion Z;12730;Cadiz;2,064;30;1;336;0,5
CLI10363;M;No;24;No;Funcionario;<10annos;Bajo;1;2000;Generacion Z;13388;Granada;13,395;30;0;256;
CLI10364;M;Si;67;Si;Artista;+20annos;Bajo;1;1957;Generacion X;63188;Guadalajara;1,424;50;0;405;1
CLI10365;M;No;25;No;Funcionario;<10annos;Bajo;3;1999;Generacion Z;23420;Salamanca;14,085;30;0;555;4
CLI10366;M;No;34;No;Funcionario;10-20annos;Bajo;5;1990;Millennials;29184;Madrid;1,146;30;0;424;3
CLI10367;M;Si;90;Si;Servicios;+20annos;Alto;2;1934;Generacion Silenciosa;49559;Guadalajara;1,697;50;0;344;0,5
CLI10368;M;Si;92;No;Ejecutivo;+20annos;Alto;2;1932;Generacion Silenciosa;91466;Huesca;1,111;120;0;320;0,5
CLI10369;M;Si;45;Si;Otros;+20annos;Bajo;2;1979;Generacion X;52405;Valladolid;0,87;50;1;251;
CLI10370;F;Si;73;Si;Artista;+20annos;Medio;2;1951;Generacion X;88719;Salamanca;1,287;50;1;158;
CLI10371;M;Si;63;Si;Artista;+20annos;Bajo;2;1961;Generacion X;92590;Cuenca;0,759;50;0;94;
CLI10372;M;No;22;No;Funcionario;<10annos;Bajo;4;2002;Generacion Z;12245;Badajoz;0,995;30;0;577;4
CLI10373;F;No;35;No;Construccion;10-20annos;Bajo;1;1989;Millennials;23227;Santa Cruz de Tenerife;1,468;30;1;314;0,5
CLI10374;F;No;32;No;Construccion;10-20annos;Bajo;1;1992;Millennials;28539;Caceres;1,008;30;0;122;
CLI10375;M;Si;40;Si;Ejecutivo;10-20annos;Alto;4;1984;Millennials;83643;Cordoba;1,468;30;1;291;
CLI10376;M;Si;42;Si;Otros;+20annos;Medio;3;1982;Millennials;127279;Santa Cruz de Tenerife;1,491;200;0;129;
CLI10377;F;Si;47;No;Medico;+20annos;Bajo;1;1977;Generacion X;120074;Vizcaya;1,658;120;0;527;4
CLI10378;F;No;46;No;Negocios/empresa;+20annos;Bajo;1;1978;Generacion X;118709;Teruel;0,896;120;0;459;3
CLI10379;F;Si;53;No;Construccion;+20annos;Bajo;1;1971;Generacion X;24508;Ciudad Real;1,443;30;0;469;3
CLI10380;M;Si;68;Si;Artista;+20annos;Bajo;1;1956;Generacion X;73780;ilava;0,818;50;0;164;
CLI10381;M;No;69;Si;Artista;+20annos;Bajo;2;1955;Generacion X;106026;Badajoz;1,541;50;1;102;
CLI10382;M;Si;66;Si;Otros;+20annos;Bajo;2;1958;Generacion X;82848;Cuenca;1,561;50;0;46;
CLI10383;M;Si;69;Si;Artista;+20annos;Bajo;2;1955;Generacion X;59472;Jaen;0,564;50;0;544;4
CLI10384;M;Si;68;Si;Otros;+20annos;Bajo;1;1956;Generacion X;44871;Zamora;0,759;50;0;583;4
CLI10385;M;Si;44;No;Ejecutivo;+20annos;Bajo;1;1980;Generacion X;38725;Las Palmas;0,801;30;0;389;3
CLI10386;M;Si;69;Si;Artista;+20annos;Medio;1;1955;Generacion X;55055;Vizcaya;0,915;50;1;131;
CLI10387;M;No;21;No;Funcionario;<10annos;Bajo;4;2003;Generacion Z;15699;Ceuta;1,754;30;1;199;
CLI10388;F;No;23;No;Construccion;<10annos;Bajo;1;2001;Generacion Z;19652;Melilla;1,926;30;0;534;4
CLI10389;M;No;23;No;Funcionario;<10annos;Bajo;1;2001;Generacion Z;20214;Albacete;1,995;30;0;433;3
CLI10390;M;No;24;No;Ingeniero;<10annos;Bajo;5;2000;Generacion Z;18397;Jaen;1,857;30;0;237;
CLI10391;M;Si;66;No;Servicios;+20annos;Alto;3;1958;Generacion X;40432;Pontevedra;1,287;30;1;196;
CLI10392;M;Si;65;Si;Artista;+20annos;Bajo;1;1959;Generacion X;59238;Cuenca;0,661;50;0;288;
CLI10393;M;Si;80;No;Servicios;+20annos;Alto;2;1944;Generacion Silenciosa;83409;Huesca;1,209;120;0;353;0,5
CLI10394;F;Si;57;Si;Artista;+20annos;Alto;3;1967;Generacion X;26840;Ciudad Real;0,915;30;0;228;
CLI10395;F;Si;73;No;Medico;+20annos;Medio;2;1951;Generacion X;75640;Pontevedra;1,209;120;0;249;
CLI10396;M;Si;67;No;Otros;+20annos;Bajo;4;1957;Generacion X;23819;Melilla;1,502;30;0;40;
CLI10397;F;Si;67;Si;Artista;+20annos;Bajo;1;1957;Generacion X;27640;Sevilla;1,326;30;1;377;3
CLI10398;F;Si;67;Si;Artista;+20annos;Medio;2;1957;Generacion X;35893;Pontevedra;1,248;50;0;452;3
CLI10399;M;Si;65;Si;Otros;+20annos;Medio;2;1959;Generacion X;43764;Gerona;1,619;50;0;108;
CLI10400;M;Si;56;Si;Artista;+20annos;Bajo;1;1968;Generacion X;25595;Huesca;1,443;30;0;68;
CLI10401;F;Si;40;Si;Construccion;10-20annos;Bajo;2;1984;Millennials;90551;Cadiz;1,79;50;1;397;3
CLI10402;M;No;78;Si;Ejecutivo;+20annos;Bajo;3;1946;Generacion X;58063;Navarra;1,463;80;0;472;1
CLI10403;M;Si;53;Si;Artista;+20annos;Medio;2;1971;Generacion X;117310;Guadalajara;1,737;50;0;78;
CLI10404;M;Si;47;Si;Otros;+20annos;Medio;2;1977;Generacion X;88018;Albacete;0,779;50;0;515;4
CLI10405;F;No;40;Si;Artista;10-20annos;Bajo;1;1984;Millennials;124766;Zaragoza;1,767;50;0;524;1
CLI10406;F;Si;63;No;Artista;+20annos;Medio;3;1961;Generacion X;23238;Barcelona;0,915;30;0;90;
CLI10407;M;No;36;Si;Funcionario;10-20annos;Bajo;3;1988;Millennials;27649;Salamanca;0,778;30;1;127;
CLI10408;F;No;34;Si;Artista;10-20annos;Bajo;6;1990;Millennials;25147;Albacete;1,744;30;1;289;
CLI10409;M;Si;63;Si;Artista;+20annos;Medio;3;1961;Generacion X;91504;Pontevedra;0,661;80;0;414;3
CLI10410;F;No;36;No;Construccion;10-20annos;Bajo;4;1988;Millennials;30143;ivila;1,1;30;1;221;
CLI10411;M;No;33;Si;Artista;10-20annos;Bajo;5;1991;Millennials;30493;Burgos;1,192;30;0;196;
CLI10412;M;Si;29;No;Medico;<10annos;Medio;2;1995;Millennials;19044;Lugo;2,34;30;1;144;
CLI10413;F;No;32;No;Ingeniero;10-20annos;Bajo;3;1992;Millennials;21787;Cuenca;1,859;30;0;238;
CLI10414;F;No;46;Si;Negocios/empresa;+20annos;Bajo;1;1978;Generacion X;69622;Madrid;1,463;50;0;216;
CLI10415;F;No;33;No;Medico;10-20annos;Bajo;5;1991;Millennials;21780;Toledo;0,663;30;1;216;
CLI10416;F;No;20;No;Ingeniero;<10annos;Bajo;5;2004;Generacion Z;19429;Santa Cruz de Tenerife;2,099;30;0;533;4
CLI10417;M;No;20;No;Funcionario;<10annos;Bajo;4;2004;Generacion Z;21331;Salamanca;2,858;30;0;198;
CLI10418;M;Si;88;No;Ejecutivo;+20annos;Alto;2;1936;Generacion Silenciosa;74403;Madrid;0,7;30;1;165;
CLI10419;M;No;39;No;Ingeniero;10-20annos;Bajo;2;1985;Millennials;23264;Valencia;1,951;30;0;504;4
CLI10420;M;Si;50;Si;Otros;+20annos;Medio;2;1974;Generacion X;58095;Burgos;0,798;50;0;443;3
CLI10421;M;No;46;Si;Ingeniero;+20annos;Bajo;1;1978;Generacion X;105312;Navarra;1,306;50;0;241;
CLI10422;F;Si;29;No;Funcionario;<10annos;Alto;2;1995;Millennials;19308;Alicante;1,961;30;0;580;4
CLI10423;M;Si;42;Si;Artista;+20annos;Bajo;2;1982;Millennials;88817;Las Palmas;1,008;50;0;173;
CLI10424;M;Si;45;Si;Artista;+20annos;Medio;7;1979;Generacion X;66930;Cadiz;0,985;30;0;569;4
CLI10425;M;No;50;Si;Otros;+20annos;Bajo;2;1974;Generacion X;54085;Baleares;0,876;50;1;301;0,5
CLI10426;M;Si;63;Si;Artista;+20annos;Bajo;1;1961;Generacion X;70002;Las Palmas;1,228;50;1;221;
CLI10427;F;No;36;Si;Funcionario;10-20annos;Bajo;4;1988;Millennials;18044;Cuenca;0,962;30;0;426;3
CLI10428;F;Si;56;Si;Artista;+20annos;Medio;2;1968;Generacion X;117681;Valladolid;1,365;50;0;427;3
CLI10429;M;Si;94;No;Ejecutivo;+20annos;Bajo;2;1930;Generacion Silenciosa;81867;Almeri­a;1,619;120;0;78;
CLI10430;F;No;33;No;Otros;10-20annos;Bajo;3;1991;Millennials;20653;Guipiºzcoa;1,146;30;0;334;0,5
CLI10431;M;Si;42;Si;Ingeniero;+20annos;Medio;3;1982;Millennials;51812;Teruel;1,537;30;0;513;4
CLI10432;M;Si;73;Si;Artista;+20annos;Bajo;1;1951;Generacion X;117871;Ceuta;1,619;50;0;397;1
CLI10433;M;No;44;Si;Artista;+20annos;Bajo;2;1980;Generacion X;55522;Santa Cruz de Tenerife;1,215;50;0;191;
CLI10434;M;Si;91;Si;Servicios;+20annos;Bajo;1;1933;Generacion Silenciosa;32643;Guadalajara;0,974;30;0;46;
CLI10435;M;Si;67;Si;Negocios/empresa;+20annos;Medio;3;1957;Generacion X;49700;Cuenca;0,681;30;1;330;0,5
CLI10436;M;Si;72;Si;Ejecutivo;+20annos;Alto;2;1952;Generacion X;49490;Huelva;1,58;50;1;305;0,5
CLI10437;M;Si;41;No;Negocios/empresa;10-20annos;Alto;4;1983;Millennials;114372;Lugo;1,077;30;0;318;0,5
CLI10438;M;Si;52;Si;Medico;+20annos;Bajo;1;1972;Generacion X;120051;Huelva;1,091;50;0;178;
CLI10439;M;Si;56;No;Otros;+20annos;Medio;4;1968;Generacion X;111201;Ceuta;1,678;30;0;187;
CLI10440;M;Si;80;No;Servicios;+20annos;Bajo;1;1944;Generacion Silenciosa;105613;Gerona;1,717;120;0;525;4
CLI10441;F;;54;No;Negocios/empresa;+20annos;Medio;3;1970;Generacion X;122133;Vizcaya;1,404;200;0;382;3
CLI10442;F;Si;80;Si;Ingeniero;+20annos;Bajo;2;1944;Generacion Silenciosa;94586;Vizcaya;1,385;50;0;207;
CLI10443;M;Si;41;No;Otros;10-20annos;Medio;4;1983;Millennials;76902;Vizcaya;1,491;30;1;273;
CLI10444;F;Si;61;Si;Ingeniero;+20annos;Bajo;1;1963;Generacion X;67143;Ciudad Real;0,896;50;0;591;4
CLI10445;F;No;35;No;Construccion;10-20annos;Bajo;1;1989;Millennials;18470;Gerona;0,709;30;0;267;
CLI10446;F;No;31;Si;Artista;<10annos;Bajo;3;1993;Millennials;21102;ilava;1,744;30;0;247;
CLI10447;F;No;55;No;Servicios;+20annos;Bajo;3;1969;Generacion X;104848;Sevilla;1,697;30;1;326;0,5
CLI10448;M;Si;42;Si;Otros;+20annos;Bajo;2;1982;Millennials;123506;Salamanca;0,985;50;0;199;
CLI10449;F;No;31;No;Construccion;<10annos;Bajo;1;1993;Millennials;24166;Vizcaya;1,882;30;1;116;
CLI10450;M;No;51;Si;Otros;+20annos;Bajo;1;1973;Generacion X;26294;Valencia;1,326;30;0;295;
CLI10451;F;Si;52;Si;Artista;+20annos;Bajo;1;1972;Generacion X;88108;Teruel;1,502;50;0;137;
CLI10452;M;Si;43;Si;Ejecutivo;+20annos;Alto;6;1981;Millennials;109376;LLeida;1,146;30;1;185;
CLI10453;F;No;29;No;Funcionario;<10annos;Bajo;1;1995;Millennials;25625;Barcelona;3,065;30;0;234;
CLI10454;F;Si;41;Si;Construccion;10-20annos;Alto;2;1983;Millennials;125012;Orense;0,778;50;0;549;4
CLI10455;M;Si;47;No;Servicios;+20annos;Medio;2;1977;Generacion X;106830;Alicante;0,72;120;1;331;0,5
CLI10456;F;No;30;No;Construccion;<10annos;Bajo;1;1994;Millennials;21568;Valencia;0,801;30;0;485;3
CLI10457;M;Si;76;Si;Artista;+20annos;Medio;1;1948;Generacion X;36701;Orense;1,697;50;1;176;
CLI10458;M;Si;52;Si;Artista;+20annos;Medio;2;1972;Generacion X;125576;Orense;0,857;50;0;121;
CLI10459;M;No;40;;Artista;10-20annos;Bajo;2;1984;Millennials;40418;Teruel;1,261;30;1;145;
CLI10460;M;Si;47;Si;Funcionario;+20annos;Bajo;3;1977;Generacion X;85009;Sevilla;1,346;80;1;310;0,5
CLI10461;M;Si;46;Si;Otros;+20annos;Medio;4;1978;Generacion X;49328;Madrid;0,583;30;0;105;
CLI10462;M;No;32;Si;Artista;10-20annos;Bajo;3;1992;Millennials;25193;Baleares;1,1;30;1;206;
CLI10463;F;Si;50;Si;Artista;+20annos;Alto;4;1974;Generacion X;107434;La Rioja;1,365;80;1;233;
CLI10464;M;Si;97;Si;Artista;+20annos;Bajo;2;1927;Generacion Silenciosa;111725;Cordoba;1,6;50;0;113;
CLI10465;F;No;36;Si;Ingeniero;10-20annos;Bajo;5;1988;Millennials;21312;Almeri­a;1,123;30;0;161;
CLI10466;M;Si;20;No;Medico;<10annos;Bajo;4;2004;Generacion Z;18887;Badajoz;2,961;30;0;452;3
CLI10467;F;Si;45;Si;Construccion;+20annos;Alto;2;1979;Generacion X;61690;Ciudad Real;1,008;50;0;494;3
CLI10468;F;No;31;Si;Medico;<10annos;Bajo;3;1993;Millennials;25340;Huesca;1,1;30;0;393;3
CLI10469;F;No;33;Si;Otros;10-20annos;Bajo;1;1991;Millennials;25099;Zaragoza;1,514;30;1;371;3
CLI10470;F;Si;87;Si;Servicios;+20annos;Alto;2;1937;Generacion Silenciosa;58773;Cadiz;1,6;50;0;372;1
CLI10471;F;No;30;Si;Artista;<10annos;Bajo;1;1994;Millennials;21166;Zaragoza;0,847;30;0;556;4
CLI10472;F;Si;58;Si;Ingeniero;+20annos;Medio;4;1966;Generacion X;99195;Burgos;0,896;80;0;510;4
CLI10473;F;No;47;Si;Artista;+20annos;Bajo;1;1977;Generacion X;59923;Burgos;1,502;50;0;146;
CLI10474;M;No;21;No;Funcionario;<10annos;Bajo;4;2003;Generacion Z;12753;Lugo;1,029;30;0;492;3
CLI10475;M;No;29;No;Otros;<10annos;Bajo;2;1995;Millennials;28506;Almeri­a;2,927;30;1;307;0,5
CLI10476;F;No;74;No;Artista;+20annos;Bajo;2;1950;Generacion X;36270;Burgos;11,305;30;0;60;
CLI10477;F;No;35;Si;Artista;10-20annos;Bajo;2;1989;Millennials;21226;Soria;1,491;30;0;406;3
CLI10478;F;No;29;No;Medico;<10annos;Bajo;4;1995;Millennials;29564;ivila;1,443;30;0;410;3
CLI10479;F;No;32;No;Ingeniero;10-20annos;Bajo;3;1992;Millennials;18558;Las Palmas;1,744;30;0;167;
CLI10480;F;No;36;Si;Artista;10-20annos;Bajo;1;1988;Millennials;19562;Valencia;0,985;30;0;258;
CLI10481;M;No;24;No;Medico;<10annos;Bajo;3;2000;Generacion Z;19438;Lugo;2,582;30;1;138;
CLI10482;F;No;30;No;Ingeniero;<10annos;Bajo;2;1994;Millennials;23536;Segovia;2,066;30;1;317;0,5
CLI10483;M;No;33;No;Funcionario;10-20annos;Bajo;4;1991;Millennials;20131;La Rioja;1,031;30;0;242;
CLI10484;M;No;28;No;Medico;<10annos;Bajo;4;1996;Millennials;22409;Santa Cruz de Tenerife;2,271;30;1;260;
CLI10485;F;No;35;No;Negocios/empresa;10-20annos;Bajo;1;1989;Millennials;25771;Valencia;1,169;30;0;466;3
CLI10486;M;Si;94;Si;Servicios;+20annos;Bajo;1;1930;Generacion Silenciosa;34110;Burgos;0,603;30;0;490;3
CLI10487;M;No;32;Si;Funcionario;10-20annos;Bajo;1;1992;Millennials;27354;Las Palmas;1,744;30;0;315;0,5
CLI10488;M;Si;62;Si;Servicios;+20annos;Bajo;4;1962;Generacion X;51112;Malaga;1,58;30;0;491;1
CLI10489;M;Si;57;Si;Artista;+20annos;Medio;3;1967;Generacion X;126166;Malaga;0,72;80;0;273;
CLI10490;F;No;28;No;Funcionario;<10annos;Bajo;5;1996;Millennials;21714;Melilla;1,685;30;1;234;
CLI10491;F;Si;72;Si;Artista;+20annos;Medio;2;1952;Generacion X;112228;Pontevedra;0,974;50;0;462;3
CLI10492;F;Si;54;Si;Artista;+20annos;Bajo;1;1970;Generacion X;53956;Zamora;0,759;50;0;137;
CLI10493;F;Si;80;No;Servicios;+20annos;Bajo;2;1944;Generacion Silenciosa;89701;Granada;1,209;120;0;332;0,5
CLI10494;M;Si;40;Si;Medico;10-20annos;Medio;2;1984;Millennials;34293;Ciudad Real;1,399;30;1;225;
CLI10495;F;No;40;Si;Ingeniero;10-20annos;Bajo;1;1984;Millennials;95251;Guadalajara;1,399;50;1;312;0,5
CLI10496;M;Si;78;Si;Servicios;+20annos;Alto;3;1946;Generacion X;39944;Sevilla;1,463;30;0;471;1
CLI10497;F;Si;61;Si;Artista;+20annos;Bajo;2;1963;Generacion X;102379;Valencia;1,013;50;1;304;0,5
CLI10498;M;Si;39;Si;Otros;10-20annos;Medio;2;1985;Millennials;26662;Cadiz;1,721;30;0;33;
CLI10499;M;Si;45;No;Artista;+20annos;Medio;2;1979;Generacion X;22763;Soria;0,709;30;0;478;3
CLI10500;M;No;46;Si;Artista;+20annos;Bajo;1;1978;Generacion X;117437;Baleares;0,564;50;0;568;4
CLI10501;M;Si;39;Si;Medico;10-20annos;Bajo;2;1985;Millennials;27977;Badajoz;1,928;30;0;156;
CLI10502;F;Si;53;Si;Artista;+20annos;Medio;2;1971;Generacion X;35033;Valladolid;0,837;50;0;506;4
CLI10503;F;Si;80;Si;Servicios;+20annos;Alto;2;1944;Generacion Silenciosa;81893;ilava;1,658;50;1;135;
CLI10504;F;No;44;Si;Medico;+20annos;Bajo;1;1980;Generacion X;78730;Navarra;1,445;50;1;317;0,5
CLI10505;F;No;32;Si;Funcionario;10-20annos;Bajo;6;1992;Millennials;24216;Cuenca;0,847;30;1;183;
CLI10506;M;;68;Si;Artista;+20annos;Medio;3;1956;Generacion X;75907;Valencia;1,189;80;0;106;
CLI10507;M;Si;98;Si;Servicios;+20annos;Bajo;2;1926;Generacion Silenciosa;28624;Huelva;0,798;30;0;277;
CLI10508;M;Si;95;Si;Servicios;+20annos;Bajo;1;1929;Generacion Silenciosa;22784;Salamanca;0,818;30;0;479;3
CLI10509;M;Si;42;Si;Artista;+20annos;Medio;3;1982;Millennials;30464;Pontevedra;1,33;30;1;258;
CLI10510;M;Si;50;Si;Ejecutivo;+20annos;Alto;4;1974;Generacion X;28363;Burgos;1,013;30;0;151;
CLI10511;M;No;29;No;Funcionario;<10annos;Bajo;4;1995;Millennials;23562;Huelva;2,927;30;0;264;
CLI10512;M;Si;61;Si;Servicios;+20annos;Bajo;2;1963;Generacion X;112411;Albacete;0,779;50;0;234;
CLI10513;F;Si;57;Si;Artista;+20annos;Medio;5;1967;Generacion X;90644;Badajoz;1,561;30;1;243;
CLI10514;M;Si;47;Si;Artista;+20annos;Medio;2;1977;Generacion X;117492;Malaga;1,326;50;1;288;
CLI10515;M;No;39;Si;Artista;10-20annos;Bajo;1;1985;Millennials;20668;ivila;0,755;30;0;112;
CLI10516;M;Si;80;Si;Servicios;+20annos;Bajo;2;1944;Generacion Silenciosa;61186;Segovia;1,17;50;0;392;3
CLI10517;M;No;45;Si;Artista;+20annos;Bajo;3;1979;Generacion X;27134;Ciudad Real;1,698;30;1;115;
CLI10518;M;No;30;Si;Funcionario;<10annos;Bajo;1;1994;Millennials;19533;Toledo;1,261;30;0;65;
CLI10519;M;Si;39;Si;Otros;10-20annos;Bajo;3;1985;Millennials;24080;Palencia;0,686;30;0;38;
CLI10520;F;Si;69;Si;Artista;+20annos;Medio;2;1955;Generacion X;92199;Barcelona;1,209;50;0;176;
CLI10521;M;No;45;Si;Servicios;+20annos;Bajo;1;1979;Generacion X;52875;Albacete;1,054;50;0;473;3
CLI10522;M;No;58;No;Artista;+20annos;Bajo;1;1966;Generacion X;34038;Badajoz;1,443;30;0;104;
CLI10523;M;No;46;No;Ingeniero;+20annos;Bajo;1;1978;Generacion X;44382;Valladolid;1,424;30;1;200;
CLI10524;F;Si;51;Si;Artista;+20annos;Medio;4;1973;Generacion X;38636;Barcelona;1,737;30;0;135;
CLI10525;M;Si;42;No;Otros;+20annos;Bajo;2;1982;Millennials;76714;Murcia;1,422;120;0;384;3
CLI10526;M;Si;28;Si;Medico;<10annos;Bajo;3;1996;Millennials;27490;Soria;1,581;30;0;131;
CLI10527;F;Si;44;Si;Artista;+20annos;Medio;3;1980;Generacion X;68481;Ceuta;1,468;30;0;308;0,5
CLI10528;F;Si;61;Si;Servicios;+20annos;Bajo;2;1963;Generacion X;86202;ivila;0,583;50;0;324;0,5
CLI10529;F;No;32;Si;Funcionario;10-20annos;Bajo;1;1992;Millennials;26221;Burgos;1,537;30;0;217;
CLI10530;F;Si;43;Si;Artista;+20annos;Bajo;1;1981;Millennials;56913;Almeri­a;0,732;50;1;295;
CLI10531;M;Si;55;No;Medico;+20annos;Medio;3;1969;Generacion X;48600;Badajoz;1,737;30;1;355;0,5
CLI10532;F;Si;67;Si;Artista;+20annos;Medio;2;1957;Generacion X;74141;Palencia;1,619;50;0;234;
CLI10533;M;Si;62;Si;Artista;+20annos;Bajo;1;1962;Generacion X;65253;Sevilla;0,681;50;0;392;3
CLI10534;M;No;44;Si;Otros;+20annos;Bajo;3;1980;Generacion X;121706;Teruel;1,997;200;0;58;
CLI10535;F;Si;95;Si;Servicios;+20annos;Alto;2;1929;Generacion Silenciosa;79997;Santa Cruz de Tenerife;0,955;50;0;496;3
CLI10536;M;No;30;No;Otros;<10annos;Bajo;3;1994;Millennials;29365;Palencia;1,997;30;0;460;3
CLI10537;M;No;39;Si;Artista;10-20annos;Bajo;1;1985;Millennials;20901;Madrid;1,836;30;0;466;1
CLI10538;M;Si;62;Si;Artista;+20annos;Medio;2;1962;Generacion X;45152;Ciudad Real;1,209;50;0;377;3
CLI10539;F;Si;40;Si;Artista;10-20annos;Bajo;2;1984;Millennials;41206;Soria;0,663;50;0;367;3
CLI10540;M;Si;35;No;Medico;10-20annos;Bajo;2;1989;Millennials;24139;Granada;1,238;30;0;302;0,5
CLI10541;F;Si;94;Si;Servicios;+20annos;Bajo;2;1930;Generacion Silenciosa;123268;La Rioja;1,287;50;0;485;1
CLI10542;F;Si;56;Si;Artista;+20annos;Bajo;1;1968;Generacion X;65975;Leon;0,7;50;0;466;3
CLI10543;F;No;45;Si;Artista;+20annos;Bajo;2;1979;Generacion X;97638;Orense;1,859;50;1;176;
CLI10544;M;Si;46;No;Ejecutivo;+20annos;Alto;4;1978;Generacion X;127233;Salamanca;1,443;200;0;120;
CLI10545;F;No;33;Si;Negocios/empresa;10-20annos;Bajo;6;1991;Millennials;24423;Toledo;1,721;30;1;130;
CLI10546;M;Si;46;Si;Ejecutivo;+20annos;Alto;5;1978;Generacion X;102677;Huesca;0,74;30;0;451;3
CLI10547;F;Si;46;Si;Artista;+20annos;Medio;3;1978;Generacion X;120572;Valencia;0,876;80;1;119;
CLI10548;F;No;28;No;Funcionario;<10annos;Bajo;5;1996;Millennials;22625;Cordoba;1,305;30;0;314;0,5
CLI10549;M;Si;66;Si;Ejecutivo;+20annos;Alto;4;1958;Generacion X;39046;Teruel;0,837;30;0;73;
CLI10550;M;No;20;No;Funcionario;<10annos;Bajo;5;2004;Generacion Z;16288;Zaragoza;2,478;30;0;586;4
CLI10551;M;Si;40;Si;Ejecutivo;10-20annos;Medio;4;1984;Millennials;103736;Pontevedra;1,836;30;0;241;
CLI10552;M;Si;54;Si;Artista;+20annos;Medio;2;1970;Generacion X;63983;Pontevedra;1,033;50;0;564;4
CLI10553;M;Si;46;Si;Ejecutivo;+20annos;Alto;3;1978;Generacion X;52011;Zamora;1,424;30;0;362;0,5
CLI10554;M;Si;46;No;Artista;+20annos;Medio;5;1978;Generacion X;50407;Navarra;0,837;30;1;186;
CLI10555;F;Si;43;Si;Otros;+20annos;Medio;2;1981;Millennials;35050;Huesca;0,709;50;0;80;
CLI10556;F;Si;68;Si;Medico;+20annos;Bajo;2;1956;Generacion X;77605;Pontevedra;1,6;50;0;394;1
CLI10557;M;Si;52;Si;Ejecutivo;+20annos;Alto;4;1972;Generacion X;40771;LLeida;1,326;30;0;91;
CLI10558;M;Si;43;Si;Artista;+20annos;Bajo;3;1981;Millennials;65176;Valencia;0,962;30;0;110;
CLI10559;F;Si;28;Si;Artista;<10annos;Alto;2;1996;Millennials;23063;Las Palmas;2,651;30;1;252;
CLI10560;F;No;30;Si;Artista;<10annos;Bajo;4;1994;Millennials;27537;Soria;1,997;30;1;226;
CLI10561;F;;34;No;Medico;10-20annos;Bajo;4;1990;Millennials;30505;ilava;1,652;30;0;464;3
CLI10562;M;Si;40;Si;Artista;10-20annos;Bajo;4;1984;Millennials;108663;Salamanca;1,123;30;0;509;4
CLI10563;M;Si;56;Si;Otros;+20annos;Bajo;3;1968;Generacion X;79837;Segovia;1,072;80;0;469;3
CLI10564;M;Si;69;Si;Otros;+20annos;Bajo;1;1955;Generacion X;74600;Tarragona;0,896;50;0;192;
CLI10565;M;No;44;Si;Artista;+20annos;Bajo;4;1980;Generacion X;75364;Pontevedra;1,882;30;0;526;1
CLI10566;M;No;24;No;Medico;<10annos;Bajo;1;2000;Generacion Z;22572;Castellon;2,616;30;1;379;3
CLI10567;M;Si;57;Si;Artista;+20annos;Bajo;1;1967;Generacion X;112843;Guadalajara;0,622;50;0;217;
CLI10568;M;Si;98;Si;Servicios;+20annos;Bajo;1;1926;Generacion Silenciosa;55906;LLeida;1,189;50;0;388;3
CLI10569;F;Si;72;No;Servicios;+20annos;Alto;3;1952;Generacion X;71809;Caceres;1,013;30;0;343;0,5
CLI10570;M;Si;53;Si;Artista;+20annos;Medio;4;1971;Generacion X;126087;Zaragoza;1,209;80;1;354;0,5
CLI10571;M;Si;53;Si;Funcionario;+20annos;Medio;4;1971;Generacion X;43938;Leon;1,033;30;1;240;
CLI10572;M;No;34;Si;Funcionario;10-20annos;Bajo;1;1990;Millennials;22483;Caceres;1,215;30;1;100;
CLI10573;F;Si;68;Si;Artista;+20annos;Medio;2;1956;Generacion X;60132;Pontevedra;1,365;50;0;585;4
CLI10574;M;Si;64;Si;Ejecutivo;+20annos;Medio;4;1960;Generacion X;48014;Tarragona;1,17;30;0;321;0,5
CLI10575;M;Si;66;Si;Artista;+20annos;Bajo;3;1958;Generacion X;81901;Santa Cruz de Tenerife;0,583;80;0;587;4
CLI10576;M;No;21;No;Funcionario;<10annos;Bajo;4;2003;Generacion Z;15486;ivila;1,512;30;0;321;0,5
CLI10577;M;No;20;No;Funcionario;<10annos;Bajo;1;2004;Generacion Z;17445;Navarra;1,823;30;0;100;
CLI10578;M;Si;53;Si;Medico;+20annos;Medio;3;1971;Generacion X;111466;Zaragoza;0,896;80;0;385;3
CLI10579;M;No;39;Si;Medico;10-20annos;Bajo;1;1985;Millennials;31915;Navarra;1,698;30;0;415;1
CLI10580;M;No;30;Si;Medico;<10annos;Bajo;3;1994;Millennials;18875;Granada;1,882;30;0;124;
CLI10581;M;Si;66;Si;Artista;+20annos;Medio;4;1958;Generacion X;107197;Pontevedra;1,385;80;1;310;0,5
CLI10582;M;No;35;No;Otros;10-20annos;Bajo;1;1989;Millennials;24763;Cadiz;1,1;30;0;399;3
CLI10583;M;Si;44;Si;Otros;+20annos;Bajo;2;1980;Generacion X;94351;Huesca;1,008;50;0;292;
CLI10584;F;No;28;Si;Funcionario;<10annos;Bajo;1;1996;Millennials;22220;Leon;1,961;30;0;215;
CLI10585;M;Si;46;No;Artista;+20annos;Bajo;5;1978;Generacion X;46576;Barcelona;1,228;30;1;395;3
CLI10586;M;No;29;No;Funcionario;<10annos;Bajo;8;1995;Millennials;25256;Segovia;1,443;30;0;512;4
CLI10587;M;No;30;Si;Ingeniero;<10annos;Bajo;1;1994;Millennials;23223;Albacete;1,054;30;0;330;0,5
CLI10588;M;No;46;No;Artista;+20annos;Bajo;4;1978;Generacion X;94833;ivila;1,717;30;1;139;
CLI10589;F;Si;85;Si;Servicios;+20annos;Bajo;1;1939;Generacion Silenciosa;99163;Salamanca;0,876;50;0;53;
CLI10590;M;Si;77;Si;Ejecutivo;+20annos;Bajo;1;1947;Generacion X;71019;Vizcaya;0,603;50;0;567;4
CLI10591;M;Si;40;No;Artista;10-20annos;Medio;2;1984;Millennials;54082;Sevilla;1,376;30;1;188;
CLI10592;M;Si;63;Si;Servicios;+20annos;Bajo;3;1961;Generacion X;105227;Alicante;0,974;80;0;425;3
CLI10593;M;Si;84;Si;Servicios;+20annos;Bajo;1;1940;Generacion Silenciosa;30508;Almeri­a;1,717;30;0;247;
CLI10594;M;Si;85;Si;Servicios;+20annos;Alto;2;1939;Generacion Silenciosa;36118;Burgos;0,857;50;0;236;
CLI10595;M;Si;57;Si;Artista;+20annos;Bajo;1;1967;Generacion X;70926;Huesca;1,033;50;0;506;4
CLI10596;F;No;39;Si;Artista;10-20annos;Bajo;1;1985;Millennials;27130;Malaga;1,606;30;0;571;1
CLI10597;M;Si;47;Si;Medico;+20annos;Medio;2;1977;Generacion X;29906;Orense;0,759;30;1;395;3
CLI10598;M;No;47;Si;Artista;+20annos;Bajo;1;1977;Generacion X;61766;Santa Cruz de Tenerife;1,052;50;0;142;
CLI10599;F;Si;68;Si;Artista;+20annos;Alto;4;1956;Generacion X;64840;Murcia;1,639;80;0;497;1
CLI10600;M;No;23;No;Funcionario;<10annos;Bajo;4;2001;Generacion Z;23481;Orense;2,72;30;0;584;4
CLI10601;M;No;25;No;Funcionario;<10annos;Bajo;4;1999;Generacion Z;24833;Soria;1,374;30;1;104;
CLI10602;M;Si;72;Si;Otros;+20annos;Medio;2;1952;Generacion X;84976;Albacete;1,326;50;0;417;3
CLI10603;M;Si;39;Si;Ejecutivo;10-20annos;Alto;4;1985;Millennials;23234;Vizcaya;1,445;30;0;519;1
CLI10604;M;Si;53;Si;Ejecutivo;+20annos;Alto;3;1971;Generacion X;99554;Huesca;0,935;80;0;133;
CLI10605;M;Si;36;No;Medico;10-20annos;Bajo;2;1988;Millennials;31199;Almeri­a;1,813;30;0;211;
CLI10606;M;Si;90;No;Servicios;+20annos;Alto;2;1934;Generacion Silenciosa;82558;Sevilla;0,994;120;0;281;
CLI10607;M;Si;50;No;Ejecutivo;+20annos;Alto;4;1974;Generacion X;50852;Cadiz;1,639;30;1;265;
CLI10608;M;No;62;No;Negocios/empresa;+20annos;Bajo;2;1962;Generacion X;91380;Gerona;1,697;120;1;243;
CLI10609;F;Si;54;Si;Artista;+20annos;Medio;4;1970;Generacion X;98186;Valladolid;1,267;80;0;251;
CLI10610;M;Si;33;Si;Funcionario;10-20annos;Alto;3;1991;Millennials;22880;Burgos;1,353;30;1;174;
CLI10611;M;No;41;Si;Funcionario;10-20annos;Bajo;3;1983;Millennials;36141;Caceres;1,031;30;0;155;
CLI10612;M;Si;56;No;Negocios/empresa;+20annos;Alto;6;1968;Generacion X;88881;Navarra;1,091;30;0;300;
CLI10613;M;Si;65;Si;Otros;+20annos;Alto;5;1959;Generacion X;99233;Santa Cruz de Tenerife;1,346;30;0;379;1
CLI10614;M;Si;62;Si;Ejecutivo;+20annos;Alto;2;1962;Generacion X;42496;Guipiºzcoa;0,583;50;0;236;
CLI10615;F;Si;32;Si;Medico;10-20annos;Medio;2;1992;Millennials;27985;ilava;0,709;30;0;385;3
CLI10616;M;Si;34;Si;Artista;10-20annos;Bajo;2;1990;Millennials;19157;Zaragoza;0,893;30;0;473;3
CLI10617;F;Si;39;Si;Artista;10-20annos;Medio;4;1985;Millennials;21547;Castellon;1,146;30;0;155;
CLI10618;M;Si;98;Si;Servicios;+20annos;Alto;2;1926;Generacion Silenciosa;79849;Lugo;1,561;50;0;71;
CLI10619;F;No;42;Si;Artista;+20annos;Bajo;4;1982;Millennials;102139;Valencia;1,698;30;0;431;1
CLI10620;M;Si;50;Si;Ejecutivo;+20annos;Alto;3;1974;Generacion X;76567;Tarragona;1,6;80;0;530;1
CLI10621;M;No;41;Si;Otros;10-20annos;Bajo;1;1983;Millennials;22115;Palencia;1,606;30;0;443;1
CLI10622;M;Si;81;No;Ejecutivo;+20annos;Bajo;7;1943;Generacion Silenciosa;68219;La Corui±a;1,091;30;1;358;0,5
CLI10623;M;Si;90;Si;Servicios;+20annos;Alto;2;1934;Generacion Silenciosa;126852;Huelva;1,58;50;0;352;0,5
CLI10624;M;Si;58;Si;Artista;+20annos;Alto;4;1966;Generacion X;30259;Granada;1,658;30;0;172;
CLI10625;F;Si;47;No;Ingeniero;+20annos;Alto;5;1977;Generacion X;95968;Teruel;0,72;30;1;248;
CLI10626;M;Si;68;Si;Otros;+20annos;Medio;6;1956;Generacion X;70175;Burgos;1,717;30;0;374;3
CLI10627;M;Si;62;No;Ejecutivo;+20annos;Alto;3;1962;Generacion X;51144;ilava;1,189;30;0;461;3
CLI10628;M;Si;97;Si;Servicios;+20annos;Alto;2;1927;Generacion Silenciosa;118452;Barcelona;1,463;50;0;407;1
CLI10629;M;No;31;Si;Medico;<10annos;Bajo;2;1993;Millennials;22769;Alicante;0,801;30;0;193;
CLI10630;F;Si;56;Si;Otros;+20annos;Medio;2;1968;Generacion X;24255;Ciudad Real;1,737;30;0;570;4
CLI10631;F;Si;66;No;Artista;+20annos;Medio;4;1958;Generacion X;113888;Huelva;0,583;30;0;600;4
CLI10632;M;No;21;No;Funcionario;<10annos;Bajo;3;2003;Generacion Z;13362;Palencia;2,961;30;0;574;4
CLI10633;M;No;25;No;Funcionario;<10annos;Bajo;3;1999;Generacion Z;28951;Palencia;2,444;30;0;425;3
CLI10634;M;No;22;No;Funcionario;<10annos;Bajo;9;2002;Generacion Z;14231;Madrid;2,927;30;0;110;
CLI10635;F;No;55;Si;Artista;+20annos;Bajo;1;1969;Generacion X;34393;Guipiºzcoa;1,228;30;1;303;0,5
CLI10636;F;No;23;No;Negocios/empresa;<10annos;Bajo;4;2001;Generacion Z;12593;Leon;2,858;30;0;441;3
CLI10637;M;Si;68;Si;Medico;+20annos;Medio;2;1956;Generacion X;25693;Huelva;1,267;30;0;262;
CLI10638;F;No;40;Si;Medico;10-20annos;Bajo;1;1984;Millennials;52548;Burgos;1,445;50;0;402;1
CLI10639;F;No;34;No;Negocios/empresa;10-20annos;Bajo;2;1990;Millennials;19027;Segovia;0,893;30;1;175;
CLI10640;M;Si;57;Si;Medico;+20annos;Medio;3;1967;Generacion X;111649;Valladolid;1,737;80;0;449;3
CLI10641;M;No;22;No;Funcionario;<10annos;Bajo;5;2002;Generacion Z;19646;ivila;1,581;30;1;397;3
CLI10642;F;No;25;No;Servicios;<10annos;Bajo;2;1999;Generacion Z;23005;Guadalajara;2,892;30;0;404;3
CLI10643;F;Si;53;Si;Artista;+20annos;Alto;5;1971;Generacion X;34392;La Rioja;0,564;30;1;225;
CLI10644;F;Si;44;Si;Otros;+20annos;Medio;2;1980;Generacion X;24063;Malaga;0,87;30;1;153;
CLI10645;M;Si;61;Si;Artista;+20annos;Alto;2;1963;Generacion X;107029;ilava;1,482;50;0;388;1
CLI10646;F;Si;68;Si;Artista;+20annos;Medio;2;1956;Generacion X;31989;Sevilla;1,678;30;0;209;
CLI10647;M;No;53;Si;Artista;+20annos;Bajo;1;1971;Generacion X;116228;Orense;0,974;50;0;464;3
CLI10648;M;Si;40;Si;Otros;10-20annos;Bajo;2;1984;Millennials;67872;Santa Cruz de Tenerife;0,916;50;1;195;
CLI10649;F;Si;80;Si;Artista;+20annos;Bajo;2;1944;Generacion Silenciosa;61337;Guadalajara;0,74;50;0;285;
CLI10650;F;No;25;No;Negocios/empresa;<10annos;Bajo;8;1999;Generacion Z;18158;Lugo;2,927;30;0;144;
CLI10651;F;Si;28;Si;Artista;<10annos;Medio;2;1996;Millennials;30214;Valladolid;1,029;30;0;292;
CLI10652;M;Si;66;Si;Artista;+20annos;Medio;2;1958;Generacion X;37090;Guipiºzcoa;1,385;50;0;202;
CLI10653;M;No;41;Si;Artista;10-20annos;Bajo;1;1983;Millennials;64165;Burgos;0,663;50;0;185;
CLI10654;F;Si;43;Si;Medico;+20annos;Bajo;1;1981;Millennials;95419;La Rioja;1,468;50;1;318;0,5
CLI10655;F;No;43;Si;Artista;+20annos;Bajo;1;1981;Millennials;129130;Madrid;1,606;50;0;305;0,5
CLI10656;M;Si;64;Si;Artista;+20annos;Bajo;2;1960;Generacion X;71218;Murcia;1,404;50;0;379;1
CLI10657;F;No;36;Si;Otros;10-20annos;Bajo;1;1988;Millennials;27181;Santa Cruz de Tenerife;1,629;30;1;193;
CLI10658;F;No;32;No;Artista;10-20annos;Bajo;4;1992;Millennials;26625;Caceres;0,824;30;1;333;0,5
CLI10659;F;Si;73;Si;Servicios;+20annos;Alto;2;1951;Generacion X;77845;ivila;15,215;50;0;63;
CLI10660;F;No;44;Si;Artista;+20annos;Bajo;1;1980;Generacion X;91122;Soria;1,422;50;0;358;0,5
CLI10661;F;Si;73;Si;Otros;+20annos;Alto;2;1951;Generacion X;96635;Ciudad Real;1,385;50;0;422;1
CLI10662;F;Si;55;Si;Artista;+20annos;Alto;2;1969;Generacion X;21109;Santa Cruz de Tenerife;1,17;30;0;37;
CLI10663;F;Si;56;Si;Artista;+20annos;Alto;4;1968;Generacion X;80012;Sevilla;1,58;80;0;498;1
CLI10664;F;Si;55;Si;Artista;+20annos;Medio;2;1969;Generacion X;26811;Vizcaya;0,779;30;1;262;
CLI10665;F;No;43;Si;Artista;+20annos;Bajo;1;1981;Millennials;32670;Burgos;1,445;30;1;127;
CLI10666;F;Si;51;Si;Artista;+20annos;Medio;2;1973;Generacion X;86294;Melilla;1,482;50;1;147;
CLI10667;M;No;32;No;Medico;10-20annos;Bajo;4;1992;Millennials;28545;Granada;0,939;30;0;550;4
CLI10668;F;No;32;Si;Medico;10-20annos;Bajo;5;1992;Millennials;22971;Burgos;1,537;30;0;287;
CLI10669;M;No;25;No;Medico;<10annos;Bajo;5;1999;Generacion Z;26963;Huesca;0,995;30;0;352;0,5
CLI10670;M;Si;63;Si;Artista;+20annos;Medio;2;1961;Generacion X;85277;Teruel;0,974;50;0;129;
CLI10671;F;No;34;Si;Funcionario;10-20annos;Bajo;4;1990;Millennials;20892;Murcia;1,813;30;0;266;
CLI10672;F;Si;76;Si;Artista;+20annos;Bajo;1;1948;Generacion X;83009;ilava;1,424;50;0;154;
CLI10673;F;No;31;Si;Otros;<10annos;Bajo;4;1993;Millennials;24081;Soria;1,813;30;0;177;
CLI10674;F;No;34;Si;Artista;10-20annos;Bajo;1;1990;Millennials;18218;Leon;1,974;30;0;285;
CLI10675;M;Si;41;Si;Ejecutivo;10-20annos;Alto;3;1983;Millennials;29146;Las Palmas;0,939;30;0;186;
CLI10676;M;Si;64;Si;Funcionario;+20annos;Bajo;4;1960;Generacion X;80259;Baleares;1,58;80;0;581;1
CLI10677;M;Si;53;Si;Artista;+20annos;Bajo;1;1971;Generacion X;88925;La Corui±a;0,72;50;0;519;4
CLI10678;F;No;20;No;Medico;<10annos;Bajo;4;2004;Generacion Z;18348;Guadalajara;2,547;30;0;139;
CLI10679;F;No;30;Si;Funcionario;<10annos;Bajo;4;1994;Millennials;18816;Albacete;1,307;30;0;132;
CLI10680;M;No;33;Si;Medico;10-20annos;Bajo;6;1991;Millennials;20012;Palencia;1,422;30;0;179;
CLI10681;F;Si;40;Si;Artista;10-20annos;Medio;2;1984;Millennials;76934;La Rioja;1,146;50;0;573;4
CLI10682;M;Si;50;Si;Otros;+20annos;Medio;2;1974;Generacion X;31243;Madrid;1,6;30;0;314;0,5
CLI10683;F;No;29;No;Funcionario;<10annos;Bajo;4;1995;Millennials;27743;Las Palmas;1,823;30;0;283;
CLI10684;F;No;25;No;Funcionario;<10annos;Bajo;3;1999;Generacion Z;24507;Ciudad Real;2,133;30;0;455;3
CLI10685;F;No;46;Si;Artista;+20annos;Bajo;1;1978;Generacion X;81573;Alicante;1,346;50;0;386;1
CLI10686;M;Si;51;Si;Otros;+20annos;Bajo;1;1973;Generacion X;40205;Toledo;1,189;50;1;255;
CLI10687;F;No;30;No;Negocios/empresa;<10annos;Bajo;4;1994;Millennials;23621;Barcelona;2,043;30;1;195;
CLI10688;F;Si;46;Si;Artista;+20annos;Bajo;2;1978;Generacion X;49291;Murcia;0,935;50;0;266;
CLI10689;F;No;21;No;Funcionario;<10annos;Bajo;3;2003;Generacion Z;18472;Santa Cruz de Tenerife;2,099;30;0;427;3
CLI10690;M;No;23;No;Funcionario;<10annos;Bajo;4;2001;Generacion Z;19380;Santa Cruz de Tenerife;2,34;30;1;336;0,5
CLI10691;F;No;39;Si;Otros;10-20annos;Bajo;2;1985;Millennials;28383;Murcia;1,445;30;1;135;
CLI10692;M;No;32;No;Funcionario;10-20annos;Bajo;4;1992;Millennials;23562;Las Palmas;1,721;30;1;199;
CLI10693;F;No;39;Si;Medico;10-20annos;Bajo;1;1985;Millennials;22760;Palencia;0,686;30;0;412;3
CLI10694;F;No;58;Si;Otros;+20annos;Bajo;2;1966;Generacion X;46963;Salamanca;1,248;50;1;310;0,5
CLI10695;M;Si;52;Si;Ejecutivo;+20annos;Alto;5;1972;Generacion X;99797;Baleares;1,561;30;1;230;
CLI10696;F;No;47;Si;Funcionario;+20annos;Bajo;3;1977;Generacion X;40875;Barcelona;0,994;30;0;435;3
CLI10697;F;Si;67;Si;Artista;+20annos;Alto;2;1957;Generacion X;71322;Madrid;1,619;50;1;336;0,5
CLI10698;M;Si;33;Si;Construccion;10-20annos;Bajo;2;1991;Millennials;27655;Madrid;1,997;30;1;245;
CLI10699;M;No;35;Si;Artista;10-20annos;Bajo;5;1989;Millennials;19156;Madrid;1,445;30;0;124;
CLI10700;F;No;30;Si;Medico;<10annos;Bajo;3;1994;Millennials;23421;Madrid;0,755;30;0;237;
CLI10701;F;Si;35;No;Ingeniero;10-20annos;Bajo;3;1989;Millennials;31172;Madrid;1,123;30;0;423;3
CLI10702;F;Si;30;No;Funcionario;<10annos;Bajo;1;1985;Millennials;28214;Madrid;2,02;30;0;245;
CLI10703;M;No;30;Si;Negocios/empresa;<10annos;Bajo;2;1994;Millennials;18167;Madrid;1,974;30;1;254;
CLI10704;M;No;46;Si;Artista;+20annos;Bajo;2;1978;Generacion X;97877;Madrid;1,365;50;1;157;
CLI10705;F;Si;35;Si;Artista;10-20annos;Medio;2;1989;Millennials;20194;Madrid;2,066;30;0;539;4
CLI10706;M;Si;52;Si;Artista;+20annos;Medio;2;1972;Generacion X;90054;Madrid;1,091;50;0;222;
CLI10707;M;Si;57;Si;Ejecutivo;+20annos;Bajo;4;1967;Generacion X;63230;Madrid;0,818;80;0;402;3
CLI10708;F;Si;80;Si;Servicios;+20annos;Bajo;1;1927;Generacion Silenciosa;96248;Madrid;1,658;50;0;432;1
CLI10709;F;No;28;Si;Ingeniero;<10annos;Bajo;2;1996;Millennials;30592;Madrid;1,65;30;0;208;
CLI10710;F;Si;35;Si;Construccion;10-20annos;Alto;2;1989;Millennials;23416;Madrid;1,468;30;0;114;
CLI10711;F;No;69;Si;Artista;+20annos;Bajo;1;1955;Generacion X;83153;Madrid;1,541;50;1;242;
CLI10712;M;No;29;No;Medico;<10annos;Bajo;1;1995;Millennials;23117;Madrid;1,581;30;0;527;4
CLI10713;F;Si;22;Si;Construccion;<10annos;Bajo;1;1981;Millennials;27520;Madrid;2,582;30;0;232;
CLI10714;F;No;41;Si;Otros;10-20annos;Bajo;2;1983;Millennials;34107;Madrid;1,399;30;0;506;1
CLI10715;M;No;25;No;Funcionario;<10annos;Bajo;3;1999;Generacion Z;26881;Madrid;1,823;30;0;84;
CLI10716;F;Si;68;No;Medico;+20annos;Medio;5;1956;Generacion X;70584;Madrid;0,642;30;0;514;4
CLI10717;M;No;58;Si;Medico;+20annos;Bajo;1;1966;Generacion X;47767;Madrid;0,759;50;0;85;
CLI10718;M;Si;28;Si;Ejecutivo;<10annos;Alto;4;1967;Generacion X;122965;Madrid;1,616;200;0;203;
CLI10719;F;No;24;No;Funcionario;<10annos;Bajo;6;2000;Generacion Z;12818;Madrid;2,099;30;1;120;
CLI10720;M;Si;20;No;Ejecutivo;<10annos;Medio;1;2004;Generacion Z;21079;Madrid;1,685;30;0;456;3
CLI10721;F;Si;41;Si;Medico;10-20annos;Medio;2;1983;Millennials;90995;Madrid;1,215;50;0;79;
CLI10722;F;Si;43;No;Artista;+20annos;Medio;3;1981;Millennials;55359;Madrid;1,744;30;0;600;4
CLI10723;M;Si;92;No;Servicios;+20annos;Bajo;1;1932;Generacion Silenciosa;102218;Madrid;1,189;120;1;231;
CLI10724;M;No;45;No;Funcionario;+20annos;Bajo;2;2001;Generacion Z;14617;Madrid;1,79;30;0;550;4
CLI10725;F;No;44;Si;Artista;+20annos;Bajo;1;1980;Generacion X;24350;Madrid;1,928;30;1;293;
CLI10726;M;No;33;Si;Funcionario;10-20annos;Bajo;3;1991;Millennials;30153;Madrid;0,847;30;0;384;3
CLI10727;M;Si;67;Si;Artista;+20annos;Medio;3;1966;Generacion X;95528;Madrid;0,818;80;0;472;3
CLI10728;M;Si;55;Si;Artista;+20annos;Bajo;1;1969;Generacion X;30312;Madrid;1,111;30;0;417;3
CLI10729;F;No;35;Si;Artista;10-20annos;Bajo;3;1989;Millennials;24361;Madrid;2,043;30;0;272;
CLI10730;M;Si;74;No;Artista;+20annos;Bajo;1;1950;Generacion X;83459;Madrid;1,541;120;1;178;
CLI10731;F;No;24;No;Funcionario;<10annos;Bajo;3;2000;Generacion Z;21143;Madrid;2,064;30;1;279;
CLI10732;M;Si;77;No;Artista;+20annos;Medio;2;1957;Generacion X;128644;Madrid;0,661;120;0;219;
CLI10733;M;Si;73;No;Otros;+20annos;Medio;2;1951;Generacion X;26802;Madrid;1,228;30;0;204;
CLI10734;F;Si;37;No;Servicios;10-20annos;Bajo;1;1989;Millennials;20648;Madrid;1,422;30;0;162;
CLI10735;F;No;69;Si;Funcionario;+20annos;Bajo;1;1955;Generacion X;104637;Madrid;0,935;50;1;147;
CLI10736;M;Si;45;Si;Artista;+20annos;Medio;2;1979;Generacion X;26422;Madrid;2,02;30;0;568;4
CLI10737;M;No;30;Si;Servicios;<10annos;Bajo;3;1994;Millennials;19121;Madrid;1,905;30;1;254;
CLI10738;M;No;21;No;Negocios/empresa;<10annos;Bajo;4;2003;Generacion Z;18413;Madrid;1,961;30;1;138;
CLI10739;M;Si;23;Si;Otros;<10annos;Medio;2;1962;Generacion X;75860;Madrid;1,616;30;1;203;
CLI10740;M;Si;55;Si;Artista;+20annos;Bajo;2;1969;Generacion X;81523;Madrid;1,111;50;1;213;
CLI10741;M;No;43;Si;Medico;+20annos;Bajo;1;1981;Millennials;48883;Madrid;2,043;50;0;119;
CLI10742;M;Si;40;Si;Artista;10-20annos;Medio;2;1984;Millennials;75913;Madrid;1,284;50;0;485;3
CLI10743;M;No;25;No;Funcionario;<10annos;Bajo;4;1999;Generacion Z;27570;Madrid;2,133;30;0;217;
CLI10744;F;Si;80;No;Servicios;+20annos;Alto;3;1944;Generacion Silenciosa;100069;Madrid;0,915;30;1;227;
CLI10745;M;No;54;Si;Medico;+20annos;Bajo;1;1970;Generacion X;54183;Madrid;1,189;50;0;163;
CLI10746;M;No;20;No;Funcionario;<10annos;Bajo;4;2004;Generacion Z;13165;Madrid;3,065;30;0;127;
CLI10747;M;No;56;No;Negocios/empresa;+20annos;Bajo;4;1988;Millennials;20246;Madrid;0,681;30;0;396;3
CLI10748;F;No;32;No;Funcionario;10-20annos;Bajo;3;1992;Millennials;24021;Madrid;1,767;30;0;526;4
CLI10749;F;Si;52;Si;Medico;+20annos;Medio;4;1972;Generacion X;89349;Madrid;1,58;80;1;139;
CLI10750;F;No;25;No;Funcionario;<10annos;Bajo;3;1999;Generacion Z;30485;Madrid;1,685;30;0;217;
CLI10751;F;No;33;No;Ingeniero;10-20annos;Bajo;3;1991;Millennials;30958;Madrid;1,422;30;0;129;
CLI10752;F;Si;29;No;Ingeniero;<10annos;Bajo;2;1995;Millennials;28710;Madrid;1,754;30;0;158;
CLI10753;M;Si;84;Si;Servicios;+20annos;Alto;2;1940;Generacion Silenciosa;22732;Madrid;1,248;30;0;389;1
CLI10754;M;No;34;Si;Otros;10-20annos;Bajo;1;1988;Millennials;18461;Madrid;0,778;30;0;265;
CLI10755;M;No;35;Si;Funcionario;10-20annos;Bajo;4;1989;Millennials;24756;Madrid;1,192;30;0;179;
CLI10756;M;Si;43;No;Otros;+20annos;Medio;4;1981;Millennials;123160;Madrid;1,353;200;0;489;3
CLI10757;M;Si;74;Si;Artista;+20annos;Medio;2;1950;Generacion X;24370;Madrid;1,639;30;1;364;0,5
CLI10758;M;Si;56;Si;Ingeniero;+20annos;Bajo;2;1968;Generacion X;78829;Madrid;1,404;50;0;280;
CLI10759;M;No;46;Si;Artista;+20annos;Bajo;1;1978;Generacion X;109151;Madrid;0,622;50;0;239;
CLI10760;F;Si;38;Si;Artista;10-20annos;Bajo;2;1993;Millennials;20625;Madrid;1,376;30;1;196;
CLI10761;F;No;29;No;Negocios/empresa;<10annos;Bajo;4;1995;Millennials;24904;Madrid;2,616;30;0;151;
CLI10762;F;No;41;Si;Servicios;10-20annos;Bajo;2;1983;Millennials;108217;Madrid;1,974;50;0;188;
CLI10763;F;No;33;No;Funcionario;10-20annos;Bajo;1;1991;Millennials;20776;Madrid;1,031;30;0;136;
CLI10764;F;Si;62;Si;Otros;+20annos;Medio;2;1962;Generacion X;54366;Madrid;1,717;50;1;276;
CLI10765;M;Si;54;Si;Ejecutivo;+20annos;Alto;4;1970;Generacion X;82129;Madrid;0,779;80;0;131;
CLI10766;F;Si;67;No;Ingeniero;+20annos;Medio;2;1957;Generacion X;94789;Madrid;1,033;120;0;538;4
CLI10767;F;No;80;Si;Artista;+20annos;Bajo;1;1944;Generacion Silenciosa;31747;Madrid;1,463;30;0;581;1
CLI10768;M;Si;45;Si;Artista;+20annos;Bajo;2;1979;Generacion X;27030;Madrid;1,169;30;0;556;4
CLI10769;F;No;33;Si;Ingeniero;10-20annos;Bajo;3;1991;Millennials;30811;Madrid;1,123;30;0;52;
CLI10770;F;No;43;Si;Otros;+20annos;Bajo;1;1981;Millennials;57796;Madrid;1,629;50;0;413;1
CLI10771;F;Si;39;Si;Artista;10-20annos;Bajo;2;1985;Millennials;21619;Madrid;1,238;30;0;302;0,5
CLI10772;M;Si;58;No;Artista;+20annos;Medio;6;1966;Generacion X;55681;Madrid;0,798;30;1;118;
CLI10773;M;Si;55;Si;Artista;+20annos;Medio;2;1969;Generacion X;45779;Madrid;1,639;50;0;191;
CLI10774;F;Si;56;No;Funcionario;+20annos;Alto;3;1968;Generacion X;99304;Madrid;1,15;30;0;465;3
CLI10775;M;Si;91;Si;Ejecutivo;+20annos;Alto;2;1933;Generacion Silenciosa;86934;Madrid;1,561;50;0;451;1
CLI10776;M;Si;50;Si;Artista;+20annos;Bajo;4;1974;Generacion X;31107;Madrid;0,798;30;1;375;3
CLI10777;M;No;30;No;Funcionario;<10annos;Bajo;5;1994;Millennials;25259;Madrid;1,974;30;0;238;
CLI10778;M;Si;39;Si;Ejecutivo;10-20annos;Medio;4;1985;Millennials;28073;Madrid;1,284;30;0;459;3
CLI10779;M;No;20;No;Funcionario;<10annos;Bajo;3;2004;Generacion Z;13838;Madrid;2,996;30;0;233;
CLI10780;M;Si;46;No;Otros;+20annos;Medio;4;1978;Generacion X;85554;Madrid;1,033;30;0;186;
CLI10781;F;Si;51;No;Construccion;+20annos;Bajo;1;1973;Generacion X;74192;Madrid;1,189;30;0;442;3
CLI10782;M;No;57;Si;Artista;+20annos;Bajo;3;1967;Generacion X;43290;Madrid;1,619;30;0;77;
CLI10783;M;Si;51;No;Artista;+20annos;Bajo;4;1973;Generacion X;29737;Madrid;1,306;30;0;294;
CLI10784;M;No;32;;Otros;10-20annos;Bajo;9;1992;Millennials;28697;Madrid;1,031;30;1;216;
CLI10785;M;Si;67;Si;Artista;+20annos;Bajo;2;1957;Generacion X;68965;Madrid;0,876;50;1;177;
CLI10786;F;No;28;Si;Artista;<10annos;Bajo;1;1996;Millennials;21436;Madrid;2,306;30;1;200;
CLI10787;M;No;55;Si;Artista;+20annos;Bajo;1;1969;Generacion X;78948;Madrid;0,564;50;0;121;
CLI10788;F;No;56;Si;Servicios;+20annos;Bajo;1;1968;Generacion X;66038;Madrid;1,091;50;0;396;3
CLI10789;F;No;33;No;Ingeniero;10-20annos;Bajo;5;1991;Millennials;22463;Madrid;1,077;30;0;47;
CLI10790;M;No;20;No;Otros;<10annos;Bajo;4;2004;Generacion Z;16031;Madrid;12,015;30;0;281;
CLI10791;M;No;41;Si;Artista;10-20annos;Bajo;1;1983;Millennials;102459;Madrid;1,675;50;0;567;1
CLI10792;F;No;55;Si;Artista;+20annos;Bajo;1;1969;Generacion X;59452;Madrid;0,779;50;0;352;0,5
CLI10793;M;Si;56;Si;Ejecutivo;+20annos;Alto;4;1968;Generacion X;57525;Madrid;0,681;80;0;509;4
CLI10794;M;No;21;No;Funcionario;<10annos;Bajo;4;2003;Generacion Z;13780;Madrid;1,443;30;0;208;
CLI10795;F;Si;47;Si;Medico;+20annos;Bajo;1;1977;Generacion X;67531;Madrid;1,404;50;0;398;1
CLI10796;M;No;24;No;Funcionario;<10annos;Bajo;1;2000;Generacion Z;21340;Madrid;12,015;30;0;95;
CLI10797;M;No;31;Si;Funcionario;<10annos;Bajo;3;1993;Millennials;25774;Madrid;1,376;30;0;192;
CLI10798;F;No;32;No;Artista;10-20annos;Bajo;6;1992;Millennials;31095;Madrid;1,33;30;1;167;
CLI10799;M;Si;51;Si;Artista;+20annos;Bajo;1;1973;Generacion X;71111;Madrid;0,915;50;0;304;0,5
CLI10800;F;No;46;Si;Artista;+20annos;Bajo;1;1978;Generacion X;118705;Madrid;0,837;50;1;313;0,5
CLI10801;M;Si;95;No;Servicios;+20annos;Bajo;1;1929;Generacion Silenciosa;42398;Madrid;1,346;30;0;540;4
CLI10802;M;No;25;No;Funcionario;<10annos;Bajo;5;1999;Generacion Z;23873;Madrid;2,789;30;1;242;
CLI10803;F;No;35;Si;Funcionario;10-20annos;Bajo;1;1989;Millennials;22751;Madrid;1,675;30;0;212;
CLI10804;M;No;34;No;Funcionario;10-20annos;Bajo;5;1990;Millennials;29184;Madrid;1,836;30;1;210;
CLI10805;F;No;46;Si;Negocios/empresa;+20annos;Bajo;1;1978;Generacion X;69622;Madrid;1,189;50;0;363;0,5
CLI10806;M;Si;46;Si;Otros;+20annos;Medio;4;1978;Generacion X;49328;Madrid;1,346;30;0;140;
CLI10807;F;No;43;Si;Artista;+20annos;Bajo;1;1981;Millennials;129130;Madrid;1,537;50;0;396;1
